  1.6672220e+003  0.0000000e+000
  1.6677790e+003  0.0000000e+000
  1.6683350e+003  0.0000000e+000
  1.6688920e+003  0.0000000e+000
  1.6694490e+003  0.0000000e+000
  1.6700070e+003  0.0000000e+000
  1.6705650e+003  0.0000000e+000
  1.6711230e+003  0.0000000e+000
  1.6716820e+003  0.0000000e+000
  1.6722410e+003  0.0000000e+000
  1.6728000e+003  0.0000000e+000
  1.6733600e+003  0.0000000e+000
  1.6739200e+003  0.0000000e+000
  1.6744810e+003  0.0000000e+000
  1.6750420e+003  0.0000000e+000
  1.6756030e+003  0.0000000e+000
  1.6761650e+003  0.0000000e+000
  1.6767270e+003  0.0000000e+000
  1.6772900e+003  0.0000000e+000
  1.6778520e+003  0.0000000e+000
  1.6784160e+003  0.0000000e+000
  1.6789790e+003  0.0000000e+000
  1.6795430e+003  0.0000000e+000
  1.6801080e+003  0.0000000e+000
  1.6806720e+003  0.0000000e+000
  1.6812370e+003  0.0000000e+000
  1.6818030e+003  0.0000000e+000
  1.6823690e+003  0.0000000e+000
  1.6829350e+003  0.0000000e+000
  1.6835020e+003  0.0000000e+000
  1.6840690e+003  0.0000000e+000
  1.6846360e+003  0.0000000e+000
  1.6852040e+003  0.0000000e+000
  1.6857720e+003  0.0000000e+000
  1.6863410e+003  0.0000000e+000
  1.6869100e+003  0.0000000e+000
  1.6874790e+003  0.0000000e+000
  1.6880490e+003  0.0000000e+000
  1.6886190e+003  0.0000000e+000
  1.6891890e+003  0.0000000e+000
  1.6897600e+003  0.0000000e+000
  1.6903310e+003  0.0000000e+000
  1.6909030e+003  0.0000000e+000
  1.6914750e+003  0.0000000e+000
  1.6920470e+003  0.0000000e+000
  1.6926200e+003  0.0000000e+000
  1.6931930e+003  0.0000000e+000
  1.6937670e+003  0.0000000e+000
  1.6943410e+003  0.0000000e+000
  1.6949150e+003  0.0000000e+000
  1.6954900e+003  0.0000000e+000
  1.6960650e+003  0.0000000e+000
  1.6966410e+003  0.0000000e+000
  1.6972170e+003  0.0000000e+000
  1.6977930e+003  0.0000000e+000
  1.6983700e+003  0.0000000e+000
  1.6989470e+003  0.0000000e+000
  1.6995240e+003  0.0000000e+000
  1.7001020e+003  0.0000000e+000
  1.7006800e+003  0.0000000e+000
  1.7012590e+003  0.0000000e+000
  1.7018380e+003  0.0000000e+000
  1.7024170e+003  0.0000000e+000
  1.7029970e+003  0.0000000e+000
  1.7035780e+003  0.0000000e+000
  1.7041580e+003  0.0000000e+000
  1.7047390e+003  0.0000000e+000
  1.7053210e+003  0.0000000e+000
  1.7059020e+003  0.0000000e+000
  1.7064850e+003  0.0000000e+000
  1.7070670e+003  0.0000000e+000
  1.7076500e+003  0.0000000e+000
  1.7082340e+003  0.0000000e+000
  1.7088170e+003  0.0000000e+000
  1.7094020e+003  0.0000000e+000
  1.7099860e+003  0.0000000e+000
  1.7105710e+003  0.0000000e+000
  1.7111570e+003  0.0000000e+000
  1.7117430e+003  0.0000000e+000
  1.7123290e+003  0.0000000e+000
  1.7129150e+003  0.0000000e+000
  1.7135020e+003  0.0000000e+000
  1.7140900e+003  0.0000000e+000
  1.7146780e+003  0.0000000e+000
  1.7152660e+003  0.0000000e+000
  1.7158540e+003  0.0000000e+000
  1.7164430e+003  0.0000000e+000
  1.7170330e+003  0.0000000e+000
  1.7176230e+003  0.0000000e+000
  1.7182130e+003  0.0000000e+000
  1.7188040e+003  0.0000000e+000
  1.7193950e+003  0.0000000e+000
  1.7199860e+003  0.0000000e+000
  1.7205780e+003  0.0000000e+000
  1.7211700e+003  0.0000000e+000
  1.7217630e+003  0.0000000e+000
  1.7223560e+003  0.0000000e+000
  1.7229500e+003  0.0000000e+000
  1.7235440e+003  0.0000000e+000
  1.7241380e+003  0.0000000e+000
  1.7247330e+003  0.0000000e+000
  1.7253280e+003  0.0000000e+000
  1.7259230e+003  0.0000000e+000
  1.7265190e+003  0.0000000e+000
  1.7271160e+003  0.0000000e+000
  1.7277130e+003  0.0000000e+000
  1.7283100e+003  0.0000000e+000
  1.7289070e+003  0.0000000e+000
  1.7295050e+003  0.0000000e+000
  1.7301040e+003  0.0000000e+000
  1.7307030e+003  0.0000000e+000
  1.7313020e+003  0.0000000e+000
  1.7319020e+003  0.0000000e+000
  1.7325020e+003  0.0000000e+000
  1.7331020e+003  0.0000000e+000
  1.7337030e+003  0.0000000e+000
  1.7343050e+003  0.0000000e+000
  1.7349060e+003  0.0000000e+000
  1.7355080e+003  0.0000000e+000
  1.7361110e+003  0.0000000e+000
  1.7367140e+003  0.0000000e+000
  1.7373180e+003  0.0000000e+000
  1.7379210e+003  0.0000000e+000
  1.7385260e+003  0.0000000e+000
  1.7391300e+003  0.0000000e+000
  1.7397350e+003  0.0000000e+000
  1.7403410e+003  0.0000000e+000
  1.7409470e+003  0.0000000e+000
  1.7415530e+003  0.0000000e+000
  1.7421600e+003  0.0000000e+000
  1.7427680e+003  0.0000000e+000
  1.7433750e+003  0.0000000e+000
  1.7439830e+003  0.0000000e+000
  1.7445920e+003  0.0000000e+000
  1.7452010e+003  0.0000000e+000
  1.7458100e+003  0.0000000e+000
  1.7464200e+003  0.0000000e+000
  1.7470300e+003  0.0000000e+000
  1.7476410e+003  0.0000000e+000
  1.7482520e+003  0.0000000e+000
  1.7488630e+003  0.0000000e+000
  1.7494750e+003  0.0000000e+000
  1.7500870e+003  0.0000000e+000
  1.7507000e+003  0.0000000e+000
  1.7513130e+003  0.0000000e+000
  1.7519270e+003  0.0000000e+000
  1.7525410e+003  0.0000000e+000
  1.7531560e+003  0.0000000e+000
  1.7537710e+003  0.0000000e+000
  1.7543860e+003  0.0000000e+000
  1.7550020e+003  0.0000000e+000
  1.7556180e+003  0.0000000e+000
  1.7562350e+003  0.0000000e+000
  1.7568520e+003  0.0000000e+000
  1.7574690e+003  0.0000000e+000
  1.7580870e+003  0.0000000e+000
  1.7587060e+003  0.0000000e+000
  1.7593240e+003  0.0000000e+000
  1.7599440e+003  0.0000000e+000
  1.7605630e+003  0.0000000e+000
  1.7611830e+003  0.0000000e+000
  1.7618040e+003  0.0000000e+000
  1.7624250e+003  0.0000000e+000
  1.7630470e+003  0.0000000e+000
  1.7636680e+003  0.0000000e+000
  1.7642910e+003  0.0000000e+000
  1.7649140e+003  0.0000000e+000
  1.7655370e+003  0.0000000e+000
  1.7661600e+003  0.0000000e+000
  1.7667850e+003  0.0000000e+000
  1.7674090e+003  0.0000000e+000
  1.7680340e+003  0.0000000e+000
  1.7686590e+003  0.0000000e+000
  1.7692850e+003  0.0000000e+000
  1.7699110e+003  0.0000000e+000
  1.7705380e+003  0.0000000e+000
  1.7711650e+003  0.0000000e+000
  1.7717930e+003  0.0000000e+000
  1.7724220e+003  0.0000000e+000
  1.7730500e+003  0.0000000e+000
  1.7736790e+003  0.0000000e+000
  1.7743080e+003  0.0000000e+000
  1.7749380e+003  0.0000000e+000
  1.7755680e+003  0.0000000e+000
  1.7761990e+003  0.0000000e+000
  1.7768300e+003  0.0000000e+000
  1.7774620e+003  0.0000000e+000
  1.7780940e+003  0.0000000e+000
  1.7787260e+003  0.0000000e+000
  1.7793590e+003  0.0000000e+000
  1.7799930e+003  0.0000000e+000
  1.7806270e+003  0.0000000e+000
  1.7812610e+003  0.0000000e+000
  1.7818960e+003  0.0000000e+000
  1.7825310e+003  0.0000000e+000
  1.7831670e+003  0.0000000e+000
  1.7838030e+003  0.0000000e+000
  1.7844400e+003  0.0000000e+000
  1.7850770e+003  0.0000000e+000
  1.7857140e+003  0.0000000e+000
  1.7863520e+003  0.0000000e+000
  1.7869910e+003  0.0000000e+000
  1.7876300e+003  0.0000000e+000
  1.7882690e+003  0.0000000e+000
  1.7889090e+003  0.0000000e+000
  1.7895490e+003  0.0000000e+000
  1.7901900e+003  0.0000000e+000
  1.7908310e+003  0.0000000e+000
  1.7914730e+003  0.0000000e+000
  1.7921150e+003  0.0000000e+000
  1.7927580e+003  0.0000000e+000
  1.7934000e+003  0.0000000e+000
  1.7940440e+003  0.0000000e+000
  1.7946880e+003  0.0000000e+000
  1.7953320e+003  0.0000000e+000
  1.7959770e+003  0.0000000e+000
  1.7966220e+003  0.0000000e+000
  1.7972680e+003  0.0000000e+000
  1.7979140e+003  0.0000000e+000
  1.7985610e+003  0.0000000e+000
  1.7992080e+003  0.0000000e+000
  1.7998560e+003  0.0000000e+000
  1.8005040e+003  0.0000000e+000
  1.8011530e+003  0.0000000e+000
  1.8018020e+003  0.0000000e+000
  1.8024510e+003  0.0000000e+000
  1.8031010e+003  0.0000000e+000
  1.8037520e+003  0.0000000e+000
  1.8044030e+003  0.0000000e+000
  1.8050540e+003  0.0000000e+000
  1.8057060e+003  0.0000000e+000
  1.8063580e+003  0.0000000e+000
  1.8070110e+003  0.0000000e+000
  1.8076640e+003  0.0000000e+000
  1.8083180e+003  0.0000000e+000
  1.8089730e+003  0.0000000e+000
  1.8096270e+003  0.0000000e+000
  1.8102820e+003  0.0000000e+000
  1.8109380e+003  0.0000000e+000
  1.8115940e+003  0.0000000e+000
  1.8122510e+003  0.0000000e+000
  1.8129080e+003  0.0000000e+000
  1.8135650e+003  0.0000000e+000
  1.8142240e+003  0.0000000e+000
  1.8148820e+003  0.0000000e+000
  1.8155410e+003  0.0000000e+000
  1.8162000e+003  0.0000000e+000
  1.8168600e+003  0.0000000e+000
  1.8175210e+003  0.0000000e+000
  1.8181820e+003  0.0000000e+000
  1.8188430e+003  0.0000000e+000
  1.8195050e+003  0.0000000e+000
  1.8201670e+003  0.0000000e+000
  1.8208300e+003  0.0000000e+000
  1.8214940e+003  0.0000000e+000
  1.8221570e+003  0.0000000e+000
  1.8228220e+003  0.0000000e+000
  1.8234860e+003  0.0000000e+000
  1.8241520e+003  0.0000000e+000
  1.8248180e+003  0.0000000e+000
  1.8254840e+003  0.0000000e+000
  1.8261510e+003  0.0000000e+000
  1.8268180e+003  0.0000000e+000
  1.8274850e+003  0.0000000e+000
  1.8281540e+003  0.0000000e+000
  1.8288220e+003  0.0000000e+000
  1.8294910e+003  0.0000000e+000
  1.8301610e+003  0.0000000e+000
  1.8308310e+003  0.0000000e+000
  1.8315020e+003  0.0000000e+000
  1.8321730e+003  0.0000000e+000
  1.8328450e+003  0.0000000e+000
  1.8335170e+003  0.0000000e+000
  1.8341890e+003  0.0000000e+000
  1.8348620e+003  0.0000000e+000
  1.8355360e+003  0.0000000e+000
  1.8362100e+003  0.0000000e+000
  1.8368850e+003  0.0000000e+000
  1.8375600e+003  0.0000000e+000
  1.8382350e+003  0.0000000e+000
  1.8389110e+003  0.0000000e+000
  1.8395880e+003  0.0000000e+000
  1.8402650e+003  0.0000000e+000
  1.8409430e+003  0.0000000e+000
  1.8416210e+003  0.0000000e+000
  1.8422990e+003  0.0000000e+000
  1.8429780e+003  0.0000000e+000
  1.8436580e+003  0.0000000e+000
  1.8443380e+003  0.0000000e+000
  1.8450180e+003  0.0000000e+000
  1.8456990e+003  0.0000000e+000
  1.8463810e+003  0.0000000e+000
  1.8470630e+003  0.0000000e+000
  1.8477460e+003  0.0000000e+000
  1.8484290e+003  0.0000000e+000
  1.8491130e+003  0.0000000e+000
  1.8497970e+003  0.0000000e+000
  1.8504810e+003  0.0000000e+000
  1.8511660e+003  0.0000000e+000
  1.8518520e+003  0.0000000e+000
  1.8525380e+003  0.0000000e+000
  1.8532250e+003  0.0000000e+000
  1.8539120e+003  0.0000000e+000
  1.8546000e+003  0.0000000e+000
  1.8552880e+003  0.0000000e+000
  1.8559760e+003  0.0000000e+000
  1.8566650e+003  0.0000000e+000
  1.8573550e+003  0.0000000e+000
  1.8580450e+003  0.0000000e+000
  1.8587360e+003  0.0000000e+000
  1.8594270e+003  0.0000000e+000
  1.8601190e+003  0.0000000e+000
  1.8608110e+003  0.0000000e+000
  1.8615040e+003  0.0000000e+000
  1.8621970e+003  0.0000000e+000
  1.8628910e+003  0.0000000e+000
  1.8635850e+003  0.0000000e+000
  1.8642800e+003  0.0000000e+000
  1.8649760e+003  0.0000000e+000
  1.8656720e+003  0.0000000e+000
  1.8663680e+003  0.0000000e+000
  1.8670650e+003  0.0000000e+000
  1.8677620e+003  0.0000000e+000
  1.8684600e+003  0.0000000e+000
  1.8691590e+003  0.0000000e+000
  1.8698580e+003  0.0000000e+000
  1.8705570e+003  0.0000000e+000
  1.8712580e+003  0.0000000e+000
  1.8719580e+003  0.0000000e+000
  1.8726590e+003  0.0000000e+000
  1.8733610e+003  0.0000000e+000
  1.8740630e+003  0.0000000e+000
  1.8747660e+003  0.0000000e+000
  1.8754690e+003  0.0000000e+000
  1.8761730e+003  0.0000000e+000
  1.8768770e+003  0.0000000e+000
  1.8775820e+003  0.0000000e+000
  1.8782870e+003  0.0000000e+000
  1.8789930e+003  0.0000000e+000
  1.8796990e+003  0.0000000e+000
  1.8804060e+003  0.0000000e+000
  1.8811140e+003  0.0000000e+000
  1.8818220e+003  0.0000000e+000
  1.8825300e+003  0.0000000e+000
  1.8832390e+003  0.0000000e+000
  1.8839490e+003  0.0000000e+000
  1.8846590e+003  0.0000000e+000
  1.8853700e+003  0.0000000e+000
  1.8860810e+003  0.0000000e+000
  1.8867920e+003  0.0000000e+000
  1.8875050e+003  0.0000000e+000
  1.8882180e+003  0.0000000e+000
  1.8889310e+003  0.0000000e+000
  1.8896450e+003  0.0000000e+000
  1.8903590e+003  0.0000000e+000
  1.8910740e+003  0.0000000e+000
  1.8917900e+003  0.0000000e+000
  1.8925060e+003  0.0000000e+000
  1.8932220e+003  0.0000000e+000
  1.8939390e+003  0.0000000e+000
  1.8946570e+003  0.0000000e+000
  1.8953750e+003  0.0000000e+000
  1.8960940e+003  0.0000000e+000
  1.8968130e+003  0.0000000e+000
  1.8975330e+003  0.0000000e+000
  1.8982540e+003  0.0000000e+000
  1.8989750e+003  0.0000000e+000
  1.8996960e+003  0.0000000e+000
  1.9004180e+003  0.0000000e+000
  1.9011410e+003  0.0000000e+000
  1.9018640e+003  0.0000000e+000
  1.9025880e+003  0.0000000e+000
  1.9033120e+003  0.0000000e+000
  1.9040370e+003  0.0000000e+000
  1.9047620e+003  0.0000000e+000
  1.9054880e+003  0.0000000e+000
  1.9062140e+003  0.0000000e+000
  1.9069410e+003  0.0000000e+000
  1.9076690e+003  0.0000000e+000
  1.9083970e+003  0.0000000e+000
  1.9091260e+003  0.0000000e+000
  1.9098550e+003  0.0000000e+000
  1.9105850e+003  0.0000000e+000
  1.9113150e+003  0.0000000e+000
  1.9120460e+003  0.0000000e+000
  1.9127770e+003  0.0000000e+000
  1.9135090e+003  0.0000000e+000
  1.9142420e+003  0.0000000e+000
  1.9149750e+003  0.0000000e+000
  1.9157090e+003  0.0000000e+000
  1.9164430e+003  0.0000000e+000
  1.9171780e+003  0.0000000e+000
  1.9179130e+003  0.0000000e+000
  1.9186490e+003  0.0000000e+000
  1.9193860e+003  0.0000000e+000
  1.9201230e+003  0.0000000e+000
  1.9208610e+003  0.0000000e+000
  1.9215990e+003  0.0000000e+000
  1.9223380e+003  0.0000000e+000
  1.9230770e+003  0.0000000e+000
  1.9238170e+003  0.0000000e+000
  1.9245570e+003  0.0000000e+000
  1.9252980e+003  0.0000000e+000
  1.9260400e+003  0.0000000e+000
  1.9267820e+003  0.0000000e+000
  1.9275250e+003  0.0000000e+000
  1.9282680e+003  0.0000000e+000
  1.9290120e+003  0.0000000e+000
  1.9297570e+003  0.0000000e+000
  1.9305020e+003  0.0000000e+000
  1.9312480e+003  0.0000000e+000
  1.9319940e+003  0.0000000e+000
  1.9327410e+003  0.0000000e+000
  1.9334880e+003  0.0000000e+000
  1.9342360e+003  0.0000000e+000
  1.9349840e+003  0.0000000e+000
  1.9357340e+003  0.0000000e+000
  1.9364830e+003  0.0000000e+000
  1.9372340e+003  0.0000000e+000
  1.9379840e+003  0.0000000e+000
  1.9387360e+003  0.0000000e+000
  1.9394880e+003  0.0000000e+000
  1.9402410e+003  0.0000000e+000
  1.9409940e+003  0.0000000e+000
  1.9417480e+003  0.0000000e+000
  1.9425020e+003  0.0000000e+000
  1.9432570e+003  0.0000000e+000
  1.9440120e+003  0.0000000e+000
  1.9447690e+003  0.0000000e+000
  1.9455250e+003  0.0000000e+000
  1.9462830e+003  0.0000000e+000
  1.9470400e+003  0.0000000e+000
  1.9477990e+003  0.0000000e+000
  1.9485580e+003  0.0000000e+000
  1.9493180e+003  0.0000000e+000
  1.9500780e+003  0.0000000e+000
  1.9508390e+003  0.0000000e+000
  1.9516000e+003  0.0000000e+000
  1.9523620e+003  0.0000000e+000
  1.9531250e+003  0.0000000e+000
  1.9538880e+003  0.0000000e+000
  1.9546520e+003  0.0000000e+000
  1.9554170e+003  0.0000000e+000
  1.9561820e+003  0.0000000e+000
  1.9569480e+003  0.0000000e+000
  1.9577140e+003  0.0000000e+000
  1.9584800e+003  0.0000000e+000
  1.9592480e+003  0.0000000e+000
  1.9600160e+003  0.0000000e+000
  1.9607840e+003  0.0000000e+000
  1.9615540e+003  0.0000000e+000
  1.9623230e+003  0.0000000e+000
  1.9630940e+003  0.0000000e+000
  1.9638650e+003  0.0000000e+000
  1.9646360e+003  0.0000000e+000
  1.9654090e+003  0.0000000e+000
  1.9661820e+003  0.0000000e+000
  1.9669550e+003  0.0000000e+000
  1.9677290e+003  0.0000000e+000
  1.9685040e+003  0.0000000e+000
  1.9692800e+003  0.0000000e+000
  1.9700550e+003  0.0000000e+000
  1.9708320e+003  0.0000000e+000
  1.9716090e+003  0.0000000e+000
  1.9723860e+003  0.0000000e+000
  1.9731650e+003  0.0000000e+000
  1.9739440e+003  0.0000000e+000
  1.9747240e+003  0.0000000e+000
  1.9755040e+003  0.0000000e+000
  1.9762850e+003  0.0000000e+000
  1.9770660e+003  0.0000000e+000
  1.9778480e+003  0.0000000e+000
  1.9786310e+003  0.0000000e+000
  1.9794140e+003  0.0000000e+000
  1.9801980e+003  0.0000000e+000
  1.9809830e+003  0.0000000e+000
  1.9817680e+003  0.0000000e+000
  1.9825530e+003  0.0000000e+000
  1.9833400e+003  0.0000000e+000
  1.9841270e+003  0.0000000e+000
  1.9849150e+003  0.0000000e+000
  1.9857030e+003  0.0000000e+000
  1.9864920e+003  0.0000000e+000
  1.9872810e+003  0.0000000e+000
  1.9880720e+003  0.0000000e+000
  1.9888620e+003  0.0000000e+000
  1.9896540e+003  0.0000000e+000
  1.9904460e+003  0.0000000e+000
  1.9912390e+003  0.0000000e+000
  1.9920320e+003  0.0000000e+000
  1.9928260e+003  0.0000000e+000
  1.9936200e+003  0.0000000e+000
  1.9944160e+003  0.0000000e+000
  1.9952110e+003  0.0000000e+000
  1.9960080e+003  0.0000000e+000
  1.9968050e+003  0.0000000e+000
  1.9976030e+003  0.0000000e+000
  1.9984010e+003  0.0000000e+000
  1.9992000e+003  0.0000000e+000
  2.0000000e+003 -3.8792510e-005
  2.0008000e+003 -1.0331632e-005
  2.0016010e+003  2.6090461e-004
  2.0024030e+003  2.4150960e-004
  2.0032050e+003 -7.0089671e-005
  2.0040080e+003 -2.3762815e-004
  2.0048120e+003  2.7597045e-005
  2.0056160e+003  5.4756460e-005
  2.0064200e+003  8.0052021e-005
  2.0072260e+003 -8.8838897e-005
  2.0080320e+003  1.2231202e-005
  2.0088390e+003  1.3367408e-004
  2.0096460e+003  2.8670527e-004
  2.0104540e+003  5.6460136e-005
  2.0112630e+003  1.0333730e-004
  2.0120730e+003  3.1309979e-004
  2.0128820e+003  3.6731127e-004
  2.0136930e+003  1.5069566e-004
  2.0145040e+003  1.2334528e-004
  2.0153160e+003 -2.5981044e-005
  2.0161290e+003  2.0169721e-004
  2.0169420e+003  1.6075661e-004
  2.0177560e+003  1.0830390e-004
  2.0185710e+003  2.5672574e-005
  2.0193860e+003  1.5102619e-004
  2.0202020e+003 -1.3464685e-004
  2.0210190e+003  1.3947804e-004
  2.0218360e+003 -5.5387350e-006
  2.0226540e+003 -4.4992474e-005
  2.0234720e+003  1.0066592e-004
  2.0242920e+003  3.5792116e-005
  2.0251110e+003  4.4215107e-005
  2.0259320e+003  3.9121856e-005
  2.0267530e+003 -1.8076517e-004
  2.0275750e+003 -1.6991519e-004
  2.0283980e+003  7.0520386e-005
  2.0292210e+003 -1.1976006e-004
  2.0300450e+003 -2.1421791e-004
  2.0308700e+003 -5.2868400e-004
  2.0316940e+003 -4.1370388e-004
  2.0325200e+003 -3.5556228e-004
  2.0333470e+003 -2.5338095e-004
  2.0341740e+003  1.5304662e-005
  2.0350020e+003 -3.0878827e-004
  2.0358310e+003  1.7452119e-004
  2.0366600e+003 -1.9273242e-004
  2.0374900e+003 -3.4352017e-004
  2.0383200e+003  2.6148877e-005
  2.0391520e+003  2.4350410e-004
  2.0399840e+003  1.3628814e-004
  2.0408160e+003 -7.2589944e-005
  2.0416500e+003 -1.5257212e-004
  2.0424840e+003 -2.3565945e-005
  2.0433180e+003 -1.4008042e-004
  2.0441540e+003 -4.7355640e-004
  2.0449900e+003 -2.0020765e-004
  2.0458270e+003  3.3914379e-004
  2.0466640e+003  5.2505144e-004
  2.0475020e+003  7.9827973e-005
  2.0483410e+003  5.8639806e-004
  2.0491800e+003  1.8726656e-004
  2.0500210e+003 -5.7328178e-004
  2.0508620e+003 -3.7352348e-004
  2.0517030e+003 -2.3728580e-004
  2.0525450e+003  2.7153737e-004
  2.0533880e+003  3.1695381e-004
  2.0542320e+003  6.8875833e-004
  2.0550760e+003  4.5732918e-004
  2.0559210e+003 -4.1946187e-004
  2.0567670e+003  9.5984369e-004
  2.0576140e+003  6.9465389e-004
  2.0584600e+003  2.6161241e-004
  2.0593080e+003 -2.1842793e-004
  2.0601560e+003  2.5399993e-004
  2.0610060e+003 -8.1695624e-005
  2.0618560e+003 -1.3428451e-004
  2.0627060e+003  2.0798881e-004
  2.0635570e+003 -1.0315841e-003
  2.0644100e+003 -4.6350344e-004
  2.0652620e+003 -1.0965970e-004
  2.0661160e+003  4.6896638e-004
  2.0669700e+003  7.1363302e-004
  2.0678250e+003  4.6459015e-004
  2.0686800e+003  1.1491341e-003
  2.0695370e+003  2.2744690e-004
  2.0703930e+003 -3.4755204e-004
  2.0712510e+003  5.5935547e-005
  2.0721090e+003  5.5057480e-004
  2.0729690e+003 -2.7922145e-004
  2.0738280e+003  3.3011849e-004
  2.0746890e+003  3.2377854e-004
  2.0755500e+003 -2.3075806e-004
  2.0764120e+003  7.2714372e-004
  2.0772750e+003  1.3034060e-004
  2.0781380e+003  1.7723780e-004
  2.0790020e+003 -2.4783486e-004
  2.0798670e+003 -1.0670535e-004
  2.0807320e+003  1.9712682e-004
  2.0815990e+003  1.2324932e-004
  2.0824660e+003  3.5787839e-004
  2.0833330e+003  8.2968373e-004
  2.0842020e+003  3.3653248e-004
  2.0850710e+003  6.5120845e-004
  2.0859410e+003  9.7653113e-004
  2.0868120e+003  1.4481743e-004
  2.0876830e+003 -5.4331194e-004
  2.0885550e+003 -1.4457890e-003
  2.0894270e+003 -6.7515051e-005
  2.0903010e+003 -8.9105764e-005
  2.0911750e+003  4.5833352e-004
  2.0920500e+003  4.2475734e-004
  2.0929260e+003 -2.7296031e-004
  2.0938020e+003 -3.9898434e-005
  2.0946790e+003 -3.4571692e-004
  2.0955570e+003  1.0613328e-003
  2.0964360e+003  8.5417624e-004
  2.0973150e+003  1.2889827e-003
  2.0981960e+003 -6.2985928e-004
  2.0990760e+003 -7.0549146e-004
  2.0999580e+003 -3.0902508e-004
  2.1008400e+003  1.4233592e-003
  2.1017230e+003  1.3851192e-003
  2.1026070e+003 -1.5588357e-003
  2.1034920e+003 -8.7786186e-004
  2.1043770e+003  4.8737918e-004
  2.1052630e+003  5.9412577e-004
  2.1061500e+003 -3.9021277e-005
  2.1070380e+003 -6.6808664e-004
  2.1079260e+003  3.3511949e-004
  2.1088150e+003  5.6659913e-004
  2.1097050e+003  1.6823859e-003
  2.1105950e+003 -2.6019948e-004
  2.1114870e+003 -2.0558783e-003
  2.1123780e+003 -9.6649094e-004
  2.1132710e+003  2.8946582e-004
  2.1141650e+003  1.2630959e-003
  2.1150590e+003 -3.6920499e-004
  2.1159540e+003 -9.5586508e-004
  2.1168500e+003  1.1666895e-004
  2.1177470e+003  1.0193037e-003
  2.1186440e+003  1.5379534e-003
  2.1195420e+003  1.6745790e-003
  2.1204410e+003  1.2444782e-003
  2.1213410e+003 -1.9561196e-005
  2.1222410e+003  1.1254107e-003
  2.1231420e+003 -9.3249220e-004
  2.1240440e+003  3.4077100e-003
  2.1249470e+003  2.3227746e-003
  2.1258500e+003  1.5321054e-003
  2.1267540e+003  1.1153490e-004
  2.1276600e+003 -2.1191745e-003
  2.1285650e+003  1.4755498e-003
  2.1294720e+003 -3.2337289e-004
  2.1303790e+003  4.9385114e-004
  2.1312870e+003  2.3933058e-004
  2.1321960e+003  5.8268695e-005
  2.1331060e+003  1.5298569e-003
  2.1340160e+003  2.6027260e-003
  2.1349270e+003  2.4289850e-003
  2.1358390e+003 -1.1471409e-003
  2.1367520e+003  2.3102579e-003
  2.1376660e+003  1.3741320e-003
  2.1385800e+003  2.2665965e-003
  2.1394960e+003  2.7097918e-003
  2.1404110e+003  3.1465110e-003
  2.1413280e+003  1.1388256e-003
  2.1422450e+003  3.8489790e-003
  2.1431630e+003  3.5940963e-003
  2.1440820e+003  3.7303951e-003
  2.1450020e+003  4.6853796e-003
  2.1459230e+003  5.0317030e-003
  2.1468440e+003  5.9159854e-003
  2.1477660e+003  4.5051957e-003
  2.1486890e+003  5.4820371e-003
  2.1496130e+003  5.6050140e-003
  2.1505380e+003  7.2580492e-003
  2.1514630e+003  1.1432689e-002
  2.1523890e+003  9.5817866e-003
  2.1533160e+003  1.0891877e-002
  2.1542440e+003  9.3773613e-003
  2.1551720e+003  1.1108486e-002
  2.1561020e+003  1.2936166e-002
  2.1570320e+003  1.2899352e-002
  2.1579630e+003  1.8301267e-002
  2.1588950e+003  2.1230929e-002
  2.1598270e+003  2.2885945e-002
  2.1607610e+003  2.4993600e-002
  2.1616950e+003  2.7970962e-002
  2.1626300e+003  3.1711612e-002
  2.1635650e+003  3.8972344e-002
  2.1645020e+003  4.5263268e-002
  2.1654390e+003  5.2238904e-002
  2.1663780e+003  6.3696593e-002
  2.1673170e+003  7.4297555e-002
  2.1682570e+003  9.0051860e-002
  2.1691980e+003  1.0332030e-001
  2.1701390e+003  1.2552680e-001
  2.1710810e+003  1.4991990e-001
  2.1720240e+003  1.7325620e-001
  2.1729680e+003  2.0999470e-001
  2.1739130e+003  2.5096250e-001
  2.1748590e+003  2.8492100e-001
  2.1758050e+003  3.3561040e-001
  2.1767530e+003  3.9352750e-001
  2.1777000e+003  4.5769190e-001
  2.1786490e+003  5.2859160e-001
  2.1795990e+003  5.9200720e-001
  2.1805500e+003  6.6197250e-001
  2.1815010e+003  7.2185270e-001
  2.1824530e+003  7.7387110e-001
  2.1834060e+003  8.2440020e-001
  2.1843600e+003  8.6232630e-001
  2.1853150e+003  8.9154260e-001
  2.1862700e+003  9.1182400e-001
  2.1872270e+003  9.3119900e-001
  2.1881840e+003  9.4606390e-001
  2.1891420e+003  9.6345680e-001
  2.1901010e+003  9.7509130e-001
  2.1910600e+003  9.9395870e-001
  2.1920210e+003  9.9652640e-001
  2.1929820e+003  9.9663840e-001
  2.1939450e+003  1.0000000e+000
  2.1949080e+003  9.7814090e-001
  2.1958720e+003  9.4093420e-001
  2.1968360e+003  8.8708160e-001
  2.1978020e+003  8.1567890e-001
  2.1987690e+003  7.3587630e-001
  2.1997360e+003  6.5522510e-001
  2.2007040e+003  5.6719890e-001
  2.2016730e+003  4.8907950e-001
  2.2026430e+003  4.1296560e-001
  2.2036140e+003  3.5101630e-001
  2.2045860e+003  2.9243790e-001
  2.2055580e+003  2.4533470e-001
  2.2065310e+003  2.0789680e-001
  2.2075050e+003  1.7292050e-001
  2.2084810e+003  1.4755010e-001
  2.2094570e+003  1.2133500e-001
  2.2104330e+003  1.0205590e-001
  2.2114110e+003  8.6790465e-002
  2.2123890e+003  7.6164462e-002
  2.2133690e+003  6.6865936e-002
  2.2143490e+003  5.6793224e-002
  2.2153300e+003  4.9509026e-002
  2.2163120e+003  4.1625876e-002
  2.2172950e+003  3.7863508e-002
  2.2182790e+003  2.9283924e-002
  2.2192630e+003  2.8763168e-002
  2.2202490e+003  3.2496314e-002
  2.2212350e+003  2.4826584e-002
  2.2222220e+003  1.8006749e-002
  2.2232100e+003  1.7521644e-002
  2.2241990e+003  1.6859794e-002
  2.2251890e+003  1.6318819e-002
  2.2261800e+003  1.2928754e-002
  2.2271720e+003  1.2325099e-002
  2.2281640e+003  7.5122011e-003
  2.2291570e+003  1.1668667e-002
  2.2301520e+003  1.2929064e-002
  2.2311470e+003  1.0615989e-002
  2.2321430e+003  1.0881458e-002
  2.2331400e+003  9.4126873e-003
  2.2341380e+003  9.1660116e-003
  2.2351360e+003  2.5752441e-003
  2.2361360e+003  6.1915168e-003
  2.2371360e+003  4.1964152e-003
  2.2381380e+003  3.8036995e-003
  2.2391400e+003  2.1546399e-003
  2.2401430e+003  8.0004511e-003
  2.2411470e+003  3.0912245e-003
  2.2421520e+003  4.9296538e-003
  2.2431580e+003  4.3502296e-003
  2.2441650e+003  2.7491066e-003
  2.2451730e+003  3.6165104e-003
  2.2461810e+003  5.7517583e-003
  2.2471910e+003  1.7961535e-003
  2.2482010e+003 -7.6263619e-004
  2.2492130e+003  2.2228663e-003
  2.2502250e+003  2.1955231e-003
  2.2512380e+003 -8.5788197e-004
  2.2522520e+003  1.1133828e-003
  2.2532670e+003  5.6689011e-004
  2.2542830e+003  2.1412598e-003
  2.2553000e+003 -1.7167042e-003
  2.2563180e+003  3.1710139e-003
  2.2573360e+003  7.7655510e-004
  2.2583560e+003  2.8041953e-003
  2.2593760e+003  2.5391881e-004
  2.2603980e+003 -1.0371907e-003
  2.2614200e+003  2.1058677e-003
  2.2624430e+003  2.4621247e-003
  2.2634680e+003 -8.9684449e-004
  2.2644930e+003 -2.1881210e-003
  2.2655190e+003  1.3848958e-003
  2.2665460e+003  1.9503229e-003
  2.2675740e+003  1.7878052e-003
  2.2686030e+003 -4.7915336e-004
  2.2696320e+003  1.2792383e-003
  2.2706630e+003  2.5753411e-003
  2.2716950e+003  1.7913101e-004
  2.2727270e+003 -2.3759464e-003
  2.2737610e+003  3.0721776e-004
  2.2747950e+003  4.2927000e-004
  2.2758310e+003  9.3609747e-004
  2.2768670e+003 -1.4489616e-003
  2.2779040e+003  3.4359444e-003
  2.2789430e+003  2.6544902e-004
  2.2799820e+003 -1.6349390e-003
  2.2810220e+003  7.8149367e-004
  2.2820630e+003 -1.1948126e-003
  2.2831050e+003  1.9679402e-003
  2.2841480e+003  1.4324388e-003
  2.2851920e+003  4.5126239e-003
  2.2862370e+003  3.1418239e-003
  2.2872830e+003  1.0688130e-003
  2.2883300e+003  3.7778702e-003
  2.2893770e+003  2.5844811e-003
  2.2904260e+003  1.5400545e-003
  2.2914760e+003 -8.9998951e-004
  2.2925260e+003 -1.6374928e-003
  2.2935780e+003 -3.2309713e-004
  2.2946310e+003 -1.1791060e-004
  2.2956840e+003 -2.2920542e-003
  2.2967390e+003  9.7128045e-004
  2.2977940e+003  8.5755368e-004
  2.2988510e+003  4.5393611e-004
  2.2999080e+003 -1.1870877e-003
  2.3009660e+003 -3.2550197e-003
  2.3020260e+003 -2.7418910e-003
  2.3030860e+003  4.7642799e-004
  2.3041470e+003 -1.2992596e-003
  2.3052100e+003 -4.7507955e-004
  2.3062730e+003  6.1421812e-004
  2.3073370e+003  7.7151164e-004
  2.3084030e+003  1.2777575e-005
  2.3094690e+003  2.7014434e-004
  2.3105360e+003  1.1788267e-003
  2.3116040e+003  6.9153216e-004
  2.3126740e+003  2.2752585e-003
  2.3137440e+003  1.1219739e-003
  2.3148150e+003 -1.9473613e-004
  2.3158870e+003 -1.7660885e-003
  2.3169600e+003  4.1547008e-003
  2.3180340e+003 -2.6464544e-003
  2.3191100e+003 -1.7097180e-003
  2.3201860e+003 -1.5959365e-003
  2.3212630e+003 -4.2517460e-003
  2.3223410e+003  8.7345915e-004
  2.3234200e+003  3.3870323e-003
  2.3245000e+003 -1.9608228e-003
  2.3255810e+003  2.4781206e-003
  2.3266640e+003  5.3613447e-004
  2.3277470e+003  9.6665826e-005
  2.3288310e+003  3.8909288e-003
  2.3299160e+003 -1.5780965e-003
  2.3310020e+003  3.8046485e-003
  2.3320900e+003 -8.8979863e-003
  2.3331780e+003 -1.3191218e-004
  2.3342670e+003  4.3539872e-004
  2.3353570e+003 -3.2933613e-003
  2.3364480e+003  5.9117246e-003
  2.3375410e+003 -6.7116361e-004
  2.3386340e+003 -5.1573792e-004
  2.3397290e+003  4.2332415e-003
  2.3408240e+003 -4.0457309e-003
  2.3419200e+003 -6.7479420e-004
  2.3430180e+003 -4.9042952e-004
  2.3441160e+003  3.4070942e-003
  2.3452160e+003 -4.2347689e-003
  2.3463160e+003 -1.2334562e-003
  2.3474180e+003  8.0286991e-004
  2.3485210e+003  1.1510332e-003
  2.3496240e+003 -9.2611014e-004
  2.3507290e+003 -8.6523988e-004
  2.3518340e+003  4.4137580e-004
  2.3529410e+003  4.2464212e-003
  2.3540490e+003 -1.5236022e-003
  2.3551580e+003 -2.7145327e-003
  2.3562680e+003 -2.0433895e-003
  2.3573780e+003  2.7869919e-003
  2.3584910e+003  1.8815749e-004
  2.3596040e+003 -2.5079187e-003
  2.3607180e+003 -5.1220716e-003
  2.3618330e+003 -2.3455757e-003
  2.3629490e+003  4.3216767e-003
  2.3640660e+003 -2.7359583e-004
  2.3651840e+003  4.3055363e-004
  2.3663040e+003 -7.4688054e-004
  2.3674240e+003  3.4214623e-004
  2.3685460e+003  1.5911007e-003
  2.3696680e+003 -1.9010074e-003
  2.3707920e+003 -1.1458623e-003
  2.3719170e+003 -3.7106783e-003
  2.3730420e+003  2.2342319e-003
  2.3741690e+003 -6.5451051e-004
  2.3752970e+003 -1.3422100e-003
  2.3764260e+003 -1.5024082e-003
  2.3775560e+003 -2.7576201e-003
  2.3786870e+003 -8.2685670e-005
  2.3798190e+003  3.5876159e-003
  2.3809520e+003  2.8632605e-003
  2.3820870e+003 -1.3826193e-003
  2.3832220e+003  2.5493177e-004
  2.3843590e+003  4.6198349e-004
  2.3854960e+003  5.0870917e-004
  2.3866350e+003  6.7128381e-004
  2.3877740e+003  2.3702021e-004
  2.3889160e+003 -3.7224466e-004
  2.3900570e+003  8.8210398e-004
  2.3912000e+003 -1.4977651e-003
  2.3923440e+003 -1.0016855e-003
  2.3934900e+003 -1.1836403e-003
  2.3946360e+003  4.7362065e-003
  2.3957840e+003  1.3401168e-003
  2.3969320e+003  2.7499039e-004
  2.3980820e+003 -4.2410302e-003
  2.3992320e+003 -9.3303871e-004
  2.4003840e+003 -1.9855546e-003
  2.4015370e+003  2.5054009e-003
  2.4026910e+003  4.4488275e-005
  2.4038460e+003  3.3201526e-003
  2.4050020e+003 -6.1037875e-004
  2.4061600e+003 -4.3926277e-004
  2.4073180e+003 -3.4168141e-004
  2.4084780e+003 -2.6255008e-003
  2.4096380e+003  3.6283847e-004
  2.4108010e+003  2.8454997e-003
  2.4119630e+003  3.6059769e-003
  2.4131270e+003 -3.6563579e-004
  2.4142920e+003  1.5516910e-003
  2.4154590e+003 -4.2997088e-004
  2.4166260e+003  2.5848015e-003
  2.4177950e+003  2.5466576e-003
  2.4189650e+003  4.3735505e-004
  2.4201350e+003 -6.5491407e-004
  2.4213070e+003  2.7453047e-003
  2.4224810e+003  3.3143975e-004
  2.4236550e+003 -2.7346838e-004
  2.4248300e+003  2.3503783e-003
  2.4260070e+003  1.4082129e-003
  2.4271850e+003  1.2961215e-003
  2.4283630e+003  9.2765765e-004
  2.4295430e+003  1.9943960e-004
  2.4307240e+003  4.7268003e-004
  2.4319070e+003 -6.4577349e-004
  2.4330900e+003  3.9774887e-003
  2.4342750e+003  1.0190716e-005
  2.4354600e+003  1.7038593e-003
  2.4366470e+003  1.6507409e-003
  2.4378350e+003  2.0627421e-003
  2.4390240e+003  2.5451099e-004
  2.4402150e+003 -1.3097365e-003
  2.4414060e+003  2.4025184e-003
  2.4425990e+003 -1.4655751e-003
  2.4437930e+003  1.9971870e-003
  2.4449880e+003  4.1264612e-003
  2.4461840e+003  1.7374818e-003
  2.4473810e+003 -2.4665747e-004
  2.4485800e+003 -4.5172355e-004
  2.4497800e+003 -3.1686948e-005
  2.4509800e+003 -6.4738607e-004
  2.4521820e+003  2.3952387e-003
  2.4533850e+003  8.4497657e-004
  2.4545900e+003  5.8951823e-004
  2.4557960e+003  2.2539019e-003
  2.4570020e+003 -2.1692365e-003
  2.4582100e+003 -7.7647949e-004
  2.4594200e+003 -3.7931241e-004
  2.4606300e+003 -3.5003710e-003
  2.4618420e+003 -2.2756718e-003
  2.4630540e+003 -1.5822492e-003
  2.4642680e+003 -2.2378680e-003
  2.4654830e+003  1.9245679e-003
  2.4667000e+003  4.3368799e-004
  2.4679170e+003  2.9773633e-003
  2.4691360e+003  3.1690663e-004
  2.4703560e+003  5.8878656e-003
  2.4715770e+003  2.1856108e-003
  2.4727990e+003  1.6626281e-003
  2.4740230e+003 -2.0485055e-005
  2.4752480e+003  2.6494849e-003
  2.4764730e+003  4.4886701e-004
  2.4777010e+003  3.4049803e-003
  2.4789290e+003  2.9238441e-003
  2.4801590e+003  5.8674412e-003
  2.4813890e+003 -9.1558509e-004
  2.4826220e+003  1.8089769e-003
  2.4838550e+003  1.6544879e-003
  2.4850890e+003  3.1263067e-003
  2.4863250e+003  2.5174816e-003
  2.4875620e+003  1.4600331e-003
  2.4888000e+003  1.2604238e-003
  2.4900400e+003  9.4801479e-004
  2.4912810e+003 -3.1866496e-003
  2.4925220e+003  2.9700887e-003
  2.4937650e+003 -7.2736182e-004
  2.4950100e+003 -1.3391072e-003
  2.4962560e+003  3.9587491e-003
  2.4975020e+003  2.5499847e-003
  2.4987510e+003  2.5952130e-003
  2.5000000e+003 -1.4816143e-005
  2.5012510e+003 -5.6663773e-004
  2.5025020e+003  4.0337635e-004
  2.5037560e+003  5.7278149e-004
  2.5050100e+003  1.7511545e-003
  2.5062660e+003 -1.9638971e-003
  2.5075230e+003 -4.2931308e-004
  2.5087810e+003 -5.8437773e-004
  2.5100400e+003 -3.3562223e-004
  2.5113010e+003  8.0148988e-005
  2.5125630e+003  2.1064586e-003
  2.5138260e+003  7.2124193e-004
  2.5150910e+003  1.8804419e-004
  2.5163560e+003  4.8760958e-003
  2.5176240e+003  2.4405601e-004
  2.5188920e+003  3.3716327e-003
  2.5201610e+003  3.7537009e-004
  2.5214320e+003  2.2170476e-003
  2.5227040e+003 -2.0088153e-003
  2.5239780e+003  2.2326971e-003
  2.5252520e+003  1.2475727e-003
  2.5265290e+003  3.1865379e-004
  2.5278060e+003 -3.2082926e-003
  2.5290840e+003  1.6819446e-003
  2.5303650e+003  2.3426649e-003
  2.5316460e+003 -5.7571434e-004
  2.5329280e+003  1.8060051e-003
  2.5342120e+003  7.6895760e-004
  2.5354970e+003 -2.2888468e-003
  2.5367830e+003  2.9510299e-003
  2.5380710e+003  4.9506086e-003
  2.5393600e+003  3.4982713e-003
  2.5406500e+003  2.3516950e-003
  2.5419420e+003 -1.4307682e-004
  2.5432350e+003 -1.9700653e-003
  2.5445290e+003 -3.7257181e-004
  2.5458250e+003  1.9760563e-003
  2.5471220e+003  1.4110494e-003
  2.5484200e+003 -1.9498020e-003
  2.5497190e+003  9.9390128e-004
  2.5510200e+003 -6.2250707e-004
  2.5523230e+003 -5.9383578e-004
  2.5536260e+003 -2.1241624e-003
  2.5549310e+003 -2.2179720e-003
  2.5562370e+003 -3.2386261e-003
  2.5575450e+003 -4.2817320e-004
  2.5588540e+003  1.1116927e-003
  2.5601640e+003 -4.2293011e-004
  2.5614750e+003  1.3937756e-003
  2.5627880e+003 -3.0483524e-004
  2.5641030e+003 -5.4585258e-004
  2.5654180e+003  2.4735711e-003
  2.5667350e+003 -2.7918522e-003
  2.5680530e+003  2.0963605e-003
  2.5693730e+003  6.5366889e-004
  2.5706940e+003 -9.5695624e-004
  2.5720160e+003  7.3819526e-004
  2.5733400e+003 -7.9840340e-004
  2.5746650e+003 -1.8540364e-003
  2.5759920e+003 -2.2693516e-003
  2.5773200e+003 -1.1189814e-004
  2.5786490e+003  9.5645670e-004
  2.5799790e+003  1.3649742e-003
  2.5813110e+003  1.5406985e-003
  2.5826450e+003  7.2443443e-005
  2.5839790e+003 -5.3903990e-004
  2.5853150e+003  1.4920970e-003
  2.5866530e+003  1.8432189e-004
  2.5879920e+003  5.2034901e-004
  2.5893320e+003  1.8848050e-003
  2.5906740e+003  2.3356102e-004
  2.5920170e+003  1.5596902e-003
  2.5933610e+003 -1.7759410e-003
  2.5947070e+003 -2.3062504e-004
  2.5960540e+003 -9.3729811e-004
  2.5974030e+003 -5.1250687e-004
  2.5987530e+003  7.1248919e-004
  2.6001040e+003  6.5922301e-004
  2.6014570e+003 -1.8897665e-003
  2.6028110e+003 -5.9275248e-004
  2.6041670e+003 -3.3758690e-003
  2.6055240e+003 -2.9482371e-003
  2.6068820e+003 -4.9239560e-004
  2.6082420e+003 -4.0741442e-003
  2.6096030e+003 -6.4004003e-004
  2.6109660e+003  9.5147104e-004
  2.6123300e+003 -2.2104490e-003
  2.6136960e+003 -1.4980626e-004
  2.6150630e+003  1.9958965e-003
  2.6164310e+003  1.1901824e-004
  2.6178010e+003  2.6938694e-003
  2.6191720e+003  1.4465334e-003
  2.6205450e+003  2.7148178e-004
  2.6219190e+003 -5.6010135e-003
  2.6232950e+003  2.4773632e-004
  2.6246720e+003  1.7313531e-003
  2.6260500e+003 -1.7470305e-003
  2.6274300e+003 -1.6615324e-003
  2.6288120e+003  6.1045802e-004
  2.6301950e+003  8.5576304e-004
  2.6315790e+003 -2.3864899e-003
  2.6329650e+003 -4.1863928e-003
  2.6343520e+003  9.5593376e-004
  2.6357410e+003 -2.2794181e-004
  2.6371310e+003 -2.4071385e-003
  2.6385220e+003  1.1450045e-003
  2.6399160e+003  7.0704184e-005
  2.6413100e+003  8.0181501e-004
  2.6427060e+003  3.1040478e-003
  2.6441040e+003  1.5250064e-003
  2.6455030e+003  1.9429033e-003
  2.6469030e+003 -1.2617252e-003
  2.6483050e+003  1.2946198e-003
  2.6497080e+003 -9.8796771e-004
  2.6511140e+003  2.3543797e-003
  2.6525200e+003 -1.8317176e-003
  2.6539280e+003 -1.0115362e-003
  2.6553370e+003  2.8851975e-004
  2.6567480e+003  1.7372764e-003
  2.6581600e+003 -8.6250680e-004
  2.6595740e+003  2.0050108e-003
  2.6609900e+003  1.5408128e-003
  2.6624070e+003 -1.8363965e-003
  2.6638250e+003 -8.2798178e-006
  2.6652450e+003  1.5760185e-003
  2.6666670e+003  1.9129265e-004
  2.6680900e+003  8.2866274e-005
  2.6695140e+003 -1.2083034e-003
  2.6709400e+003  3.0175745e-004
  2.6723680e+003 -1.0196381e-003
  2.6737970e+003 -2.2774437e-004
  2.6752280e+003  1.0244888e-003
  2.6766590e+003  1.3495901e-003
  2.6780930e+003  6.3929759e-004
  2.6795280e+003 -7.4780261e-004
  2.6809650e+003  1.9771124e-003
  2.6824040e+003  1.5834264e-003
  2.6838430e+003  1.3917593e-003
  2.6852850e+003  9.4828871e-004
  2.6867280e+003 -8.0727774e-004
  2.6881720e+003  3.9049536e-003
  2.6896180e+003  1.5561912e-003
  2.6910660e+003 -2.7821278e-003
  2.6925150e+003 -1.7041017e-003
  2.6939660e+003  1.6592073e-003
  2.6954180e+003 -2.1580877e-003
  2.6968720e+003  2.6776248e-003
  2.6983270e+003 -1.6895034e-004
  2.6997840e+003 -1.0584997e-003
  2.7012430e+003 -8.4825867e-004
  2.7027030e+003  2.9345037e-004
  2.7041650e+003 -1.7502559e-003
  2.7056280e+003  2.7704440e-004
  2.7070930e+003  1.8900168e-003
  2.7085590e+003  4.2224911e-004
  2.7100270e+003 -1.7178926e-003
  2.7114970e+003 -1.5368576e-003
  2.7129680e+003  2.1771083e-003
  2.7144410e+003 -1.6845403e-003
  2.7159150e+003 -2.6873914e-003
  2.7173910e+003 -2.5885331e-003
  2.7188690e+003 -2.6258437e-003
  2.7203480e+003  3.3403825e-004
  2.7218290e+003  2.2153719e-004
  2.7233120e+003 -2.5750261e-003
  2.7247960e+003  2.2964911e-003
  2.7262810e+003  3.5753581e-004
  2.7277690e+003  8.7423727e-004
  2.7292580e+003  1.8467137e-003
  2.7307480e+003 -3.2796324e-004
  2.7322400e+003 -1.2610505e-003
  2.7337340e+003  1.0355718e-003
  2.7352300e+003  2.1497968e-004
  2.7367270e+003  4.9609778e-004
  2.7382260e+003  2.4946476e-004
  2.7397260e+003  4.0756552e-003
  2.7412280e+003 -6.0770230e-004
  2.7427320e+003 -8.1063947e-004
  2.7442370e+003 -9.3837641e-004
  2.7457440e+003 -2.4480359e-003
  2.7472530e+003  2.0955419e-003
  2.7487630e+003  2.3644473e-003
  2.7502750e+003 -2.3791326e-005
  2.7517890e+003  7.2514283e-004
  2.7533040e+003 -1.1375025e-003
  2.7548210e+003  3.0976810e-004
  2.7563400e+003 -3.3785789e-003
  2.7578600e+003  1.6625641e-003
  2.7593820e+003  2.0964209e-003
  2.7609060e+003 -1.6083379e-003
  2.7624310e+003 -2.4489997e-005
  2.7639580e+003  2.6228598e-003
  2.7654870e+003 -2.0746155e-004
  2.7670170e+003  2.4738573e-003
  2.7685490e+003 -1.1206629e-003
  2.7700830e+003  5.7201978e-004
  2.7716190e+003  1.7313800e-003
  2.7731560e+003 -1.1899848e-004
  2.7746950e+003 -3.9322102e-003
  2.7762350e+003 -1.3245153e-003
  2.7777780e+003  3.3646324e-004
  2.7793220e+003  1.9696014e-005
  2.7808680e+003  3.1779548e-003
  2.7824150e+003 -2.4899177e-003
  2.7839640e+003 -4.0904970e-007
  2.7855150e+003 -6.0066388e-005
  2.7870680e+003  1.5120223e-004
  2.7886230e+003 -1.3205743e-003
  2.7901780e+003 -7.3681964e-004
  2.7917360e+003 -1.3320770e-003
  2.7932960e+003  1.8930509e-003
  2.7948570e+003  2.3822600e-003
  2.7964210e+003  1.0754035e-003
  2.7979860e+003 -2.3838978e-003
  2.7995520e+003 -2.6408704e-003
  2.8011210e+003  1.0894249e-005
  2.8026900e+003  1.3618694e-003
  2.8042620e+003  2.4745152e-003
  2.8058360e+003  1.9691428e-003
  2.8074120e+003  1.4512012e-003
  2.8089890e+003  4.1475254e-003
  2.8105680e+003 -6.5758958e-004
  2.8121480e+003 -2.6702217e-003
  2.8137310e+003  3.0553057e-003
  2.8153150e+003  3.4833332e-003
  2.8169010e+003 -1.4817214e-003
  2.8184890e+003 -3.6739506e-004
  2.8200790e+003 -1.1420323e-003
  2.8216700e+003 -1.5426533e-003
  2.8232640e+003 -1.4238931e-003
  2.8248590e+003 -4.2352825e-004
  2.8264560e+003 -1.5889896e-003
  2.8280540e+003  2.2556148e-003
  2.8296550e+003 -1.3719469e-004
  2.8312570e+003 -1.0394308e-003
  2.8328610e+003  1.6959335e-003
  2.8344670e+003  2.7706448e-003
  2.8360750e+003  1.9884922e-003
  2.8376850e+003  1.6034404e-003
  2.8392960e+003  1.8205030e-003
  2.8409090e+003 -5.1780423e-004
  2.8425240e+003 -1.4017997e-003
  2.8441410e+003 -1.1311331e-003
  2.8457600e+003  7.2938774e-004
  2.8473800e+003  1.3161182e-003
  2.8490030e+003 -3.1414570e-003
  2.8506270e+003  2.4593340e-003
  2.8522530e+003 -2.7441073e-004
  2.8538810e+003  4.7231157e-004
  2.8555110e+003 -1.8242828e-003
  2.8571430e+003 -1.5511175e-004
  2.8587770e+003  4.9603067e-004
  2.8604120e+003 -2.0715403e-003
  2.8620490e+003 -2.2059128e-004
  2.8636880e+003 -1.7426537e-003
  2.8653300e+003  2.2505501e-003
  2.8669730e+003 -1.7185630e-003
  2.8686170e+003 -5.7404354e-004
  2.8702640e+003  4.0064389e-003
  2.8719130e+003 -1.0685980e-003
  2.8735630e+003 -1.5923734e-003
  2.8752160e+003 -4.6787825e-003
  2.8768700e+003 -2.2947467e-003
  2.8785260e+003  1.8777794e-003
  2.8801840e+003  4.9727561e-004
  2.8818440e+003 -2.1200685e-003
  2.8835060e+003  1.3542362e-003
  2.8851700e+003 -2.5414527e-004
  2.8868360e+003  2.1031101e-003
  2.8885040e+003 -3.3952142e-004
  2.8901730e+003  9.8905899e-004
  2.8918450e+003 -1.7101838e-003
  2.8935190e+003 -1.2513159e-003
  2.8951940e+003  3.6857327e-004
  2.8968720e+003 -6.7652675e-004
  2.8985510e+003 -2.6443441e-004
  2.9002320e+003 -7.9035776e-004
  2.9019150e+003 -1.5353570e-003
  2.9036000e+003  3.2479349e-003
  2.9052880e+003  5.3115195e-004
  2.9069770e+003 -3.1732435e-003
  2.9086680e+003  1.5499523e-003
  2.9103610e+003  7.8421662e-004
  2.9120560e+003 -3.9616125e-006
  2.9137530e+003  7.2758907e-005
  2.9154520e+003  7.9938740e-004
  2.9171530e+003 -2.2205596e-003
  2.9188560e+003 -7.2850485e-004
  2.9205610e+003  5.0813204e-004
  2.9222680e+003  9.5606950e-004
  2.9239770e+003  1.6459120e-003
  2.9256880e+003  1.6059734e-004
  2.9274010e+003  2.7768239e-003
  2.9291150e+003 -1.0368460e-003
  2.9308330e+003  1.5232721e-003
  2.9325510e+003  1.8249135e-004
  2.9342720e+003 -1.9399952e-003
  2.9359950e+003  1.7775984e-003
  2.9377200e+003 -1.1679505e-003
  2.9394480e+003  9.8643079e-004
  2.9411760e+003  1.8541564e-003
  2.9429070e+003  1.0094710e-003
  2.9446410e+003  3.6703111e-004
  2.9463760e+003 -9.1923628e-004
  2.9481130e+003 -1.7218490e-003
  2.9498520e+003  5.3586793e-004
  2.9515940e+003 -1.6924586e-003
  2.9533370e+003  1.7383678e-003
  2.9550830e+003 -2.1200486e-004
  2.9568300e+003  9.0150902e-004
  2.9585800e+003 -5.2058301e-004
  2.9603320e+003 -1.7289860e-004
  2.9620850e+003 -7.8572572e-004
  2.9638410e+003  1.1433340e-003
  2.9655990e+003 -5.7022204e-004
  2.9673590e+003 -1.5298456e-003
  2.9691210e+003 -1.4255799e-003
  2.9708850e+003 -8.4891228e-004
  2.9726520e+003  1.1747436e-004
  2.9744200e+003 -2.9117467e-003
  2.9761910e+003  2.6907958e-003
  2.9779630e+003  1.4351248e-003
  2.9797380e+003  1.2930735e-003
  2.9815150e+003 -1.8079823e-003
  2.9832930e+003 -1.3237803e-003
  2.9850750e+003  1.4611527e-003
  2.9868580e+003 -5.8049382e-006
  2.9886430e+003  7.4997610e-005
  2.9904300e+003 -3.6350181e-004
  2.9922200e+003  1.5064519e-003
  2.9940120e+003  2.0910578e-003
  2.9958060e+003 -5.8671960e-004
  2.9976020e+003  9.5941934e-005
  2.9994000e+003  1.7052474e-003
  3.0012000e+003  0.0000000e+000
  3.0030030e+003  0.0000000e+000
  3.0048080e+003  0.0000000e+000
  3.0066150e+003  0.0000000e+000
  3.0084240e+003  0.0000000e+000
  3.0102350e+003  0.0000000e+000
  3.0120480e+003  0.0000000e+000
  3.0138640e+003  0.0000000e+000
  3.0156820e+003  0.0000000e+000
  3.0175020e+003  0.0000000e+000
  3.0193240e+003  0.0000000e+000
  3.0211480e+003  0.0000000e+000
  3.0229750e+003  0.0000000e+000
  3.0248030e+003  0.0000000e+000
  3.0266350e+003  0.0000000e+000
  3.0284680e+003  0.0000000e+000
  3.0303030e+003  0.0000000e+000
  3.0321410e+003  0.0000000e+000
  3.0339800e+003  0.0000000e+000
  3.0358230e+003  0.0000000e+000
  3.0376670e+003  0.0000000e+000
  3.0395140e+003  0.0000000e+000
  3.0413630e+003  0.0000000e+000
  3.0432140e+003  0.0000000e+000
  3.0450670e+003  0.0000000e+000
  3.0469230e+003  0.0000000e+000
  3.0487810e+003  0.0000000e+000
  3.0506410e+003  0.0000000e+000
  3.0525030e+003  0.0000000e+000
  3.0543680e+003  0.0000000e+000
  3.0562350e+003  0.0000000e+000
  3.0581040e+003  0.0000000e+000
  3.0599760e+003  0.0000000e+000
  3.0618490e+003  0.0000000e+000
  3.0637260e+003  0.0000000e+000
  3.0656040e+003  0.0000000e+000
  3.0674850e+003  0.0000000e+000
  3.0693680e+003  0.0000000e+000
  3.0712530e+003  0.0000000e+000
  3.0731410e+003  0.0000000e+000
  3.0750310e+003  0.0000000e+000
  3.0769230e+003  0.0000000e+000
  3.0788180e+003  0.0000000e+000
  3.0807150e+003  0.0000000e+000
  3.0826140e+003  0.0000000e+000
  3.0845160e+003  0.0000000e+000
  3.0864200e+003  0.0000000e+000
  3.0883260e+003  0.0000000e+000
  3.0902350e+003  0.0000000e+000
  3.0921460e+003  0.0000000e+000
  3.0940590e+003  0.0000000e+000
  3.0959750e+003  0.0000000e+000
  3.0978940e+003  0.0000000e+000
  3.0998140e+003  0.0000000e+000
  3.1017370e+003  0.0000000e+000
  3.1036620e+003  0.0000000e+000
  3.1055900e+003  0.0000000e+000
  3.1075200e+003  0.0000000e+000
  3.1094530e+003  0.0000000e+000
  3.1113880e+003  0.0000000e+000
  3.1133250e+003  0.0000000e+000
  3.1152650e+003  0.0000000e+000
  3.1172070e+003  0.0000000e+000
  3.1191520e+003  0.0000000e+000
  3.1210990e+003  0.0000000e+000
  3.1230480e+003  0.0000000e+000
  3.1250000e+003  0.0000000e+000
  3.1269540e+003  0.0000000e+000
  3.1289110e+003  0.0000000e+000
  3.1308700e+003  0.0000000e+000
  3.1328320e+003  0.0000000e+000
  3.1347960e+003  0.0000000e+000
  3.1367630e+003  0.0000000e+000
  3.1387320e+003  0.0000000e+000
  3.1407040e+003  0.0000000e+000
  3.1426780e+003  0.0000000e+000
  3.1446540e+003  0.0000000e+000
  3.1466330e+003  0.0000000e+000
  3.1486150e+003  0.0000000e+000
  3.1505990e+003  0.0000000e+000
  3.1525850e+003  0.0000000e+000
  3.1545740e+003  0.0000000e+000
  3.1565660e+003  0.0000000e+000
  3.1585600e+003  0.0000000e+000
  3.1605560e+003  0.0000000e+000
  3.1625550e+003  0.0000000e+000
  3.1645570e+003  0.0000000e+000
  3.1665610e+003  0.0000000e+000
  3.1685680e+003  0.0000000e+000
  3.1705770e+003  0.0000000e+000
  3.1725890e+003  0.0000000e+000
  3.1746030e+003  0.0000000e+000
  3.1766200e+003  0.0000000e+000
  3.1786400e+003  0.0000000e+000
  3.1806620e+003  0.0000000e+000
  3.1826860e+003  0.0000000e+000
  3.1847130e+003  0.0000000e+000
  3.1867430e+003  0.0000000e+000
  3.1887760e+003  0.0000000e+000
  3.1908100e+003  0.0000000e+000
  3.1928480e+003  0.0000000e+000
  3.1948880e+003  0.0000000e+000
  3.1969310e+003  0.0000000e+000
  3.1989760e+003  0.0000000e+000
  3.2010240e+003  0.0000000e+000
  3.2030750e+003  0.0000000e+000
  3.2051280e+003  0.0000000e+000
  3.2071840e+003  0.0000000e+000
  3.2092430e+003  0.0000000e+000
  3.2113040e+003  0.0000000e+000
  3.2133680e+003  0.0000000e+000
  3.2154340e+003  0.0000000e+000
  3.2175030e+003  0.0000000e+000
  3.2195750e+003  0.0000000e+000
  3.2216490e+003  0.0000000e+000
  3.2237270e+003  0.0000000e+000
  3.2258070e+003  0.0000000e+000
  3.2278890e+003  0.0000000e+000
  3.2299740e+003  0.0000000e+000
  3.2320620e+003  0.0000000e+000
  3.2341530e+003  0.0000000e+000
  3.2362460e+003  0.0000000e+000
  3.2383420e+003  0.0000000e+000
  3.2404410e+003  0.0000000e+000
  3.2425420e+003  0.0000000e+000
  3.2446460e+003  0.0000000e+000
  3.2467530e+003  0.0000000e+000
  3.2488630e+003  0.0000000e+000
  3.2509750e+003  0.0000000e+000
  3.2530910e+003  0.0000000e+000
  3.2552080e+003  0.0000000e+000
  3.2573290e+003  0.0000000e+000
  3.2594520e+003  0.0000000e+000
  3.2615790e+003  0.0000000e+000
  3.2637080e+003  0.0000000e+000
  3.2658390e+003  0.0000000e+000
  3.2679740e+003  0.0000000e+000
  3.2701110e+003  0.0000000e+000
  3.2722510e+003  0.0000000e+000
  3.2743940e+003  0.0000000e+000
  3.2765400e+003  0.0000000e+000
  3.2786880e+003  0.0000000e+000
  3.2808400e+003  0.0000000e+000
  3.2829940e+003  0.0000000e+000
  3.2851510e+003  0.0000000e+000
  3.2873110e+003  0.0000000e+000
  3.2894740e+003  0.0000000e+000
  3.2916390e+003  0.0000000e+000
  3.2938080e+003  0.0000000e+000
  3.2959790e+003  0.0000000e+000
  3.2981530e+003  0.0000000e+000
  3.3003300e+003  0.0000000e+000
  3.3025100e+003  0.0000000e+000
  3.3046930e+003  0.0000000e+000
  3.3068780e+003  0.0000000e+000
  3.3090670e+003  0.0000000e+000
  3.3112580e+003  0.0000000e+000
  3.3134530e+003  0.0000000e+000
  3.3156500e+003  0.0000000e+000
  3.3178500e+003  0.0000000e+000
  3.3200530e+003  0.0000000e+000
  3.3222590e+003  0.0000000e+000
  3.3244680e+003  0.0000000e+000
  3.3266800e+003  0.0000000e+000
  3.3288950e+003  0.0000000e+000
  3.3311130e+003  0.0000000e+000
  3.3333330e+003  0.0000000e+000
  3.3355570e+003  0.0000000e+000
  3.3377840e+003  0.0000000e+000
  3.3400130e+003  0.0000000e+000
  3.3422460e+003  0.0000000e+000
  3.3444820e+003  0.0000000e+000
  3.3467200e+003  0.0000000e+000
  3.3489620e+003  0.0000000e+000
  3.3512070e+003  0.0000000e+000
  3.3534540e+003  0.0000000e+000
  3.3557050e+003  0.0000000e+000
  3.3579580e+003  0.0000000e+000
  3.3602150e+003  0.0000000e+000
  3.3624750e+003  0.0000000e+000
  3.3647380e+003  0.0000000e+000
  3.3670030e+003  0.0000000e+000
  3.3692720e+003  0.0000000e+000
  3.3715440e+003  0.0000000e+000
  3.3738190e+003  0.0000000e+000
  3.3760970e+003  0.0000000e+000
  3.3783780e+003  0.0000000e+000
  3.3806630e+003  0.0000000e+000
  3.3829500e+003  0.0000000e+000
  3.3852400e+003  0.0000000e+000
  3.3875340e+003  0.0000000e+000
  3.3898310e+003  0.0000000e+000
  3.3921300e+003  0.0000000e+000
  3.3944330e+003  0.0000000e+000
  3.3967390e+003  0.0000000e+000
  3.3990480e+003  0.0000000e+000
  3.4013610e+003  0.0000000e+000
  3.4036760e+003  0.0000000e+000
  3.4059940e+003  0.0000000e+000
  3.4083160e+003  0.0000000e+000
  3.4106410e+003  0.0000000e+000
  3.4129690e+003  0.0000000e+000
  3.4153010e+003  0.0000000e+000
  3.4176350e+003  0.0000000e+000
  3.4199730e+003  0.0000000e+000
  3.4223130e+003  0.0000000e+000
  3.4246570e+003  0.0000000e+000
  3.4270050e+003  0.0000000e+000
  3.4293550e+003  0.0000000e+000
  3.4317090e+003  0.0000000e+000
  3.4340660e+003  0.0000000e+000
  3.4364260e+003  0.0000000e+000
  3.4387900e+003  0.0000000e+000
  3.4411560e+003  0.0000000e+000
  3.4435260e+003  0.0000000e+000
  3.4458990e+003  0.0000000e+000
  3.4482760e+003  0.0000000e+000
  3.4506560e+003  0.0000000e+000
  3.4530390e+003  0.0000000e+000
  3.4554250e+003  0.0000000e+000
  3.4578150e+003  0.0000000e+000
  3.4602080e+003  0.0000000e+000
  3.4626040e+003  0.0000000e+000
  3.4650040e+003  0.0000000e+000
  3.4674060e+003  0.0000000e+000
  3.4698130e+003  0.0000000e+000
  3.4722220e+003  0.0000000e+000
  3.4746350e+003  0.0000000e+000
  3.4770520e+003  0.0000000e+000
  3.4794710e+003  0.0000000e+000
  3.4818940e+003  0.0000000e+000
  3.4843210e+003  0.0000000e+000
  3.4867500e+003  0.0000000e+000
  3.4891840e+003  0.0000000e+000
  3.4916200e+003  0.0000000e+000
  3.4940600e+003  0.0000000e+000
  3.4965040e+003  0.0000000e+000
  3.4989500e+003  0.0000000e+000
  3.5014010e+003  0.0000000e+000
  3.5038540e+003  0.0000000e+000
  3.5063110e+003  0.0000000e+000
  3.5087720e+003  0.0000000e+000
  3.5112360e+003  0.0000000e+000
  3.5137040e+003  0.0000000e+000
  3.5161740e+003  0.0000000e+000
  3.5186490e+003  0.0000000e+000
  3.5211270e+003  0.0000000e+000
  3.5236080e+003  0.0000000e+000
  3.5260930e+003  0.0000000e+000
  3.5285810e+003  0.0000000e+000
  3.5310730e+003  0.0000000e+000
  3.5335690e+003  0.0000000e+000
  3.5360680e+003  0.0000000e+000
  3.5385710e+003  0.0000000e+000
  3.5410770e+003  0.0000000e+000
  3.5435860e+003  0.0000000e+000
  3.5460990e+003  0.0000000e+000
  3.5486160e+003  0.0000000e+000
  3.5511360e+003  0.0000000e+000
  3.5536600e+003  0.0000000e+000
  3.5561880e+003  0.0000000e+000
  3.5587190e+003  0.0000000e+000
  3.5612530e+003  0.0000000e+000
  3.5637920e+003  0.0000000e+000
  3.5663340e+003  0.0000000e+000
  3.5688790e+003  0.0000000e+000
  3.5714290e+003  0.0000000e+000
  3.5739810e+003  0.0000000e+000
  3.5765380e+003  0.0000000e+000
  3.5790980e+003  0.0000000e+000
  3.5816620e+003  0.0000000e+000
  3.5842290e+003  0.0000000e+000
  3.5868010e+003  0.0000000e+000
  3.5893750e+003  0.0000000e+000
  3.5919540e+003  0.0000000e+000
  3.5945360e+003  0.0000000e+000
  3.5971220e+003  0.0000000e+000
  3.5997120e+003  0.0000000e+000
  3.6023050e+003  0.0000000e+000
  3.6049030e+003  0.0000000e+000
  3.6075030e+003  0.0000000e+000
  3.6101080e+003  0.0000000e+000
  3.6127170e+003  0.0000000e+000
  3.6153290e+003  0.0000000e+000
  3.6179450e+003  0.0000000e+000
  3.6205650e+003  0.0000000e+000
  3.6231880e+003  0.0000000e+000
  3.6258160e+003  0.0000000e+000
  3.6284470e+003  0.0000000e+000
  3.6310820e+003  0.0000000e+000
  3.6337210e+003  0.0000000e+000
  3.6363640e+003  0.0000000e+000
  3.6390100e+003  0.0000000e+000
  3.6416610e+003  0.0000000e+000
  3.6443150e+003  0.0000000e+000
  3.6469730e+003  0.0000000e+000
  3.6496350e+003  0.0000000e+000
  3.6523010e+003  0.0000000e+000
  3.6549710e+003  0.0000000e+000
  3.6576450e+003  0.0000000e+000
  3.6603220e+003  0.0000000e+000
  3.6630040e+003  0.0000000e+000
  3.6656890e+003  0.0000000e+000
  3.6683780e+003  0.0000000e+000
  3.6710720e+003  0.0000000e+000
  3.6737700e+003  0.0000000e+000
  3.6764700e+003  0.0000000e+000
  3.6791760e+003  0.0000000e+000
  3.6818850e+003  0.0000000e+000
  3.6845980e+003  0.0000000e+000
  3.6873160e+003  0.0000000e+000
  3.6900370e+003  0.0000000e+000
  3.6927620e+003  0.0000000e+000
  3.6954910e+003  0.0000000e+000
  3.6982250e+003  0.0000000e+000
  3.7009620e+003  0.0000000e+000
  3.7037040e+003  0.0000000e+000
  3.7064490e+003  0.0000000e+000
  3.7091990e+003  0.0000000e+000
  3.7119520e+003  0.0000000e+000
  3.7147100e+003  0.0000000e+000
  3.7174720e+003  0.0000000e+000
  3.7202380e+003  0.0000000e+000
  3.7230080e+003  0.0000000e+000
  3.7257820e+003  0.0000000e+000
  3.7285610e+003  0.0000000e+000
  3.7313430e+003  0.0000000e+000
  3.7341300e+003  0.0000000e+000
  3.7369210e+003  0.0000000e+000
  3.7397160e+003  0.0000000e+000
  3.7425150e+003  0.0000000e+000
  3.7453180e+003  0.0000000e+000
  3.7481260e+003  0.0000000e+000
  3.7509380e+003  0.0000000e+000
  3.7537540e+003  0.0000000e+000
  3.7565740e+003  0.0000000e+000
  3.7593980e+003  0.0000000e+000
  3.7622270e+003  0.0000000e+000
  3.7650600e+003  0.0000000e+000
  3.7678970e+003  0.0000000e+000
  3.7707390e+003  0.0000000e+000
  3.7735850e+003  0.0000000e+000
  3.7764350e+003  0.0000000e+000
  3.7792900e+003  0.0000000e+000
  3.7821480e+003  0.0000000e+000
  3.7850110e+003  0.0000000e+000
  3.7878790e+003  0.0000000e+000
  3.7907500e+003  0.0000000e+000
  3.7936270e+003  0.0000000e+000
  3.7965070e+003  0.0000000e+000
  3.7993920e+003  0.0000000e+000
  3.8022810e+003  0.0000000e+000
  3.8051750e+003  0.0000000e+000
  3.8080730e+003  0.0000000e+000
  3.8109760e+003  0.0000000e+000
  3.8138830e+003  0.0000000e+000
  3.8167940e+003  0.0000000e+000
  3.8197100e+003  0.0000000e+000
  3.8226300e+003  0.0000000e+000
  3.8255550e+003  0.0000000e+000
  3.8284840e+003  0.0000000e+000
  3.8314180e+003  0.0000000e+000
  3.8343560e+003  0.0000000e+000
  3.8372990e+003  0.0000000e+000
  3.8402460e+003  0.0000000e+000
  3.8431980e+003  0.0000000e+000
  3.8461540e+003  0.0000000e+000
  3.8491150e+003  0.0000000e+000
  3.8520800e+003  0.0000000e+000
  3.8550500e+003  0.0000000e+000
  3.8580250e+003  0.0000000e+000
  3.8610040e+003  0.0000000e+000
  3.8639880e+003  0.0000000e+000
  3.8669760e+003  0.0000000e+000
  3.8699690e+003  0.0000000e+000
  3.8729670e+003  0.0000000e+000
  3.8759690e+003  0.0000000e+000
  3.8789760e+003  0.0000000e+000
  3.8819880e+003  0.0000000e+000
  3.8850040e+003  0.0000000e+000
  3.8880250e+003  0.0000000e+000
  3.8910510e+003  0.0000000e+000
  3.8940810e+003  0.0000000e+000
  3.8971160e+003  0.0000000e+000
  3.9001560e+003  0.0000000e+000
  3.9032010e+003  0.0000000e+000
  3.9062500e+003  0.0000000e+000
  3.9093040e+003  0.0000000e+000
  3.9123630e+003  0.0000000e+000
  3.9154270e+003  0.0000000e+000
  3.9184950e+003  0.0000000e+000
  3.9215690e+003  0.0000000e+000
  3.9246470e+003  0.0000000e+000
  3.9277300e+003  0.0000000e+000
  3.9308180e+003  0.0000000e+000
  3.9339100e+003  0.0000000e+000
  3.9370080e+003  0.0000000e+000
  3.9401100e+003  0.0000000e+000
  3.9432180e+003  0.0000000e+000
  3.9463300e+003  0.0000000e+000
  3.9494470e+003  0.0000000e+000
  3.9525690e+003  0.0000000e+000
  3.9556960e+003  0.0000000e+000
  3.9588280e+003  0.0000000e+000
  3.9619650e+003  0.0000000e+000
  3.9651070e+003  0.0000000e+000
  3.9682540e+003  0.0000000e+000
  3.9714060e+003  0.0000000e+000
  3.9745630e+003  0.0000000e+000
  3.9777250e+003  0.0000000e+000
  3.9808920e+003  0.0000000e+000
  3.9840640e+003  0.0000000e+000
  3.9872410e+003  0.0000000e+000
  3.9904230e+003  0.0000000e+000
  3.9936100e+003  0.0000000e+000
  3.9968020e+003  0.0000000e+000
  4.0000000e+003  0.0000000e+000
