2230.0 0.005857
2231.0 0.005799
2232.0 0.00574
2233.0 0.005679
2234.0 0.005616
2235.0 0.005551
2236.0 0.005485
2237.0 0.005417
2238.0 0.005348
2239.0 0.005277
2240.0 0.005205
2241.0 0.005133
2242.0 0.005059
2243.0 0.004986
2244.0 0.004912
2245.0 0.004838
2246.0 0.004765
2247.0 0.004693
2248.0 0.004621
2249.0 0.004551
2250.0 0.004482
2251.0 0.004416
2252.0 0.004352
2253.0 0.00429
2254.0 0.004231
2255.0 0.004176
2256.0 0.004123
2257.0 0.004074
2258.0 0.004029
2259.0 0.003989
2260.0 0.003952
2261.0 0.003919
2262.0 0.003891
2263.0 0.003867
2264.0 0.003848
2265.0 0.003832
2266.0 0.003821
2267.0 0.003814
2268.0 0.003811
2269.0 0.003812
2270.0 0.003815
2271.0 0.003823
2272.0 0.003832
2273.0 0.003844
2274.0 0.003858
2275.0 0.003874
2276.0 0.00389
2277.0 0.003908
2278.0 0.003926
2279.0 0.003943
2280.0 0.00396
2281.0 0.003977
2282.0 0.003991
2283.0 0.004004
2284.0 0.004015
2285.0 0.004023
2286.0 0.004029
2287.0 0.004031
2288.0 0.004031
2289.0 0.004027
2290.0 0.00402
2291.0 0.004009
2292.0 0.003996
2293.0 0.003978
2294.0 0.003957
2295.0 0.003934
2296.0 0.003907
2297.0 0.003878
2298.0 0.003846
2299.0 0.003812
2300.0 0.003777
2301.0 0.00374
2302.0 0.003703
2303.0 0.003665
2304.0 0.003628
2305.0 0.003591
2306.0 0.003556
2307.0 0.003522
2308.0 0.003491
2309.0 0.003463
2310.0 0.003439
2311.0 0.003418
2312.0 0.003403
2313.0 0.003393
2314.0 0.003389
2315.0 0.003389
2316.0 0.003397
2317.0 0.003412
2318.0 0.003433
2319.0 0.003463
2320.0 0.003499
2321.0 0.003544
2322.0 0.003596
2323.0 0.003657
2324.0 0.003724
2325.0 0.0038
2326.0 0.003883
2327.0 0.003973
2328.0 0.00407
2329.0 0.004174
2330.0 0.004284
2331.0 0.004399
2332.0 0.00452
2333.0 0.004644
2334.0 0.004774
2335.0 0.004906
2336.0 0.005041
2337.0 0.005179
2338.0 0.005317
2339.0 0.005456
2340.0 0.005596
2341.0 0.005735
2342.0 0.005873
2343.0 0.00601
2344.0 0.006143
2345.0 0.006275
2346.0 0.006403
2347.0 0.006528
2348.0 0.00665
2349.0 0.006768
2350.0 0.006881
2351.0 0.00699
2352.0 0.007095
2353.0 0.007196
2354.0 0.007293
2355.0 0.007386
2356.0 0.007475
2357.0 0.007562
2358.0 0.007644
2359.0 0.007724
2360.0 0.007802
2361.0 0.007878
2362.0 0.007952
2363.0 0.008026
2364.0 0.008098
2365.0 0.008171
2366.0 0.008245
2367.0 0.008318
2368.0 0.008394
2369.0 0.008471
2370.0 0.008551
2371.0 0.008631
2372.0 0.008716
2373.0 0.008803
2374.0 0.008893
2375.0 0.008988
2376.0 0.009085
2377.0 0.009186
2378.0 0.00929
2379.0 0.009398
2380.0 0.00951
2381.0 0.009625
2382.0 0.009744
2383.0 0.009865
2384.0 0.009988
2385.0 0.01012
2386.0 0.01024
2387.0 0.01037
2388.0 0.01051
2389.0 0.01064
2390.0 0.01078
2391.0 0.01091
2392.0 0.01105
2393.0 0.01119
2394.0 0.01132
2395.0 0.01146
2396.0 0.01159
2397.0 0.01173
2398.0 0.01186
2399.0 0.01199
2400.0 0.01212
2401.0 0.01224
2402.0 0.01237
2403.0 0.0125
2404.0 0.01262
2405.0 0.01273
2406.0 0.01285
2407.0 0.01296
2408.0 0.01307
2409.0 0.01318
2410.0 0.0133
2411.0 0.0134
2412.0 0.0135
2413.0 0.01361
2414.0 0.01372
2415.0 0.01382
2416.0 0.01393
2417.0 0.01403
2418.0 0.01413
2419.0 0.01423
2420.0 0.01434
2421.0 0.01444
2422.0 0.01455
2423.0 0.01466
2424.0 0.01478
2425.0 0.01489
2426.0 0.01501
2427.0 0.01513
2428.0 0.01526
2429.0 0.01539
2430.0 0.01553
2431.0 0.01567
2432.0 0.01581
2433.0 0.01597
2434.0 0.01613
2435.0 0.01629
2436.0 0.01647
2437.0 0.01665
2438.0 0.01683
2439.0 0.01704
2440.0 0.01724
2441.0 0.01744
2442.0 0.01767
2443.0 0.01789
2444.0 0.01813
2445.0 0.01837
2446.0 0.01863
2447.0 0.0189
2448.0 0.01917
2449.0 0.01945
2450.0 0.01975
2451.0 0.02005
2452.0 0.02035
2453.0 0.02067
2454.0 0.021
2455.0 0.02134
2456.0 0.02169
2457.0 0.02204
2458.0 0.02241
2459.0 0.02278
2460.0 0.02317
2461.0 0.02356
2462.0 0.02396
2463.0 0.02437
2464.0 0.02478
2465.0 0.0252
2466.0 0.02564
2467.0 0.02608
2468.0 0.02653
2469.0 0.02699
2470.0 0.02745
2471.0 0.02792
2472.0 0.0284
2473.0 0.02888
2474.0 0.02938
2475.0 0.02987
2476.0 0.03038
2477.0 0.0309
2478.0 0.03143
2479.0 0.03196
2480.0 0.0325
2481.0 0.03305
2482.0 0.03362
2483.0 0.03418
2484.0 0.03476
2485.0 0.03535
2486.0 0.03595
2487.0 0.03656
2488.0 0.03719
2489.0 0.03782
2490.0 0.03847
2491.0 0.03914
2492.0 0.03982
2493.0 0.04051
2494.0 0.04123
2495.0 0.04195
2496.0 0.04271
2497.0 0.04347
2498.0 0.04426
2499.0 0.04507
2500.0 0.0459
2501.0 0.04676
2502.0 0.04764
2503.0 0.04855
2504.0 0.04949
2505.0 0.05045
2506.0 0.05144
2507.0 0.05247
2508.0 0.05353
2509.0 0.05462
2510.0 0.05574
2511.0 0.05691
2512.0 0.0581
2513.0 0.05935
2514.0 0.06062
2515.0 0.06194
2516.0 0.06329
2517.0 0.06469
2518.0 0.06614
2519.0 0.06764
2520.0 0.06918
2521.0 0.07077
2522.0 0.0724
2523.0 0.07409
2524.0 0.07582
2525.0 0.07761
2526.0 0.07945
2527.0 0.08134
2528.0 0.0833
2529.0 0.0853
2530.0 0.08736
2531.0 0.08948
2532.0 0.09166
2533.0 0.09389
2534.0 0.09619
2535.0 0.09855
2536.0 0.101
2537.0 0.1034
2538.0 0.106
2539.0 0.1087
2540.0 0.1113
2541.0 0.114
2542.0 0.1169
2543.0 0.1197
2544.0 0.1226
2545.0 0.1257
2546.0 0.1287
2547.0 0.1319
2548.0 0.1351
2549.0 0.1384
2550.0 0.1417
2551.0 0.1452
2552.0 0.1488
2553.0 0.1523
2554.0 0.156
2555.0 0.1598
2556.0 0.1636
2557.0 0.1674
2558.0 0.1714
2559.0 0.1755
2560.0 0.1796
2561.0 0.1839
2562.0 0.1881
2563.0 0.1925
2564.0 0.1969
2565.0 0.2015
2566.0 0.2062
2567.0 0.2109
2568.0 0.2157
2569.0 0.2206
2570.0 0.2255
2571.0 0.2306
2572.0 0.2358
2573.0 0.241
2574.0 0.2464
2575.0 0.2518
2576.0 0.2572
2577.0 0.2629
2578.0 0.2685
2579.0 0.2743
2580.0 0.2801
2581.0 0.2861
2582.0 0.292
2583.0 0.2982
2584.0 0.3043
2585.0 0.3106
2586.0 0.317
2587.0 0.3234
2588.0 0.33
2589.0 0.3365
2590.0 0.3432
2591.0 0.3499
2592.0 0.3567
2593.0 0.3635
2594.0 0.3705
2595.0 0.3775
2596.0 0.3845
2597.0 0.3916
2598.0 0.3988
2599.0 0.406
2600.0 0.4133
2601.0 0.4206
2602.0 0.428
2603.0 0.4354
2604.0 0.4428
2605.0 0.4503
2606.0 0.4578
2607.0 0.4653
2608.0 0.4728
2609.0 0.4804
2610.0 0.4879
2611.0 0.4955
2612.0 0.503
2613.0 0.5106
2614.0 0.5182
2615.0 0.5257
2616.0 0.5333
2617.0 0.5408
2618.0 0.5483
2619.0 0.5558
2620.0 0.5633
2621.0 0.5707
2622.0 0.5781
2623.0 0.5855
2624.0 0.5928
2625.0 0.6001
2626.0 0.6072
2627.0 0.6144
2628.0 0.6215
2629.0 0.6286
2630.0 0.6356
2631.0 0.6426
2632.0 0.6495
2633.0 0.6562
2634.0 0.663
2635.0 0.6697
2636.0 0.6763
2637.0 0.6829
2638.0 0.6893
2639.0 0.6957
2640.0 0.702
2641.0 0.7083
2642.0 0.7145
2643.0 0.7206
2644.0 0.7266
2645.0 0.7326
2646.0 0.7384
2647.0 0.7443
2648.0 0.75
2649.0 0.7556
2650.0 0.7611
2651.0 0.7667
2652.0 0.7721
2653.0 0.7774
2654.0 0.7828
2655.0 0.7879
2656.0 0.7931
2657.0 0.7982
2658.0 0.8032
2659.0 0.8081
2660.0 0.813
2661.0 0.8178
2662.0 0.8226
2663.0 0.8273
2664.0 0.8319
2665.0 0.8365
2666.0 0.8409
2667.0 0.8454
2668.0 0.8497
2669.0 0.8541
2670.0 0.8583
2671.0 0.8625
2672.0 0.8667
2673.0 0.8708
2674.0 0.8748
2675.0 0.8787
2676.0 0.8826
2677.0 0.8865
2678.0 0.8902
2679.0 0.894
2680.0 0.8977
2681.0 0.9013
2682.0 0.9048
2683.0 0.9083
2684.0 0.9117
2685.0 0.9151
2686.0 0.9184
2687.0 0.9217
2688.0 0.9248
2689.0 0.9279
2690.0 0.931
2691.0 0.9339
2692.0 0.9368
2693.0 0.9397
2694.0 0.9425
2695.0 0.9451
2696.0 0.9478
2697.0 0.9503
2698.0 0.9529
2699.0 0.9553
2700.0 0.9577
2701.0 0.9599
2702.0 0.9622
2703.0 0.9643
2704.0 0.9664
2705.0 0.9684
2706.0 0.9703
2707.0 0.9722
2708.0 0.974
2709.0 0.9757
2710.0 0.9774
2711.0 0.979
2712.0 0.9806
2713.0 0.9819
2714.0 0.9834
2715.0 0.9847
2716.0 0.986
2717.0 0.9872
2718.0 0.9883
2719.0 0.9894
2720.0 0.9904
2721.0 0.9914
2722.0 0.9923
2723.0 0.9931
2724.0 0.994
2725.0 0.9946
2726.0 0.9953
2727.0 0.996
2728.0 0.9965
2729.0 0.9971
2730.0 0.9976
2731.0 0.998
2732.0 0.9984
2733.0 0.9987
2734.0 0.999
2735.0 0.9993
2736.0 0.9995
2737.0 0.9996
2738.0 0.9998
2739.0 0.9999
2740.0 1.0
2741.0 1.0
2742.0 1.0
2743.0 1.0
2744.0 0.9998
2745.0 0.9998
2746.0 0.9996
2747.0 0.9994
2748.0 0.9992
2749.0 0.999
2750.0 0.9988
2751.0 0.9984
2752.0 0.9981
2753.0 0.9978
2754.0 0.9974
2755.0 0.997
2756.0 0.9966
2757.0 0.9962
2758.0 0.9957
2759.0 0.9952
2760.0 0.9947
2761.0 0.9942
2762.0 0.9936
2763.0 0.993
2764.0 0.9925
2765.0 0.9918
2766.0 0.9912
2767.0 0.9905
2768.0 0.9899
2769.0 0.9892
2770.0 0.9885
2771.0 0.9878
2772.0 0.987
2773.0 0.9862
2774.0 0.9854
2775.0 0.9847
2776.0 0.9839
2777.0 0.983
2778.0 0.9822
2779.0 0.9814
2780.0 0.9805
2781.0 0.9796
2782.0 0.9787
2783.0 0.9778
2784.0 0.9769
2785.0 0.9759
2786.0 0.9749
2787.0 0.974
2788.0 0.9729
2789.0 0.9719
2790.0 0.9709
2791.0 0.9699
2792.0 0.9688
2793.0 0.9677
2794.0 0.9666
2795.0 0.9655
2796.0 0.9644
2797.0 0.9632
2798.0 0.962
2799.0 0.9608
2800.0 0.9596
2801.0 0.9584
2802.0 0.9571
2803.0 0.9558
2804.0 0.9545
2805.0 0.9532
2806.0 0.9518
2807.0 0.9504
2808.0 0.949
2809.0 0.9476
2810.0 0.9461
2811.0 0.9445
2812.0 0.943
2813.0 0.9415
2814.0 0.9399
2815.0 0.9383
2816.0 0.9367
2817.0 0.9349
2818.0 0.9333
2819.0 0.9315
2820.0 0.9297
2821.0 0.9279
2822.0 0.926
2823.0 0.9241
2824.0 0.9221
2825.0 0.9202
2826.0 0.9181
2827.0 0.916
2828.0 0.9139
2829.0 0.9118
2830.0 0.9096
2831.0 0.9074
2832.0 0.905
2833.0 0.9027
2834.0 0.9003
2835.0 0.8979
2836.0 0.8953
2837.0 0.8928
2838.0 0.8901
2839.0 0.8875
2840.0 0.8847
2841.0 0.8819
2842.0 0.8791
2843.0 0.8761
2844.0 0.8731
2845.0 0.8701
2846.0 0.867
2847.0 0.8638
2848.0 0.8605
2849.0 0.8572
2850.0 0.8538
2851.0 0.8503
2852.0 0.8467
2853.0 0.843
2854.0 0.8393
2855.0 0.8355
2856.0 0.8317
2857.0 0.8277
2858.0 0.8236
2859.0 0.8195
2860.0 0.8153
2861.0 0.8109
2862.0 0.8065
2863.0 0.802
2864.0 0.7975
2865.0 0.7928
2866.0 0.788
2867.0 0.7832
2868.0 0.7782
2869.0 0.7731
2870.0 0.768
2871.0 0.7628
2872.0 0.7574
2873.0 0.752
2874.0 0.7465
2875.0 0.7409
2876.0 0.7352
2877.0 0.7294
2878.0 0.7236
2879.0 0.7176
2880.0 0.7116
2881.0 0.7055
2882.0 0.6992
2883.0 0.6929
2884.0 0.6866
2885.0 0.6801
2886.0 0.6736
2887.0 0.667
2888.0 0.6604
2889.0 0.6536
2890.0 0.6468
2891.0 0.64
2892.0 0.633
2893.0 0.6261
2894.0 0.619
2895.0 0.612
2896.0 0.6048
2897.0 0.5977
2898.0 0.5904
2899.0 0.5831
2900.0 0.5759
2901.0 0.5685
2902.0 0.5613
2903.0 0.5539
2904.0 0.5465
2905.0 0.5391
2906.0 0.5317
2907.0 0.5243
2908.0 0.5169
2909.0 0.5095
2910.0 0.5021
2911.0 0.4946
2912.0 0.4873
2913.0 0.4799
2914.0 0.4726
2915.0 0.4652
2916.0 0.4579
2917.0 0.4506
2918.0 0.4433
2919.0 0.4362
2920.0 0.429
2921.0 0.4219
2922.0 0.4148
2923.0 0.4078
2924.0 0.4007
2925.0 0.3938
2926.0 0.3869
2927.0 0.3801
2928.0 0.3733
2929.0 0.3667
2930.0 0.36
2931.0 0.3534
2932.0 0.347
2933.0 0.3405
2934.0 0.3342
2935.0 0.3279
2936.0 0.3217
2937.0 0.3155
2938.0 0.3095
2939.0 0.3035
2940.0 0.2976
2941.0 0.2918
2942.0 0.2861
2943.0 0.2805
2944.0 0.2749
2945.0 0.2695
2946.0 0.264
2947.0 0.2588
2948.0 0.2535
2949.0 0.2484
2950.0 0.2434
2951.0 0.2383
2952.0 0.2334
2953.0 0.2287
2954.0 0.224
2955.0 0.2193
2956.0 0.2148
2957.0 0.2103
2958.0 0.2059
2959.0 0.2016
2960.0 0.1974
2961.0 0.1933
2962.0 0.1892
2963.0 0.1852
2964.0 0.1813
2965.0 0.1774
2966.0 0.1737
2967.0 0.17
2968.0 0.1664
2969.0 0.1628
2970.0 0.1594
2971.0 0.156
2972.0 0.1526
2973.0 0.1494
2974.0 0.1462
2975.0 0.1431
2976.0 0.1401
2977.0 0.137
2978.0 0.1341
2979.0 0.1313
2980.0 0.1285
2981.0 0.1258
2982.0 0.1231
2983.0 0.1205
2984.0 0.1179
2985.0 0.1154
2986.0 0.1129
2987.0 0.1105
2988.0 0.1081
2989.0 0.1059
2990.0 0.1036
2991.0 0.1014
2992.0 0.09926
2993.0 0.09715
2994.0 0.09509
2995.0 0.09309
2996.0 0.09113
2997.0 0.08921
2998.0 0.08733
2999.0 0.08549
3000.0 0.08369
3001.0 0.08194
3002.0 0.08022
3003.0 0.07855
3004.0 0.07691
3005.0 0.07531
3006.0 0.07374
3007.0 0.07221
3008.0 0.07071
3009.0 0.06925
3010.0 0.06781
3011.0 0.06642
3012.0 0.06505
3013.0 0.06371
3014.0 0.0624
3015.0 0.06112
3016.0 0.05988
3017.0 0.05866
3018.0 0.05746
3019.0 0.0563
3020.0 0.05517
3021.0 0.05405
3022.0 0.05296
3023.0 0.05189
3024.0 0.05086
3025.0 0.04984
3026.0 0.04885
3027.0 0.04788
3028.0 0.04693
3029.0 0.046
3030.0 0.0451
3031.0 0.04422
3032.0 0.04335
3033.0 0.0425
3034.0 0.04167
3035.0 0.04087
3036.0 0.04008
3037.0 0.03931
3038.0 0.03855
3039.0 0.03782
3040.0 0.0371
3041.0 0.03639
3042.0 0.03571
3043.0 0.03504
3044.0 0.03438
3045.0 0.03374
3046.0 0.03312
3047.0 0.0325
3048.0 0.0319
3049.0 0.03131
3050.0 0.03075
3051.0 0.03019
3052.0 0.02964
3053.0 0.02911
3054.0 0.02859
3055.0 0.02808
3056.0 0.02759
3057.0 0.02709
3058.0 0.02662
3059.0 0.02616
3060.0 0.0257
3061.0 0.02526
3062.0 0.02483
3063.0 0.0244
3064.0 0.02399
3065.0 0.02359
3066.0 0.02319
3067.0 0.02281
3068.0 0.02244
3069.0 0.02207
3070.0 0.02171
3071.0 0.02136
3072.0 0.02102
3073.0 0.02069
3074.0 0.02036
3075.0 0.02004
3076.0 0.01973
3077.0 0.01943
3078.0 0.01913
3079.0 0.01884
3080.0 0.01856
3081.0 0.01828
3082.0 0.01802
3083.0 0.01775
3084.0 0.0175
3085.0 0.01725
3086.0 0.017
3087.0 0.01677
3088.0 0.01654
3089.0 0.01631
3090.0 0.01609
3091.0 0.01587
3092.0 0.01566
3093.0 0.01546
3094.0 0.01526
3095.0 0.01506
3096.0 0.01488
3097.0 0.01469
3098.0 0.01451
3099.0 0.01433
3100.0 0.01416
3101.0 0.01399
3102.0 0.01383
3103.0 0.01367
3104.0 0.01351
3105.0 0.01336
3106.0 0.01321
3107.0 0.01307
3108.0 0.01293
3109.0 0.01279
3110.0 0.01265
3111.0 0.01252
3112.0 0.01239
3113.0 0.01226
3114.0 0.01214
3115.0 0.01202
3116.0 0.01191
3117.0 0.01179
3118.0 0.01168
3119.0 0.01157
3120.0 0.01146
3121.0 0.01135
3122.0 0.01125
3123.0 0.01114
3124.0 0.01105
3125.0 0.01095
3126.0 0.01086
3127.0 0.01077
3128.0 0.01067
3129.0 0.01058
3130.0 0.01049
3131.0 0.01041
3132.0 0.01032
3133.0 0.01024
3134.0 0.01015
3135.0 0.01007
3136.0 0.009993
3137.0 0.009916
3138.0 0.009839
3139.0 0.009763
3140.0 0.009687
3141.0 0.009613
3142.0 0.00954
3143.0 0.009468
3144.0 0.009396
3145.0 0.009326
3146.0 0.009255
3147.0 0.009187
3148.0 0.009118
3149.0 0.00905
3150.0 0.008983
3151.0 0.008917
3152.0 0.008851
3153.0 0.008786
3154.0 0.008721
3155.0 0.008657
3156.0 0.008593
3157.0 0.00853
3158.0 0.008466
3159.0 0.008404
3160.0 0.008342
3161.0 0.008279
3162.0 0.008218
3163.0 0.008157
3164.0 0.008096
3165.0 0.008035
3166.0 0.007974
3167.0 0.007914
3168.0 0.007854
3169.0 0.007793
3170.0 0.007733
3171.0 0.007674
3172.0 0.007614
3173.0 0.007554
3174.0 0.007495
3175.0 0.007436
3176.0 0.007377
3177.0 0.007318
3178.0 0.007259
3179.0 0.0072
3180.0 0.007141
3181.0 0.007082
3182.0 0.007023
3183.0 0.006964
3184.0 0.006906
3185.0 0.006847
3186.0 0.006788
3187.0 0.00673
3188.0 0.006671
3189.0 0.006613
3190.0 0.006555
3191.0 0.006496
3192.0 0.006438
3193.0 0.006379
3194.0 0.006321
3195.0 0.006263
3196.0 0.006205
3197.0 0.006147
3198.0 0.006089
3199.0 0.006032
3200.0 0.005973
3201.0 0.005915
3202.0 0.005858
3203.0 0.0058
3204.0 0.005744
3205.0 0.005686
3206.0 0.005629
3207.0 0.005572
3208.0 0.005515
3209.0 0.005459
3210.0 0.005402
3211.0 0.005346
3212.0 0.00529
3213.0 0.005234
3214.0 0.005178
3215.0 0.005123
3216.0 0.005068
3217.0 0.005013
3218.0 0.004958
3219.0 0.004904
3220.0 0.004849
3221.0 0.004795
3222.0 0.004742
3223.0 0.004688
3224.0 0.004636
3225.0 0.004583
3226.0 0.00453
3227.0 0.004477
3228.0 0.004425
3229.0 0.004374
3230.0 0.004323
3231.0 0.004272
3232.0 0.004221
3233.0 0.00417
3234.0 0.004121
3235.0 0.004071
3236.0 0.004022
3237.0 0.003973
3238.0 0.003924
3239.0 0.003876
3240.0 0.003828
3241.0 0.003781
3242.0 0.003734
3243.0 0.003687
3244.0 0.00364
3245.0 0.003595
3246.0 0.003549
3247.0 0.003504
3248.0 0.003459
3249.0 0.003415
3250.0 0.00337
3251.0 0.003327
3252.0 0.003283
3253.0 0.003241
3254.0 0.003198
3255.0 0.003156
3256.0 0.003114
3257.0 0.003073
3258.0 0.003032
3259.0 0.002991
3260.0 0.002951
3261.0 0.002911
3262.0 0.002871
3263.0 0.002832
3264.0 0.002793
3265.0 0.002754
3266.0 0.002716
3267.0 0.002677
3268.0 0.00264
3269.0 0.002603
3270.0 0.002565
3271.0 0.002528
3272.0 0.002491
3273.0 0.002455
3274.0 0.002419
3275.0 0.002383
3276.0 0.002347
3277.0 0.002312
3278.0 0.002277
3279.0 0.002242
3280.0 0.002207
3281.0 0.002172
3282.0 0.002138
3283.0 0.002104
3284.0 0.002069
3285.0 0.002036
3286.0 0.002002
3287.0 0.001968
3288.0 0.001935
3289.0 0.001902
3290.0 0.001868
3291.0 0.001836
3292.0 0.001803
3293.0 0.00177
3294.0 0.001738
3295.0 0.001705
3296.0 0.001672
3297.0 0.00164
3298.0 0.001608
3299.0 0.001576
3300.0 0.001544
3301.0 0.001511
3302.0 0.001479
3303.0 0.001448
3304.0 0.001416
3305.0 0.001384
3306.0 0.001352
3307.0 0.001321
3308.0 0.001289
3309.0 0.001258
3310.0 0.001226
3311.0 0.001195
3312.0 0.001163
3313.0 0.001132
3314.0 0.001101
3315.0 0.00107
3316.0 0.001039
3317.0 0.001008
3318.0 0.000977
3319.0 0.0009461
3320.0 0.0009153
3321.0 0.0008846
3322.0 0.0008539
3323.0 0.0008233
3324.0 0.0007928
3325.0 0.0007623
3326.0 0.000732
3327.0 0.0007016
3328.0 0.0006715
3329.0 0.0006413
3330.0 0.0006113
3331.0 0.0005814
3332.0 0.0005515
3333.0 0.0005218
3334.0 0.0004921
3335.0 0.0004625
3336.0 0.0004331
3337.0 0.0004038
3338.0 0.0003746
3339.0 0.0003454
3340.0 0.0003164
3341.0 0.0002875
3342.0 0.0002588
3343.0 0.0002302
3344.0 0.0002016
3345.0 0.0001732
3346.0 0.000145
3347.0 0.0001169
3348.0 8.886e-05
3349.0 6.098e-05
3350.0 3.327e-05
3351.0 5.691e-06
