  1.6672220e+003  0.0000000e+000
  1.6677790e+003  0.0000000e+000
  1.6683350e+003  0.0000000e+000
  1.6688920e+003  0.0000000e+000
  1.6694490e+003  0.0000000e+000
  1.6700070e+003  0.0000000e+000
  1.6705650e+003  0.0000000e+000
  1.6711230e+003  0.0000000e+000
  1.6716820e+003  0.0000000e+000
  1.6722410e+003  0.0000000e+000
  1.6728000e+003  0.0000000e+000
  1.6733600e+003  0.0000000e+000
  1.6739200e+003  0.0000000e+000
  1.6744810e+003  0.0000000e+000
  1.6750420e+003  0.0000000e+000
  1.6756030e+003  0.0000000e+000
  1.6761650e+003  0.0000000e+000
  1.6767270e+003  0.0000000e+000
  1.6772900e+003  0.0000000e+000
  1.6778520e+003  0.0000000e+000
  1.6784160e+003  0.0000000e+000
  1.6789790e+003  0.0000000e+000
  1.6795430e+003  0.0000000e+000
  1.6801080e+003  0.0000000e+000
  1.6806720e+003  0.0000000e+000
  1.6812370e+003  0.0000000e+000
  1.6818030e+003  0.0000000e+000
  1.6823690e+003  0.0000000e+000
  1.6829350e+003  0.0000000e+000
  1.6835020e+003  0.0000000e+000
  1.6840690e+003  0.0000000e+000
  1.6846360e+003  0.0000000e+000
  1.6852040e+003  0.0000000e+000
  1.6857720e+003  0.0000000e+000
  1.6863410e+003  0.0000000e+000
  1.6869100e+003  0.0000000e+000
  1.6874790e+003  0.0000000e+000
  1.6880490e+003  0.0000000e+000
  1.6886190e+003  0.0000000e+000
  1.6891890e+003  0.0000000e+000
  1.6897600e+003  0.0000000e+000
  1.6903310e+003  0.0000000e+000
  1.6909030e+003  0.0000000e+000
  1.6914750e+003  0.0000000e+000
  1.6920470e+003  0.0000000e+000
  1.6926200e+003  0.0000000e+000
  1.6931930e+003  0.0000000e+000
  1.6937670e+003  0.0000000e+000
  1.6943410e+003  0.0000000e+000
  1.6949150e+003  0.0000000e+000
  1.6954900e+003  0.0000000e+000
  1.6960650e+003  0.0000000e+000
  1.6966410e+003  0.0000000e+000
  1.6972170e+003  0.0000000e+000
  1.6977930e+003  0.0000000e+000
  1.6983700e+003  0.0000000e+000
  1.6989470e+003  0.0000000e+000
  1.6995240e+003  0.0000000e+000
  1.7001020e+003  0.0000000e+000
  1.7006800e+003  0.0000000e+000
  1.7012590e+003  0.0000000e+000
  1.7018380e+003  0.0000000e+000
  1.7024170e+003  0.0000000e+000
  1.7029970e+003  0.0000000e+000
  1.7035780e+003  0.0000000e+000
  1.7041580e+003  0.0000000e+000
  1.7047390e+003  0.0000000e+000
  1.7053210e+003  0.0000000e+000
  1.7059020e+003  0.0000000e+000
  1.7064850e+003  0.0000000e+000
  1.7070670e+003  0.0000000e+000
  1.7076500e+003  0.0000000e+000
  1.7082340e+003  0.0000000e+000
  1.7088170e+003  0.0000000e+000
  1.7094020e+003  0.0000000e+000
  1.7099860e+003  0.0000000e+000
  1.7105710e+003  0.0000000e+000
  1.7111570e+003  0.0000000e+000
  1.7117430e+003  0.0000000e+000
  1.7123290e+003  0.0000000e+000
  1.7129150e+003  0.0000000e+000
  1.7135020e+003  0.0000000e+000
  1.7140900e+003  0.0000000e+000
  1.7146780e+003  0.0000000e+000
  1.7152660e+003  0.0000000e+000
  1.7158540e+003  0.0000000e+000
  1.7164430e+003  0.0000000e+000
  1.7170330e+003  0.0000000e+000
  1.7176230e+003  0.0000000e+000
  1.7182130e+003  0.0000000e+000
  1.7188040e+003  0.0000000e+000
  1.7193950e+003  0.0000000e+000
  1.7199860e+003  0.0000000e+000
  1.7205780e+003  0.0000000e+000
  1.7211700e+003  0.0000000e+000
  1.7217630e+003  0.0000000e+000
  1.7223560e+003  0.0000000e+000
  1.7229500e+003  0.0000000e+000
  1.7235440e+003  0.0000000e+000
  1.7241380e+003  0.0000000e+000
  1.7247330e+003  0.0000000e+000
  1.7253280e+003  0.0000000e+000
  1.7259230e+003  0.0000000e+000
  1.7265190e+003  0.0000000e+000
  1.7271160e+003  0.0000000e+000
  1.7277130e+003  0.0000000e+000
  1.7283100e+003  0.0000000e+000
  1.7289070e+003  0.0000000e+000
  1.7295050e+003  0.0000000e+000
  1.7301040e+003  0.0000000e+000
  1.7307030e+003  0.0000000e+000
  1.7313020e+003  0.0000000e+000
  1.7319020e+003  0.0000000e+000
  1.7325020e+003  0.0000000e+000
  1.7331020e+003  0.0000000e+000
  1.7337030e+003  0.0000000e+000
  1.7343050e+003  0.0000000e+000
  1.7349060e+003  0.0000000e+000
  1.7355080e+003  0.0000000e+000
  1.7361110e+003  0.0000000e+000
  1.7367140e+003  0.0000000e+000
  1.7373180e+003  0.0000000e+000
  1.7379210e+003  0.0000000e+000
  1.7385260e+003  0.0000000e+000
  1.7391300e+003  0.0000000e+000
  1.7397350e+003  0.0000000e+000
  1.7403410e+003  0.0000000e+000
  1.7409470e+003  0.0000000e+000
  1.7415530e+003  0.0000000e+000
  1.7421600e+003  0.0000000e+000
  1.7427680e+003  0.0000000e+000
  1.7433750e+003  0.0000000e+000
  1.7439830e+003  0.0000000e+000
  1.7445920e+003  0.0000000e+000
  1.7452010e+003  0.0000000e+000
  1.7458100e+003  0.0000000e+000
  1.7464200e+003  0.0000000e+000
  1.7470300e+003  0.0000000e+000
  1.7476410e+003  0.0000000e+000
  1.7482520e+003  0.0000000e+000
  1.7488630e+003  0.0000000e+000
  1.7494750e+003  0.0000000e+000
  1.7500870e+003  0.0000000e+000
  1.7507000e+003  0.0000000e+000
  1.7513130e+003  0.0000000e+000
  1.7519270e+003  0.0000000e+000
  1.7525410e+003  0.0000000e+000
  1.7531560e+003  0.0000000e+000
  1.7537710e+003  0.0000000e+000
  1.7543860e+003  0.0000000e+000
  1.7550020e+003  0.0000000e+000
  1.7556180e+003  0.0000000e+000
  1.7562350e+003  0.0000000e+000
  1.7568520e+003  0.0000000e+000
  1.7574690e+003  0.0000000e+000
  1.7580870e+003  0.0000000e+000
  1.7587060e+003  0.0000000e+000
  1.7593240e+003  0.0000000e+000
  1.7599440e+003  0.0000000e+000
  1.7605630e+003  0.0000000e+000
  1.7611830e+003  0.0000000e+000
  1.7618040e+003  0.0000000e+000
  1.7624250e+003  0.0000000e+000
  1.7630470e+003  0.0000000e+000
  1.7636680e+003  0.0000000e+000
  1.7642910e+003  0.0000000e+000
  1.7649140e+003  0.0000000e+000
  1.7655370e+003  0.0000000e+000
  1.7661600e+003  0.0000000e+000
  1.7667850e+003  0.0000000e+000
  1.7674090e+003  0.0000000e+000
  1.7680340e+003  0.0000000e+000
  1.7686590e+003  0.0000000e+000
  1.7692850e+003  0.0000000e+000
  1.7699110e+003  0.0000000e+000
  1.7705380e+003  0.0000000e+000
  1.7711650e+003  0.0000000e+000
  1.7717930e+003  0.0000000e+000
  1.7724220e+003  0.0000000e+000
  1.7730500e+003  0.0000000e+000
  1.7736790e+003  0.0000000e+000
  1.7743080e+003  0.0000000e+000
  1.7749380e+003  0.0000000e+000
  1.7755680e+003  0.0000000e+000
  1.7761990e+003  0.0000000e+000
  1.7768300e+003  0.0000000e+000
  1.7774620e+003  0.0000000e+000
  1.7780940e+003  0.0000000e+000
  1.7787260e+003  0.0000000e+000
  1.7793590e+003  0.0000000e+000
  1.7799930e+003  0.0000000e+000
  1.7806270e+003  0.0000000e+000
  1.7812610e+003  0.0000000e+000
  1.7818960e+003  0.0000000e+000
  1.7825310e+003  0.0000000e+000
  1.7831670e+003  0.0000000e+000
  1.7838030e+003  0.0000000e+000
  1.7844400e+003  0.0000000e+000
  1.7850770e+003  0.0000000e+000
  1.7857140e+003  0.0000000e+000
  1.7863520e+003  0.0000000e+000
  1.7869910e+003  0.0000000e+000
  1.7876300e+003  0.0000000e+000
  1.7882690e+003  0.0000000e+000
  1.7889090e+003  0.0000000e+000
  1.7895490e+003  0.0000000e+000
  1.7901900e+003  0.0000000e+000
  1.7908310e+003  0.0000000e+000
  1.7914730e+003  0.0000000e+000
  1.7921150e+003  0.0000000e+000
  1.7927580e+003  0.0000000e+000
  1.7934000e+003  0.0000000e+000
  1.7940440e+003  0.0000000e+000
  1.7946880e+003  0.0000000e+000
  1.7953320e+003  0.0000000e+000
  1.7959770e+003  0.0000000e+000
  1.7966220e+003  0.0000000e+000
  1.7972680e+003  0.0000000e+000
  1.7979140e+003  0.0000000e+000
  1.7985610e+003  0.0000000e+000
  1.7992080e+003  0.0000000e+000
  1.7998560e+003  0.0000000e+000
  1.8005040e+003  0.0000000e+000
  1.8011530e+003  0.0000000e+000
  1.8018020e+003  0.0000000e+000
  1.8024510e+003  0.0000000e+000
  1.8031010e+003  0.0000000e+000
  1.8037520e+003  0.0000000e+000
  1.8044030e+003  0.0000000e+000
  1.8050540e+003  0.0000000e+000
  1.8057060e+003  0.0000000e+000
  1.8063580e+003  0.0000000e+000
  1.8070110e+003  0.0000000e+000
  1.8076640e+003  0.0000000e+000
  1.8083180e+003  0.0000000e+000
  1.8089730e+003  0.0000000e+000
  1.8096270e+003  0.0000000e+000
  1.8102820e+003  0.0000000e+000
  1.8109380e+003  0.0000000e+000
  1.8115940e+003  0.0000000e+000
  1.8122510e+003  0.0000000e+000
  1.8129080e+003  0.0000000e+000
  1.8135650e+003  0.0000000e+000
  1.8142240e+003  0.0000000e+000
  1.8148820e+003  0.0000000e+000
  1.8155410e+003  0.0000000e+000
  1.8162000e+003  0.0000000e+000
  1.8168600e+003  0.0000000e+000
  1.8175210e+003  0.0000000e+000
  1.8181820e+003  0.0000000e+000
  1.8188430e+003  0.0000000e+000
  1.8195050e+003  0.0000000e+000
  1.8201670e+003  0.0000000e+000
  1.8208300e+003  0.0000000e+000
  1.8214940e+003  0.0000000e+000
  1.8221570e+003  0.0000000e+000
  1.8228220e+003  0.0000000e+000
  1.8234860e+003  0.0000000e+000
  1.8241520e+003  0.0000000e+000
  1.8248180e+003  0.0000000e+000
  1.8254840e+003  0.0000000e+000
  1.8261510e+003  0.0000000e+000
  1.8268180e+003  0.0000000e+000
  1.8274850e+003  0.0000000e+000
  1.8281540e+003  0.0000000e+000
  1.8288220e+003  0.0000000e+000
  1.8294910e+003  0.0000000e+000
  1.8301610e+003  0.0000000e+000
  1.8308310e+003  0.0000000e+000
  1.8315020e+003  0.0000000e+000
  1.8321730e+003  0.0000000e+000
  1.8328450e+003  0.0000000e+000
  1.8335170e+003  0.0000000e+000
  1.8341890e+003  0.0000000e+000
  1.8348620e+003  0.0000000e+000
  1.8355360e+003  0.0000000e+000
  1.8362100e+003  0.0000000e+000
  1.8368850e+003  0.0000000e+000
  1.8375600e+003  0.0000000e+000
  1.8382350e+003  0.0000000e+000
  1.8389110e+003  0.0000000e+000
  1.8395880e+003  0.0000000e+000
  1.8402650e+003  0.0000000e+000
  1.8409430e+003  0.0000000e+000
  1.8416210e+003  0.0000000e+000
  1.8422990e+003  0.0000000e+000
  1.8429780e+003  0.0000000e+000
  1.8436580e+003  0.0000000e+000
  1.8443380e+003  0.0000000e+000
  1.8450180e+003  0.0000000e+000
  1.8456990e+003  0.0000000e+000
  1.8463810e+003  0.0000000e+000
  1.8470630e+003  0.0000000e+000
  1.8477460e+003  0.0000000e+000
  1.8484290e+003  0.0000000e+000
  1.8491130e+003  0.0000000e+000
  1.8497970e+003  0.0000000e+000
  1.8504810e+003  0.0000000e+000
  1.8511660e+003  0.0000000e+000
  1.8518520e+003  0.0000000e+000
  1.8525380e+003  0.0000000e+000
  1.8532250e+003  0.0000000e+000
  1.8539120e+003  0.0000000e+000
  1.8546000e+003  0.0000000e+000
  1.8552880e+003  0.0000000e+000
  1.8559760e+003  0.0000000e+000
  1.8566650e+003  0.0000000e+000
  1.8573550e+003  0.0000000e+000
  1.8580450e+003  0.0000000e+000
  1.8587360e+003  0.0000000e+000
  1.8594270e+003  0.0000000e+000
  1.8601190e+003  0.0000000e+000
  1.8608110e+003  0.0000000e+000
  1.8615040e+003  0.0000000e+000
  1.8621970e+003  0.0000000e+000
  1.8628910e+003  0.0000000e+000
  1.8635850e+003  0.0000000e+000
  1.8642800e+003  0.0000000e+000
  1.8649760e+003  0.0000000e+000
  1.8656720e+003  0.0000000e+000
  1.8663680e+003  0.0000000e+000
  1.8670650e+003  0.0000000e+000
  1.8677620e+003  0.0000000e+000
  1.8684600e+003  0.0000000e+000
  1.8691590e+003  0.0000000e+000
  1.8698580e+003  0.0000000e+000
  1.8705570e+003  0.0000000e+000
  1.8712580e+003  0.0000000e+000
  1.8719580e+003  0.0000000e+000
  1.8726590e+003  0.0000000e+000
  1.8733610e+003  0.0000000e+000
  1.8740630e+003  0.0000000e+000
  1.8747660e+003  0.0000000e+000
  1.8754690e+003  0.0000000e+000
  1.8761730e+003  0.0000000e+000
  1.8768770e+003  0.0000000e+000
  1.8775820e+003  0.0000000e+000
  1.8782870e+003  0.0000000e+000
  1.8789930e+003  0.0000000e+000
  1.8796990e+003  0.0000000e+000
  1.8804060e+003  0.0000000e+000
  1.8811140e+003  0.0000000e+000
  1.8818220e+003  0.0000000e+000
  1.8825300e+003  0.0000000e+000
  1.8832390e+003  0.0000000e+000
  1.8839490e+003  0.0000000e+000
  1.8846590e+003  0.0000000e+000
  1.8853700e+003  0.0000000e+000
  1.8860810e+003  0.0000000e+000
  1.8867920e+003  0.0000000e+000
  1.8875050e+003  0.0000000e+000
  1.8882180e+003  0.0000000e+000
  1.8889310e+003  0.0000000e+000
  1.8896450e+003  0.0000000e+000
  1.8903590e+003  0.0000000e+000
  1.8910740e+003  0.0000000e+000
  1.8917900e+003  0.0000000e+000
  1.8925060e+003  0.0000000e+000
  1.8932220e+003  0.0000000e+000
  1.8939390e+003  0.0000000e+000
  1.8946570e+003  0.0000000e+000
  1.8953750e+003  0.0000000e+000
  1.8960940e+003  0.0000000e+000
  1.8968130e+003  0.0000000e+000
  1.8975330e+003  0.0000000e+000
  1.8982540e+003  0.0000000e+000
  1.8989750e+003  0.0000000e+000
  1.8996960e+003  0.0000000e+000
  1.9004180e+003  0.0000000e+000
  1.9011410e+003  0.0000000e+000
  1.9018640e+003  0.0000000e+000
  1.9025880e+003  0.0000000e+000
  1.9033120e+003  0.0000000e+000
  1.9040370e+003  0.0000000e+000
  1.9047620e+003  0.0000000e+000
  1.9054880e+003  0.0000000e+000
  1.9062140e+003  0.0000000e+000
  1.9069410e+003  0.0000000e+000
  1.9076690e+003  0.0000000e+000
  1.9083970e+003  0.0000000e+000
  1.9091260e+003  0.0000000e+000
  1.9098550e+003  0.0000000e+000
  1.9105850e+003  0.0000000e+000
  1.9113150e+003  0.0000000e+000
  1.9120460e+003  0.0000000e+000
  1.9127770e+003  0.0000000e+000
  1.9135090e+003  0.0000000e+000
  1.9142420e+003  0.0000000e+000
  1.9149750e+003  0.0000000e+000
  1.9157090e+003  0.0000000e+000
  1.9164430e+003  0.0000000e+000
  1.9171780e+003  0.0000000e+000
  1.9179130e+003  0.0000000e+000
  1.9186490e+003  0.0000000e+000
  1.9193860e+003  0.0000000e+000
  1.9201230e+003  0.0000000e+000
  1.9208610e+003  0.0000000e+000
  1.9215990e+003  0.0000000e+000
  1.9223380e+003  0.0000000e+000
  1.9230770e+003  0.0000000e+000
  1.9238170e+003  0.0000000e+000
  1.9245570e+003  0.0000000e+000
  1.9252980e+003  0.0000000e+000
  1.9260400e+003  0.0000000e+000
  1.9267820e+003  0.0000000e+000
  1.9275250e+003  0.0000000e+000
  1.9282680e+003  0.0000000e+000
  1.9290120e+003  0.0000000e+000
  1.9297570e+003  0.0000000e+000
  1.9305020e+003  0.0000000e+000
  1.9312480e+003  0.0000000e+000
  1.9319940e+003  0.0000000e+000
  1.9327410e+003  0.0000000e+000
  1.9334880e+003  0.0000000e+000
  1.9342360e+003  0.0000000e+000
  1.9349840e+003  0.0000000e+000
  1.9357340e+003  0.0000000e+000
  1.9364830e+003  0.0000000e+000
  1.9372340e+003  0.0000000e+000
  1.9379840e+003  0.0000000e+000
  1.9387360e+003  0.0000000e+000
  1.9394880e+003  0.0000000e+000
  1.9402410e+003  0.0000000e+000
  1.9409940e+003  0.0000000e+000
  1.9417480e+003  0.0000000e+000
  1.9425020e+003  0.0000000e+000
  1.9432570e+003  0.0000000e+000
  1.9440120e+003  0.0000000e+000
  1.9447690e+003  0.0000000e+000
  1.9455250e+003  0.0000000e+000
  1.9462830e+003  0.0000000e+000
  1.9470400e+003  0.0000000e+000
  1.9477990e+003  0.0000000e+000
  1.9485580e+003  0.0000000e+000
  1.9493180e+003  0.0000000e+000
  1.9500780e+003  0.0000000e+000
  1.9508390e+003  0.0000000e+000
  1.9516000e+003  0.0000000e+000
  1.9523620e+003  0.0000000e+000
  1.9531250e+003  0.0000000e+000
  1.9538880e+003  0.0000000e+000
  1.9546520e+003  0.0000000e+000
  1.9554170e+003  0.0000000e+000
  1.9561820e+003  0.0000000e+000
  1.9569480e+003  0.0000000e+000
  1.9577140e+003  0.0000000e+000
  1.9584800e+003  0.0000000e+000
  1.9592480e+003  0.0000000e+000
  1.9600160e+003  0.0000000e+000
  1.9607840e+003  0.0000000e+000
  1.9615540e+003  0.0000000e+000
  1.9623230e+003  0.0000000e+000
  1.9630940e+003  0.0000000e+000
  1.9638650e+003  0.0000000e+000
  1.9646360e+003  0.0000000e+000
  1.9654090e+003  0.0000000e+000
  1.9661820e+003  0.0000000e+000
  1.9669550e+003  0.0000000e+000
  1.9677290e+003  0.0000000e+000
  1.9685040e+003  0.0000000e+000
  1.9692800e+003  0.0000000e+000
  1.9700550e+003  0.0000000e+000
  1.9708320e+003  0.0000000e+000
  1.9716090e+003  0.0000000e+000
  1.9723860e+003  0.0000000e+000
  1.9731650e+003  0.0000000e+000
  1.9739440e+003  0.0000000e+000
  1.9747240e+003  0.0000000e+000
  1.9755040e+003  0.0000000e+000
  1.9762850e+003  0.0000000e+000
  1.9770660e+003  0.0000000e+000
  1.9778480e+003  0.0000000e+000
  1.9786310e+003  0.0000000e+000
  1.9794140e+003  0.0000000e+000
  1.9801980e+003  0.0000000e+000
  1.9809830e+003  0.0000000e+000
  1.9817680e+003  0.0000000e+000
  1.9825530e+003  0.0000000e+000
  1.9833400e+003  0.0000000e+000
  1.9841270e+003  0.0000000e+000
  1.9849150e+003  0.0000000e+000
  1.9857030e+003  0.0000000e+000
  1.9864920e+003  0.0000000e+000
  1.9872810e+003  0.0000000e+000
  1.9880720e+003  0.0000000e+000
  1.9888620e+003  0.0000000e+000
  1.9896540e+003  0.0000000e+000
  1.9904460e+003  0.0000000e+000
  1.9912390e+003  0.0000000e+000
  1.9920320e+003  0.0000000e+000
  1.9928260e+003  0.0000000e+000
  1.9936200e+003  0.0000000e+000
  1.9944160e+003  0.0000000e+000
  1.9952110e+003  0.0000000e+000
  1.9960080e+003  0.0000000e+000
  1.9968050e+003  0.0000000e+000
  1.9976030e+003  0.0000000e+000
  1.9984010e+003  0.0000000e+000
  1.9992000e+003  0.0000000e+000
  2.0000000e+003 -1.4254378e-005
  2.0008000e+003  1.8701490e-005
  2.0016010e+003 -6.2628433e-006
  2.0024030e+003 -1.8458968e-005
  2.0032050e+003  8.0050177e-006
  2.0040080e+003  3.6900434e-005
  2.0048120e+003  3.4381479e-005
  2.0056160e+003 -6.6513348e-005
  2.0064200e+003 -2.2301019e-005
  2.0072260e+003 -4.4148328e-005
  2.0080320e+003 -4.4137629e-005
  2.0088390e+003  5.5944416e-005
  2.0096460e+003 -2.2287317e-005
  2.0104540e+003  7.3310516e-006
  2.0112630e+003 -2.4401415e-006
  2.0120730e+003  1.8227362e-005
  2.0128820e+003  2.4372101e-005
  2.0136930e+003  3.1459000e-005
  2.0145040e+003 -5.8025602e-005
  2.0153160e+003 -6.8652356e-005
  2.0161290e+003  2.0364032e-005
  2.0169420e+003 -7.0911597e-006
  2.0177560e+003  2.6357402e-006
  2.0185710e+003  2.3972603e-005
  2.0193860e+003 -5.7603557e-007
  2.0202020e+003 -1.2231468e-004
  2.0210190e+003 -5.2502710e-005
  2.0218360e+003 -3.8722679e-005
  2.0226540e+003 -1.5892892e-005
  2.0234720e+003  7.1365699e-005
  2.0242920e+003  8.0347119e-005
  2.0251110e+003  3.5570997e-006
  2.0259320e+003 -1.7552835e-005
  2.0267530e+003  2.2032760e-005
  2.0275750e+003 -1.0777057e-004
  2.0283980e+003  5.4300814e-005
  2.0292210e+003  7.0210852e-005
  2.0300450e+003 -3.2871490e-006
  2.0308700e+003 -4.2328371e-005
  2.0316940e+003  9.5244090e-005
  2.0325200e+003  5.8722135e-006
  2.0333470e+003 -4.9956216e-005
  2.0341740e+003 -1.7797131e-005
  2.0350020e+003  8.3626119e-006
  2.0358310e+003  5.8864443e-005
  2.0366600e+003  9.0357807e-006
  2.0374900e+003  4.7702733e-006
  2.0383200e+003 -6.6088760e-005
  2.0391520e+003 -2.8675297e-005
  2.0399840e+003 -5.2766456e-005
  2.0408160e+003  1.5258497e-004
  2.0416500e+003  1.9565140e-004
  2.0424840e+003  1.9528661e-006
  2.0433180e+003 -1.3941516e-004
  2.0441540e+003 -6.7384870e-005
  2.0449900e+003  3.0902174e-005
  2.0458270e+003 -5.1612431e-005
  2.0466640e+003  1.1792304e-004
  2.0475020e+003 -1.2144096e-005
  2.0483410e+003 -4.8966838e-005
  2.0491800e+003  5.1628074e-005
  2.0500210e+003 -3.3626191e-005
  2.0508620e+003 -2.5335901e-005
  2.0517030e+003  1.4970109e-005
  2.0525450e+003  1.0148263e-004
  2.0533880e+003 -1.1239799e-004
  2.0542320e+003 -7.6109260e-005
  2.0550760e+003 -1.0593147e-004
  2.0559210e+003 -2.3678238e-004
  2.0567670e+003  1.0785276e-004
  2.0576140e+003  5.4084594e-005
  2.0584600e+003  6.3385021e-005
  2.0593080e+003  5.9737726e-005
  2.0601560e+003  1.0214766e-004
  2.0610060e+003 -9.5384101e-005
  2.0618560e+003  1.1969801e-004
  2.0627060e+003 -2.0359007e-006
  2.0635570e+003  1.9611354e-004
  2.0644100e+003  1.3880647e-004
  2.0652620e+003 -2.9908422e-005
  2.0661160e+003  8.7264081e-005
  2.0669700e+003 -2.5999389e-005
  2.0678250e+003 -3.4139612e-005
  2.0686800e+003 -1.1625225e-004
  2.0695370e+003 -2.5458951e-004
  2.0703930e+003 -1.6156895e-004
  2.0712510e+003 -1.3004383e-004
  2.0721090e+003  4.3404736e-005
  2.0729690e+003  1.5924484e-004
  2.0738280e+003 -2.3854549e-005
  2.0746890e+003 -2.3611294e-004
  2.0755500e+003 -1.3393861e-004
  2.0764120e+003  5.2614152e-005
  2.0772750e+003  4.8446767e-005
  2.0781380e+003  4.4406156e-004
  2.0790020e+003  3.1532149e-004
  2.0798670e+003  4.6914755e-007
  2.0807320e+003  2.0406369e-004
  2.0815990e+003  2.2070107e-004
  2.0824660e+003 -1.6362729e-004
  2.0833330e+003  3.3140305e-004
  2.0842020e+003  1.5278439e-004
  2.0850710e+003  1.3291488e-004
  2.0859410e+003 -1.3033013e-004
  2.0868120e+003  6.9037415e-005
  2.0876830e+003  9.4119496e-005
  2.0885550e+003 -5.5573757e-005
  2.0894270e+003 -2.1859935e-004
  2.0903010e+003 -1.0639229e-004
  2.0911750e+003 -3.6474050e-004
  2.0920500e+003  1.8029723e-004
  2.0929260e+003  4.5326274e-004
  2.0938020e+003 -5.5952176e-005
  2.0946790e+003 -1.0903061e-005
  2.0955570e+003  1.6891632e-004
  2.0964360e+003  2.9023824e-004
  2.0973150e+003  3.5961653e-004
  2.0981960e+003  1.0287411e-004
  2.0990760e+003 -4.1343799e-004
  2.0999580e+003  1.7421920e-004
  2.1008400e+003  1.9234171e-004
  2.1017230e+003 -1.6886540e-004
  2.1026070e+003 -2.0056998e-004
  2.1034920e+003  3.9236859e-004
  2.1043770e+003  2.7815360e-004
  2.1052630e+003 -3.9485742e-005
  2.1061500e+003  2.1580694e-004
  2.1070380e+003  3.5174383e-004
  2.1079260e+003  3.1808182e-004
  2.1088150e+003  4.9168163e-004
  2.1097050e+003  8.0395599e-005
  2.1105950e+003  4.2448062e-004
  2.1114870e+003 -4.9783699e-005
  2.1123780e+003  1.3568958e-004
  2.1132710e+003  6.1042694e-005
  2.1141650e+003  5.6344992e-004
  2.1150590e+003  4.1804212e-004
  2.1159540e+003 -1.8467320e-004
  2.1168500e+003 -9.3866601e-007
  2.1177470e+003  1.3623115e-004
  2.1186440e+003  4.9635494e-004
  2.1195420e+003  1.4967426e-004
  2.1204410e+003  2.6827116e-004
  2.1213410e+003 -1.1476767e-004
  2.1222410e+003  6.3197542e-005
  2.1231420e+003  4.7247132e-004
  2.1240440e+003  5.2552443e-004
  2.1249470e+003 -3.8804059e-004
  2.1258500e+003 -1.8616384e-004
  2.1267540e+003  5.7013630e-004
  2.1276600e+003  5.4401788e-004
  2.1285650e+003  2.8533741e-005
  2.1294720e+003  4.1230168e-004
  2.1303790e+003  2.1465213e-004
  2.1312870e+003  3.6886506e-004
  2.1321960e+003 -2.3454224e-004
  2.1331060e+003  2.5204135e-004
  2.1340160e+003  1.3407953e-004
  2.1349270e+003  7.4633246e-004
  2.1358390e+003  1.7695417e-004
  2.1367520e+003 -3.3348249e-004
  2.1376660e+003  1.3660158e-004
  2.1385800e+003  2.7614721e-004
  2.1394960e+003 -3.6476887e-004
  2.1404110e+003 -1.4162973e-005
  2.1413280e+003 -1.0462473e-004
  2.1422450e+003 -4.2920985e-004
  2.1431630e+003 -1.9810899e-004
  2.1440820e+003  3.0067156e-004
  2.1450020e+003 -9.0679699e-005
  2.1459230e+003 -3.3629712e-004
  2.1468440e+003  1.5216439e-004
  2.1477660e+003  1.1966228e-004
  2.1486890e+003  2.5383398e-004
  2.1496130e+003  5.1677700e-005
  2.1505380e+003  4.2715616e-004
  2.1514630e+003  9.1606344e-006
  2.1523890e+003 -3.8347801e-004
  2.1533160e+003  3.1093499e-004
  2.1542440e+003  9.5722085e-004
  2.1551720e+003 -2.3877532e-004
  2.1561020e+003  7.6867342e-005
  2.1570320e+003  6.0653460e-004
  2.1579630e+003  1.2962426e-004
  2.1588950e+003  4.1805211e-004
  2.1598270e+003 -4.2074744e-004
  2.1607610e+003  7.2106566e-005
  2.1616950e+003 -7.9285173e-004
  2.1626300e+003 -2.3226479e-004
  2.1635650e+003 -2.2445411e-006
  2.1645020e+003  5.5746658e-004
  2.1654390e+003  5.0187320e-004
  2.1663780e+003 -4.2476613e-004
  2.1673170e+003 -5.2587187e-004
  2.1682570e+003  2.4112297e-004
  2.1691980e+003  2.6452384e-004
  2.1701390e+003  5.7445391e-004
  2.1710810e+003 -2.0003517e-004
  2.1720240e+003 -3.3678822e-005
  2.1729680e+003 -3.0547442e-004
  2.1739130e+003  6.2473345e-004
  2.1748590e+003 -1.9668639e-004
  2.1758050e+003  6.8209600e-004
  2.1767530e+003  7.6111406e-004
  2.1777000e+003  7.1541849e-004
  2.1786490e+003 -4.0224360e-004
  2.1795990e+003  5.8249064e-004
  2.1805500e+003  2.3683767e-004
  2.1815010e+003  6.2694633e-004
  2.1824530e+003  2.2407262e-004
  2.1834060e+003 -5.0940883e-004
  2.1843600e+003 -1.0964920e-004
  2.1853150e+003  2.0064057e-004
  2.1862700e+003 -2.8416727e-004
  2.1872270e+003  6.5327081e-004
  2.1881840e+003 -4.7556803e-004
  2.1891420e+003  1.1111554e-004
  2.1901010e+003 -5.8357848e-004
  2.1910600e+003  1.1972048e-004
  2.1920210e+003  3.6729933e-004
  2.1929820e+003  3.6369244e-004
  2.1939450e+003  1.9877072e-004
  2.1949080e+003  4.6196449e-004
  2.1958720e+003 -5.7300582e-004
  2.1968360e+003  1.5656110e-004
  2.1978020e+003  6.9567363e-004
  2.1987690e+003  7.3180557e-004
  2.1997360e+003  1.0756016e-003
  2.2007040e+003  4.5484377e-004
  2.2016730e+003  8.4354414e-004
  2.2026430e+003  4.1038523e-004
  2.2036140e+003  7.7631889e-004
  2.2045860e+003  1.5482363e-004
  2.2055580e+003 -3.9516183e-004
  2.2065310e+003 -3.9284438e-004
  2.2075050e+003 -5.8118341e-004
  2.2084810e+003  1.0215251e-003
  2.2094570e+003 -7.5567840e-004
  2.2104330e+003  7.8371319e-004
  2.2114110e+003  1.3877061e-003
  2.2123890e+003 -1.4554650e-004
  2.2133690e+003  2.8269799e-004
  2.2143490e+003  9.2740491e-004
  2.2153300e+003 -1.0675653e-004
  2.2163120e+003 -6.6972408e-004
  2.2172950e+003  1.6438437e-004
  2.2182790e+003 -3.1910557e-004
  2.2192630e+003  2.9012994e-004
  2.2202490e+003 -1.4808526e-003
  2.2212350e+003 -2.2727976e-004
  2.2222220e+003 -3.3350961e-004
  2.2232100e+003 -3.9540580e-004
  2.2241990e+003  9.5048209e-004
  2.2251890e+003  4.2020282e-004
  2.2261800e+003  4.3204325e-004
  2.2271720e+003 -1.5691826e-004
  2.2281640e+003  3.5525757e-004
  2.2291570e+003  7.4690230e-005
  2.2301520e+003 -3.7310048e-004
  2.2311470e+003 -6.7836489e-005
  2.2321430e+003  3.7509634e-004
  2.2331400e+003  5.7527109e-004
  2.2341380e+003 -1.7897823e-004
  2.2351360e+003 -3.2929075e-004
  2.2361360e+003  2.3576364e-004
  2.2371360e+003  9.5100346e-005
  2.2381380e+003 -6.3670879e-005
  2.2391400e+003 -1.0389400e-004
  2.2401430e+003  1.3267028e-004
  2.2411470e+003  7.9437549e-004
  2.2421520e+003  4.9837987e-004
  2.2431580e+003  3.9159058e-005
  2.2441650e+003 -7.8244956e-004
  2.2451730e+003 -3.4504867e-004
  2.2461810e+003 -3.1247087e-005
  2.2471910e+003 -2.8594973e-004
  2.2482010e+003  7.7235460e-004
  2.2492130e+003 -2.8093738e-004
  2.2502250e+003 -3.4377948e-004
  2.2512380e+003  4.3542514e-004
  2.2522520e+003  3.7265170e-004
  2.2532670e+003  5.2252703e-004
  2.2542830e+003 -3.0325243e-004
  2.2553000e+003 -1.2981881e-005
  2.2563180e+003 -5.5630240e-005
  2.2573360e+003 -3.4200633e-004
  2.2583560e+003  1.0664896e-003
  2.2593760e+003  7.0955459e-004
  2.2603980e+003  1.2207813e-004
  2.2614200e+003  1.3228951e-004
  2.2624430e+003 -2.6450231e-004
  2.2634680e+003  4.2880804e-004
  2.2644930e+003 -1.0102681e-003
  2.2655190e+003 -3.3110124e-004
  2.2665460e+003  6.2935270e-004
  2.2675740e+003 -4.8592666e-004
  2.2686030e+003  8.4476560e-006
  2.2696320e+003  1.2361219e-004
  2.2706630e+003 -6.0841464e-004
  2.2716950e+003 -1.1171198e-003
  2.2727270e+003 -3.6445534e-004
  2.2737610e+003  9.6955497e-005
  2.2747950e+003 -3.6859652e-004
  2.2758310e+003 -1.2218825e-003
  2.2768670e+003  4.4055976e-004
  2.2779040e+003  5.0652219e-005
  2.2789430e+003  6.1241590e-004
  2.2799820e+003  5.4653909e-004
  2.2810220e+003  2.1313134e-004
  2.2820630e+003 -4.4409308e-004
  2.2831050e+003  6.1037985e-004
  2.2841480e+003  6.2910863e-004
  2.2851920e+003  9.8942593e-004
  2.2862370e+003  9.6703350e-004
  2.2872830e+003 -6.8564457e-004
  2.2883300e+003  1.3792927e-003
  2.2893770e+003  3.1370085e-004
  2.2904260e+003  4.4437282e-004
  2.2914760e+003  2.4017216e-004
  2.2925260e+003  1.9598613e-004
  2.2935780e+003 -2.1755885e-004
  2.2946310e+003  9.2448849e-005
  2.2956840e+003  1.7219251e-004
  2.2967390e+003  1.3322674e-003
  2.2977940e+003 -2.3042217e-004
  2.2988510e+003 -1.2360061e-004
  2.2999080e+003  3.5999273e-004
  2.3009660e+003  5.4753112e-004
  2.3020260e+003  2.1395243e-003
  2.3030860e+003  7.1615656e-004
  2.3041470e+003  6.0204486e-004
  2.3052100e+003  1.6563989e-003
  2.3062730e+003  7.5869815e-004
  2.3073370e+003  1.3456407e-003
  2.3084030e+003 -8.9453220e-005
  2.3094690e+003  8.0528646e-004
  2.3105360e+003  1.2096327e-003
  2.3116040e+003  1.4652536e-003
  2.3126740e+003 -1.5258854e-003
  2.3137440e+003 -2.6419928e-004
  2.3148150e+003  1.9126510e-003
  2.3158870e+003  1.9955900e-003
  2.3169600e+003  7.3462084e-004
  2.3180340e+003  1.5085897e-003
  2.3191100e+003  1.8572283e-003
  2.3201860e+003  5.9005822e-004
  2.3212630e+003  1.5055308e-003
  2.3223410e+003  1.1658551e-003
  2.3234200e+003  2.6965789e-003
  2.3245000e+003  2.6203105e-003
  2.3255810e+003  2.3184062e-003
  2.3266640e+003  1.6487050e-003
  2.3277470e+003  2.0995827e-003
  2.3288310e+003  2.2355560e-003
  2.3299160e+003 -7.2775496e-005
  2.3310020e+003  3.1455227e-003
  2.3320900e+003  2.4972477e-003
  2.3331780e+003  2.3957645e-003
  2.3342670e+003 -4.9128197e-004
  2.3353570e+003  3.6842045e-003
  2.3364480e+003  2.9211594e-003
  2.3375410e+003  3.8167797e-003
  2.3386340e+003  4.3477747e-003
  2.3397290e+003  2.2012647e-003
  2.3408240e+003  1.9900789e-003
  2.3419200e+003  1.7416112e-003
  2.3430180e+003  2.3662308e-003
  2.3441160e+003  4.4853655e-003
  2.3452160e+003  5.5877068e-003
  2.3463160e+003  5.3336672e-003
  2.3474180e+003  5.7205777e-003
  2.3485210e+003  4.7431476e-003
  2.3496240e+003  6.6512856e-003
  2.3507290e+003  7.4649816e-003
  2.3518340e+003  6.9230734e-003
  2.3529410e+003  9.8275170e-003
  2.3540490e+003  1.1572547e-002
  2.3551580e+003  1.0167934e-002
  2.3562680e+003  1.0552893e-002
  2.3573780e+003  1.3451518e-002
  2.3584910e+003  1.4081853e-002
  2.3596040e+003  1.6404049e-002
  2.3607180e+003  1.5537956e-002
  2.3618330e+003  2.0846808e-002
  2.3629490e+003  2.4131378e-002
  2.3640660e+003  3.2559875e-002
  2.3651840e+003  3.6173809e-002
  2.3663040e+003  4.2152245e-002
  2.3674240e+003  4.9037308e-002
  2.3685460e+003  5.7830241e-002
  2.3696680e+003  7.0730291e-002
  2.3707920e+003  8.9700244e-002
  2.3719170e+003  1.0674380e-001
  2.3730420e+003  1.2954230e-001
  2.3741690e+003  1.5946310e-001
  2.3752970e+003  1.9550830e-001
  2.3764260e+003  2.3546940e-001
  2.3775560e+003  2.8472340e-001
  2.3786870e+003  3.4086440e-001
  2.3798190e+003  4.0511170e-001
  2.3809520e+003  4.7175960e-001
  2.3820870e+003  3.5994140e-001
  2.3832220e+003  4.2899380e-001
  2.3843590e+003  4.9610800e-001
  2.3854960e+003  5.6084810e-001
  2.3866350e+003  6.2300680e-001
  2.3877740e+003  6.7947490e-001
  2.3889160e+003  7.3458360e-001
  2.3900570e+003  7.8953930e-001
  2.3912000e+003  8.4452030e-001
  2.3923440e+003  9.0145520e-001
  2.3934900e+003  9.6514060e-001
  2.3946360e+003  9.8506220e-001
  2.3957840e+003  9.9751840e-001
  2.3969320e+003  1.0000000e+000
  2.3980820e+003  9.8390330e-001
  2.3992320e+003  9.4365620e-001
  2.4003840e+003  8.7979380e-001
  2.4015370e+003  7.9225340e-001
  2.4026910e+003  6.9083840e-001
  2.4038460e+003  5.8537980e-001
  2.4050020e+003  5.0910190e-001
  2.4061600e+003  4.1587030e-001
  2.4073180e+003  3.3646260e-001
  2.4084780e+003  2.7138320e-001
  2.4096380e+003  2.1637420e-001
  2.4108010e+003  1.7402010e-001
  2.4119630e+003  1.4046440e-001
  2.4131270e+003  1.1453420e-001
  2.4142920e+003  9.3858741e-002
  2.4154590e+003  7.7139318e-002
  2.4166260e+003  6.6694334e-002
  2.4177950e+003  5.5076893e-002
  2.4189650e+003  4.7103506e-002
  2.4201350e+003  3.9666981e-002
  2.4213070e+003  3.4089994e-002
  2.4224810e+003  2.9009456e-002
  2.4236550e+003  2.4927767e-002
  2.4248300e+003  2.1085972e-002
  2.4260070e+003  1.9012038e-002
  2.4271850e+003  1.5762981e-002
  2.4283630e+003  1.4725178e-002
  2.4295430e+003  1.2366830e-002
  2.4307240e+003  1.1840051e-002
  2.4319070e+003  9.7528491e-003
  2.4330900e+003  8.7928446e-003
  2.4342750e+003  8.0451043e-003
  2.4354600e+003  7.2559468e-003
  2.4366470e+003  6.0363808e-003
  2.4378350e+003  6.4940564e-003
  2.4390240e+003  4.7852495e-003
  2.4402150e+003  4.9952636e-003
  2.4414060e+003  4.4504497e-003
  2.4425990e+003  4.5034848e-003
  2.4437930e+003  2.6292445e-003
  2.4449880e+003  3.0589472e-003
  2.4461840e+003  2.7425175e-003
  2.4473810e+003  2.5719614e-003
  2.4485800e+003  1.9696888e-003
  2.4497800e+003  2.2917611e-003
  2.4509800e+003  1.1169564e-003
  2.4521820e+003  3.5653444e-004
  2.4533850e+003  2.4779495e-003
  2.4545900e+003  2.1161940e-003
  2.4557960e+003  3.2765204e-003
  2.4570020e+003  3.8514461e-004
  2.4582100e+003  1.1683806e-003
  2.4594200e+003  1.1298816e-003
  2.4606300e+003  1.4354095e-003
  2.4618420e+003  1.1786333e-003
  2.4630540e+003  1.9157907e-003
  2.4642680e+003  1.8525128e-003
  2.4654830e+003  5.0168071e-004
  2.4667000e+003  8.9053373e-004
  2.4679170e+003  5.7090080e-004
  2.4691360e+003  2.0290447e-004
  2.4703560e+003  2.5380100e-004
  2.4715770e+003  4.1165549e-004
  2.4727990e+003  9.1957703e-004
  2.4740230e+003  3.7427468e-004
  2.4752480e+003  1.1791384e-003
  2.4764730e+003  1.4665647e-003
  2.4777010e+003  2.1430340e-003
  2.4789290e+003  7.8278873e-004
  2.4801590e+003  7.9071219e-004
  2.4813890e+003  6.2926218e-004
  2.4826220e+003  7.2192121e-004
  2.4838550e+003  7.6612656e-004
  2.4850890e+003  8.2278810e-004
  2.4863250e+003  1.0991894e-003
  2.4875620e+003  5.5626646e-004
  2.4888000e+003  1.4944911e-003
  2.4900400e+003 -1.4779146e-004
  2.4912810e+003  4.8058646e-004
  2.4925220e+003  8.1969825e-005
  2.4937650e+003  7.0290180e-004
  2.4950100e+003  6.1292807e-004
  2.4962560e+003  5.0695811e-004
  2.4975020e+003  1.3017345e-003
  2.4987510e+003  8.6925470e-004
  2.5000000e+003  6.8601780e-004
  2.5012510e+003 -4.6817493e-004
  2.5025020e+003  1.9320762e-003
  2.5037560e+003 -3.9237703e-004
  2.5050100e+003  3.3242884e-004
  2.5062660e+003 -5.6332117e-004
  2.5075230e+003  1.3463989e-004
  2.5087810e+003 -1.4202819e-003
  2.5100400e+003  4.0270618e-004
  2.5113010e+003  3.6386578e-004
  2.5125630e+003 -4.5592026e-004
  2.5138260e+003  5.7167915e-004
  2.5150910e+003  5.9629849e-004
  2.5163560e+003 -7.4962023e-005
  2.5176240e+003  4.7609242e-004
  2.5188920e+003 -1.5876538e-004
  2.5201610e+003  1.0691301e-003
  2.5214320e+003  4.4577348e-004
  2.5227040e+003  9.4163581e-005
  2.5239780e+003  2.2110716e-004
  2.5252520e+003  2.2157851e-004
  2.5265290e+003 -1.7803916e-004
  2.5278060e+003  3.9853854e-004
  2.5290840e+003  6.0681945e-005
  2.5303650e+003  7.1657135e-004
  2.5316460e+003 -4.8734908e-004
  2.5329280e+003  1.3045321e-004
  2.5342120e+003  4.5859860e-004
  2.5354970e+003  2.0360930e-003
  2.5367830e+003  1.0417277e-003
  2.5380710e+003  7.9316145e-004
  2.5393600e+003 -1.2334895e-005
  2.5406500e+003  3.3069070e-004
  2.5419420e+003 -2.2068871e-004
  2.5432350e+003  2.0577558e-004
  2.5445290e+003 -2.4570819e-004
  2.5458250e+003  3.9475385e-004
  2.5471220e+003 -5.6956924e-004
  2.5484200e+003  9.2776492e-005
  2.5497190e+003  3.1618238e-004
  2.5510200e+003  6.2392856e-004
  2.5523230e+003 -2.7058893e-004
  2.5536260e+003 -8.0015138e-004
  2.5549310e+003 -1.9237319e-004
  2.5562370e+003  6.4340729e-004
  2.5575450e+003  6.5685535e-004
  2.5588540e+003  1.0043221e-003
  2.5601640e+003  2.0697474e-004
  2.5614750e+003 -8.5191749e-004
  2.5627880e+003 -4.6072443e-004
  2.5641030e+003  4.2810835e-004
  2.5654180e+003  7.8151480e-004
  2.5667350e+003 -6.6203374e-004
  2.5680530e+003 -1.2372898e-004
  2.5693730e+003  1.2168119e-003
  2.5706940e+003  7.2695769e-004
  2.5720160e+003  9.0045482e-004
  2.5733400e+003  7.3319837e-004
  2.5746650e+003  7.0756680e-005
  2.5759920e+003  4.3733072e-004
  2.5773200e+003  2.2248953e-005
  2.5786490e+003  8.2905788e-004
  2.5799790e+003  2.3699693e-004
  2.5813110e+003  1.2996061e-004
  2.5826450e+003  6.0264394e-004
  2.5839790e+003 -4.0651375e-005
  2.5853150e+003 -2.4538333e-004
  2.5866530e+003  4.7188142e-004
  2.5879920e+003 -5.9358146e-005
  2.5893320e+003  1.4938715e-004
  2.5906740e+003  5.9738406e-004
  2.5920170e+003 -9.7727207e-005
  2.5933610e+003  3.1157804e-004
  2.5947070e+003  8.3579612e-004
  2.5960540e+003 -6.2091247e-004
  2.5974030e+003 -2.4100933e-004
  2.5987530e+003  2.4084559e-004
  2.6001040e+003  6.2159635e-004
  2.6014570e+003 -3.3595372e-004
  2.6028110e+003  3.4214399e-004
  2.6041670e+003  7.7167578e-004
  2.6055240e+003 -4.9648207e-004
  2.6068820e+003 -1.6590815e-004
  2.6082420e+003  8.4002223e-004
  2.6096030e+003  3.5825354e-004
  2.6109660e+003  4.2618284e-004
  2.6123300e+003  4.0993988e-004
  2.6136960e+003 -2.5045188e-004
  2.6150630e+003  5.6884502e-004
  2.6164310e+003  9.4703387e-004
  2.6178010e+003  3.4100979e-004
  2.6191720e+003  3.0587002e-004
  2.6205450e+003  2.8590363e-004
  2.6219190e+003  3.1799769e-005
  2.6232950e+003 -5.3056068e-004
  2.6246720e+003 -1.0718988e-004
  2.6260500e+003  1.6092723e-004
  2.6274300e+003  3.3672940e-004
  2.6288120e+003  1.3256947e-003
  2.6301950e+003  3.1268367e-004
  2.6315790e+003  5.2714470e-004
  2.6329650e+003  6.2804547e-004
  2.6343520e+003  4.3812263e-004
  2.6357410e+003  9.0019847e-004
  2.6371310e+003  1.6276108e-004
  2.6385220e+003 -2.0031730e-004
  2.6399160e+003  4.1864495e-004
  2.6413100e+003 -3.1678914e-004
  2.6427060e+003 -2.7266785e-004
  2.6441040e+003  6.5810425e-004
  2.6455030e+003 -4.0590574e-005
  2.6469030e+003 -1.5310704e-004
  2.6483050e+003  1.8777610e-005
  2.6497080e+003  3.8934156e-004
  2.6511140e+003 -1.7612503e-004
  2.6525200e+003  3.8153309e-004
  2.6539280e+003  3.5522587e-004
  2.6553370e+003  1.7041738e-004
  2.6567480e+003 -5.2958287e-005
  2.6581600e+003 -3.4224399e-004
  2.6595740e+003  1.9101612e-004
  2.6609900e+003  6.9148833e-004
  2.6624070e+003  2.9263587e-004
  2.6638250e+003 -1.2023053e-004
  2.6652450e+003 -6.6339935e-004
  2.6666670e+003  3.5966132e-004
  2.6680900e+003 -6.6243677e-004
  2.6695140e+003  1.1058985e-004
  2.6709400e+003 -3.8975102e-004
  2.6723680e+003  7.0193794e-004
  2.6737970e+003  1.1001962e-003
  2.6752280e+003  9.7287860e-004
  2.6766590e+003  5.1981636e-004
  2.6780930e+003  6.4991160e-005
  2.6795280e+003  7.9800462e-004
  2.6809650e+003  4.0096350e-004
  2.6824040e+003 -4.0688945e-004
  2.6838430e+003  2.0291595e-004
  2.6852850e+003  2.1599130e-004
  2.6867280e+003 -3.9866671e-004
  2.6881720e+003  7.7160657e-004
  2.6896180e+003  1.7329867e-004
  2.6910660e+003 -1.9540495e-004
  2.6925150e+003 -7.4158706e-005
  2.6939660e+003  1.4097572e-004
  2.6954180e+003  3.1488127e-004
  2.6968720e+003 -6.4681616e-004
  2.6983270e+003  5.1818648e-004
  2.6997840e+003  5.2891643e-005
  2.7012430e+003  8.1686175e-004
  2.7027030e+003 -9.9001933e-005
  2.7041650e+003 -9.7925460e-004
  2.7056280e+003  1.1057364e-004
  2.7070930e+003 -6.7128352e-004
  2.7085590e+003  3.5323747e-004
  2.7100270e+003  7.5317812e-006
  2.7114970e+003 -9.4767136e-004
  2.7129680e+003  1.6027732e-003
  2.7144410e+003  7.1102913e-005
  2.7159150e+003 -2.1299867e-004
  2.7173910e+003  1.0923299e-004
  2.7188690e+003  2.5809527e-004
  2.7203480e+003  1.2034520e-004
  2.7218290e+003  2.7067153e-004
  2.7233120e+003 -9.5504489e-005
  2.7247960e+003  1.8674112e-004
  2.7262810e+003 -2.5298676e-004
  2.7277690e+003  8.2168961e-005
  2.7292580e+003  4.3635879e-004
  2.7307480e+003  2.1168083e-004
  2.7322400e+003  6.9378136e-004
  2.7337340e+003 -6.8347272e-004
  2.7352300e+003 -7.9084036e-004
  2.7367270e+003  4.3858285e-004
  2.7382260e+003  5.6133361e-004
  2.7397260e+003 -3.8144892e-004
  2.7412280e+003  6.5946346e-004
  2.7427320e+003  2.9347505e-004
  2.7442370e+003  7.1553783e-005
  2.7457440e+003 -2.9508839e-004
  2.7472530e+003  2.4432954e-004
  2.7487630e+003  3.5383660e-004
  2.7502750e+003 -3.7448335e-004
  2.7517890e+003 -6.0754869e-004
  2.7533040e+003  8.7161246e-004
  2.7548210e+003 -9.9720877e-005
  2.7563400e+003  4.9710670e-004
  2.7578600e+003  3.3246560e-004
  2.7593820e+003  8.2178722e-004
  2.7609060e+003  1.9472277e-004
  2.7624310e+003 -2.3027988e-004
  2.7639580e+003 -1.3419447e-004
  2.7654870e+003  9.5218957e-006
  2.7670170e+003 -3.8008051e-004
  2.7685490e+003  7.0187227e-005
  2.7700830e+003  7.8735116e-004
  2.7716190e+003  4.1806401e-004
  2.7731560e+003 -4.8404193e-004
  2.7746950e+003  5.7723094e-004
  2.7762350e+003 -9.9566983e-005
  2.7777780e+003  5.2794121e-004
  2.7793220e+003  5.4031442e-004
  2.7808680e+003 -1.1776522e-004
  2.7824150e+003  5.3149444e-004
  2.7839640e+003  1.7672115e-004
  2.7855150e+003  1.6266848e-004
  2.7870680e+003  5.4078089e-004
  2.7886230e+003 -6.3037995e-004
  2.7901780e+003  7.7370100e-004
  2.7917360e+003  5.9020380e-004
  2.7932960e+003 -3.8250122e-004
  2.7948570e+003  7.6694554e-004
  2.7964210e+003  1.0315400e-003
  2.7979860e+003  2.6580703e-004
  2.7995520e+003  2.1964299e-004
  2.8011210e+003  6.5826066e-004
  2.8026900e+003  3.4510729e-005
  2.8042620e+003 -6.6159462e-004
  2.8058360e+003 -3.0118367e-004
  2.8074120e+003  1.2102776e-004
  2.8089890e+003  8.5905507e-005
  2.8105680e+003  6.2057964e-004
  2.8121480e+003 -1.7855238e-004
  2.8137310e+003 -4.0521976e-004
  2.8153150e+003  1.0844356e-004
  2.8169010e+003 -3.6874865e-004
  2.8184890e+003 -1.6474040e-004
  2.8200790e+003  3.9627883e-004
  2.8216700e+003 -4.2011001e-004
  2.8232640e+003  1.3549659e-004
  2.8248590e+003  3.8979162e-004
  2.8264560e+003  1.1795197e-004
  2.8280540e+003 -1.0375289e-004
  2.8296550e+003  2.4220817e-004
  2.8312570e+003  9.2197493e-005
  2.8328610e+003  4.8075398e-004
  2.8344670e+003  8.9820148e-004
  2.8360750e+003  9.2890172e-005
  2.8376850e+003 -2.6223835e-004
  2.8392960e+003  1.1165410e-004
  2.8409090e+003  3.5121667e-004
  2.8425240e+003  3.6836759e-004
  2.8441410e+003  8.7336975e-004
  2.8457600e+003  7.1381335e-004
  2.8473800e+003 -5.7195249e-004
  2.8490030e+003  2.0674856e-004
  2.8506270e+003  1.0642842e-004
  2.8522530e+003 -3.3531946e-004
  2.8538810e+003  5.4518627e-005
  2.8555110e+003  6.1567442e-004
  2.8571430e+003  4.8583292e-004
  2.8587770e+003 -5.6114007e-004
  2.8604120e+003 -4.3295012e-004
  2.8620490e+003  3.4666163e-004
  2.8636880e+003  3.1420469e-004
  2.8653300e+003  3.3303638e-004
  2.8669730e+003  3.4151258e-004
  2.8686170e+003  9.4821035e-006
  2.8702640e+003  2.0287447e-005
  2.8719130e+003 -9.1963935e-005
  2.8735630e+003  3.4846112e-004
  2.8752160e+003  5.0299044e-004
  2.8768700e+003 -8.2686933e-004
  2.8785260e+003  2.2228055e-004
  2.8801840e+003 -4.3555300e-004
  2.8818440e+003  7.3555694e-004
  2.8835060e+003  3.4115286e-004
  2.8851700e+003  5.0800725e-005
  2.8868360e+003  3.5669163e-004
  2.8885040e+003 -1.4548417e-004
  2.8901730e+003  2.0613825e-004
  2.8918450e+003  2.1037589e-004
  2.8935190e+003  6.5784669e-004
  2.8951940e+003 -1.8237300e-004
  2.8968720e+003 -4.6381098e-004
  2.8985510e+003 -3.2493157e-005
  2.9002320e+003  4.3310030e-004
  2.9019150e+003  5.8291759e-004
  2.9036000e+003  2.4617981e-004
  2.9052880e+003  3.8797651e-005
  2.9069770e+003  3.7230880e-004
  2.9086680e+003  5.6455663e-004
  2.9103610e+003  1.7435774e-004
  2.9120560e+003  1.0552985e-004
  2.9137530e+003  1.0824472e-003
  2.9154520e+003  2.2404232e-004
  2.9171530e+003  5.1503634e-005
  2.9188560e+003  6.3542982e-005
  2.9205610e+003  3.4580930e-004
  2.9222680e+003  8.0717372e-004
  2.9239770e+003  2.2405070e-004
  2.9256880e+003  8.1556186e-004
  2.9274010e+003  3.7790084e-004
  2.9291150e+003  1.1660608e-004
  2.9308330e+003 -6.3699408e-004
  2.9325510e+003  2.7266433e-004
  2.9342720e+003 -1.4802496e-004
  2.9359950e+003  2.3415321e-004
  2.9377200e+003 -1.8615747e-004
  2.9394480e+003 -3.3916885e-004
  2.9411760e+003 -6.5416447e-004
  2.9429070e+003  8.9450687e-004
  2.9446410e+003  1.4939430e-004
  2.9463760e+003 -6.3943917e-005
  2.9481130e+003  5.8665854e-004
  2.9498520e+003 -2.6847496e-005
  2.9515940e+003 -1.2361548e-004
  2.9533370e+003  3.8744384e-004
  2.9550830e+003  1.4595724e-004
  2.9568300e+003  6.1670801e-004
  2.9585800e+003  2.0471284e-004
  2.9603320e+003  4.5411434e-004
  2.9620850e+003  2.5486966e-004
  2.9638410e+003 -7.2027913e-005
  2.9655990e+003  2.2998257e-004
  2.9673590e+003  8.3451997e-004
  2.9691210e+003 -3.8320816e-004
  2.9708850e+003  1.2173125e-004
  2.9726520e+003  2.7093868e-004
  2.9744200e+003  3.7116049e-005
  2.9761910e+003  2.1693460e-005
  2.9779630e+003  8.1254810e-004
  2.9797380e+003 -4.1566289e-004
  2.9815150e+003  1.3445230e-004
  2.9832930e+003  1.7891686e-004
  2.9850750e+003 -4.8079281e-004
  2.9868580e+003  3.4820565e-004
  2.9886430e+003 -2.3479179e-004
  2.9904300e+003  6.2196999e-004
  2.9922200e+003  1.8771655e-004
  2.9940120e+003 -2.7614940e-004
  2.9958060e+003  3.1364878e-004
  2.9976020e+003 -1.1988322e-005
  2.9994000e+003  4.8279937e-004
  3.0012000e+003  0.0000000e+000
  3.0030030e+003  0.0000000e+000
  3.0048080e+003  0.0000000e+000
  3.0066150e+003  0.0000000e+000
  3.0084240e+003  0.0000000e+000
  3.0102350e+003  0.0000000e+000
  3.0120480e+003  0.0000000e+000
  3.0138640e+003  0.0000000e+000
  3.0156820e+003  0.0000000e+000
  3.0175020e+003  0.0000000e+000
  3.0193240e+003  0.0000000e+000
  3.0211480e+003  0.0000000e+000
  3.0229750e+003  0.0000000e+000
  3.0248030e+003  0.0000000e+000
  3.0266350e+003  0.0000000e+000
  3.0284680e+003  0.0000000e+000
  3.0303030e+003  0.0000000e+000
  3.0321410e+003  0.0000000e+000
  3.0339800e+003  0.0000000e+000
  3.0358230e+003  0.0000000e+000
  3.0376670e+003  0.0000000e+000
  3.0395140e+003  0.0000000e+000
  3.0413630e+003  0.0000000e+000
  3.0432140e+003  0.0000000e+000
  3.0450670e+003  0.0000000e+000
  3.0469230e+003  0.0000000e+000
  3.0487810e+003  0.0000000e+000
  3.0506410e+003  0.0000000e+000
  3.0525030e+003  0.0000000e+000
  3.0543680e+003  0.0000000e+000
  3.0562350e+003  0.0000000e+000
  3.0581040e+003  0.0000000e+000
  3.0599760e+003  0.0000000e+000
  3.0618490e+003  0.0000000e+000
  3.0637260e+003  0.0000000e+000
  3.0656040e+003  0.0000000e+000
  3.0674850e+003  0.0000000e+000
  3.0693680e+003  0.0000000e+000
  3.0712530e+003  0.0000000e+000
  3.0731410e+003  0.0000000e+000
  3.0750310e+003  0.0000000e+000
  3.0769230e+003  0.0000000e+000
  3.0788180e+003  0.0000000e+000
  3.0807150e+003  0.0000000e+000
  3.0826140e+003  0.0000000e+000
  3.0845160e+003  0.0000000e+000
  3.0864200e+003  0.0000000e+000
  3.0883260e+003  0.0000000e+000
  3.0902350e+003  0.0000000e+000
  3.0921460e+003  0.0000000e+000
  3.0940590e+003  0.0000000e+000
  3.0959750e+003  0.0000000e+000
  3.0978940e+003  0.0000000e+000
  3.0998140e+003  0.0000000e+000
  3.1017370e+003  0.0000000e+000
  3.1036620e+003  0.0000000e+000
  3.1055900e+003  0.0000000e+000
  3.1075200e+003  0.0000000e+000
  3.1094530e+003  0.0000000e+000
  3.1113880e+003  0.0000000e+000
  3.1133250e+003  0.0000000e+000
  3.1152650e+003  0.0000000e+000
  3.1172070e+003  0.0000000e+000
  3.1191520e+003  0.0000000e+000
  3.1210990e+003  0.0000000e+000
  3.1230480e+003  0.0000000e+000
  3.1250000e+003  0.0000000e+000
  3.1269540e+003  0.0000000e+000
  3.1289110e+003  0.0000000e+000
  3.1308700e+003  0.0000000e+000
  3.1328320e+003  0.0000000e+000
  3.1347960e+003  0.0000000e+000
  3.1367630e+003  0.0000000e+000
  3.1387320e+003  0.0000000e+000
  3.1407040e+003  0.0000000e+000
  3.1426780e+003  0.0000000e+000
  3.1446540e+003  0.0000000e+000
  3.1466330e+003  0.0000000e+000
  3.1486150e+003  0.0000000e+000
  3.1505990e+003  0.0000000e+000
  3.1525850e+003  0.0000000e+000
  3.1545740e+003  0.0000000e+000
  3.1565660e+003  0.0000000e+000
  3.1585600e+003  0.0000000e+000
  3.1605560e+003  0.0000000e+000
  3.1625550e+003  0.0000000e+000
  3.1645570e+003  0.0000000e+000
  3.1665610e+003  0.0000000e+000
  3.1685680e+003  0.0000000e+000
  3.1705770e+003  0.0000000e+000
  3.1725890e+003  0.0000000e+000
  3.1746030e+003  0.0000000e+000
  3.1766200e+003  0.0000000e+000
  3.1786400e+003  0.0000000e+000
  3.1806620e+003  0.0000000e+000
  3.1826860e+003  0.0000000e+000
  3.1847130e+003  0.0000000e+000
  3.1867430e+003  0.0000000e+000
  3.1887760e+003  0.0000000e+000
  3.1908100e+003  0.0000000e+000
  3.1928480e+003  0.0000000e+000
  3.1948880e+003  0.0000000e+000
  3.1969310e+003  0.0000000e+000
  3.1989760e+003  0.0000000e+000
  3.2010240e+003  0.0000000e+000
  3.2030750e+003  0.0000000e+000
  3.2051280e+003  0.0000000e+000
  3.2071840e+003  0.0000000e+000
  3.2092430e+003  0.0000000e+000
  3.2113040e+003  0.0000000e+000
  3.2133680e+003  0.0000000e+000
  3.2154340e+003  0.0000000e+000
  3.2175030e+003  0.0000000e+000
  3.2195750e+003  0.0000000e+000
  3.2216490e+003  0.0000000e+000
  3.2237270e+003  0.0000000e+000
  3.2258070e+003  0.0000000e+000
  3.2278890e+003  0.0000000e+000
  3.2299740e+003  0.0000000e+000
  3.2320620e+003  0.0000000e+000
  3.2341530e+003  0.0000000e+000
  3.2362460e+003  0.0000000e+000
  3.2383420e+003  0.0000000e+000
  3.2404410e+003  0.0000000e+000
  3.2425420e+003  0.0000000e+000
  3.2446460e+003  0.0000000e+000
  3.2467530e+003  0.0000000e+000
  3.2488630e+003  0.0000000e+000
  3.2509750e+003  0.0000000e+000
  3.2530910e+003  0.0000000e+000
  3.2552080e+003  0.0000000e+000
  3.2573290e+003  0.0000000e+000
  3.2594520e+003  0.0000000e+000
  3.2615790e+003  0.0000000e+000
  3.2637080e+003  0.0000000e+000
  3.2658390e+003  0.0000000e+000
  3.2679740e+003  0.0000000e+000
  3.2701110e+003  0.0000000e+000
  3.2722510e+003  0.0000000e+000
  3.2743940e+003  0.0000000e+000
  3.2765400e+003  0.0000000e+000
  3.2786880e+003  0.0000000e+000
  3.2808400e+003  0.0000000e+000
  3.2829940e+003  0.0000000e+000
  3.2851510e+003  0.0000000e+000
  3.2873110e+003  0.0000000e+000
  3.2894740e+003  0.0000000e+000
  3.2916390e+003  0.0000000e+000
  3.2938080e+003  0.0000000e+000
  3.2959790e+003  0.0000000e+000
  3.2981530e+003  0.0000000e+000
  3.3003300e+003  0.0000000e+000
  3.3025100e+003  0.0000000e+000
  3.3046930e+003  0.0000000e+000
  3.3068780e+003  0.0000000e+000
  3.3090670e+003  0.0000000e+000
  3.3112580e+003  0.0000000e+000
  3.3134530e+003  0.0000000e+000
  3.3156500e+003  0.0000000e+000
  3.3178500e+003  0.0000000e+000
  3.3200530e+003  0.0000000e+000
  3.3222590e+003  0.0000000e+000
  3.3244680e+003  0.0000000e+000
  3.3266800e+003  0.0000000e+000
  3.3288950e+003  0.0000000e+000
  3.3311130e+003  0.0000000e+000
  3.3333330e+003  0.0000000e+000
  3.3355570e+003  0.0000000e+000
  3.3377840e+003  0.0000000e+000
  3.3400130e+003  0.0000000e+000
  3.3422460e+003  0.0000000e+000
  3.3444820e+003  0.0000000e+000
  3.3467200e+003  0.0000000e+000
  3.3489620e+003  0.0000000e+000
  3.3512070e+003  0.0000000e+000
  3.3534540e+003  0.0000000e+000
  3.3557050e+003  0.0000000e+000
  3.3579580e+003  0.0000000e+000
  3.3602150e+003  0.0000000e+000
  3.3624750e+003  0.0000000e+000
  3.3647380e+003  0.0000000e+000
  3.3670030e+003  0.0000000e+000
  3.3692720e+003  0.0000000e+000
  3.3715440e+003  0.0000000e+000
  3.3738190e+003  0.0000000e+000
  3.3760970e+003  0.0000000e+000
  3.3783780e+003  0.0000000e+000
  3.3806630e+003  0.0000000e+000
  3.3829500e+003  0.0000000e+000
  3.3852400e+003  0.0000000e+000
  3.3875340e+003  0.0000000e+000
  3.3898310e+003  0.0000000e+000
  3.3921300e+003  0.0000000e+000
  3.3944330e+003  0.0000000e+000
  3.3967390e+003  0.0000000e+000
  3.3990480e+003  0.0000000e+000
  3.4013610e+003  0.0000000e+000
  3.4036760e+003  0.0000000e+000
  3.4059940e+003  0.0000000e+000
  3.4083160e+003  0.0000000e+000
  3.4106410e+003  0.0000000e+000
  3.4129690e+003  0.0000000e+000
  3.4153010e+003  0.0000000e+000
  3.4176350e+003  0.0000000e+000
  3.4199730e+003  0.0000000e+000
  3.4223130e+003  0.0000000e+000
  3.4246570e+003  0.0000000e+000
  3.4270050e+003  0.0000000e+000
  3.4293550e+003  0.0000000e+000
  3.4317090e+003  0.0000000e+000
  3.4340660e+003  0.0000000e+000
  3.4364260e+003  0.0000000e+000
  3.4387900e+003  0.0000000e+000
  3.4411560e+003  0.0000000e+000
  3.4435260e+003  0.0000000e+000
  3.4458990e+003  0.0000000e+000
  3.4482760e+003  0.0000000e+000
  3.4506560e+003  0.0000000e+000
  3.4530390e+003  0.0000000e+000
  3.4554250e+003  0.0000000e+000
  3.4578150e+003  0.0000000e+000
  3.4602080e+003  0.0000000e+000
  3.4626040e+003  0.0000000e+000
  3.4650040e+003  0.0000000e+000
  3.4674060e+003  0.0000000e+000
  3.4698130e+003  0.0000000e+000
  3.4722220e+003  0.0000000e+000
  3.4746350e+003  0.0000000e+000
  3.4770520e+003  0.0000000e+000
  3.4794710e+003  0.0000000e+000
  3.4818940e+003  0.0000000e+000
  3.4843210e+003  0.0000000e+000
  3.4867500e+003  0.0000000e+000
  3.4891840e+003  0.0000000e+000
  3.4916200e+003  0.0000000e+000
  3.4940600e+003  0.0000000e+000
  3.4965040e+003  0.0000000e+000
  3.4989500e+003  0.0000000e+000
  3.5014010e+003  0.0000000e+000
  3.5038540e+003  0.0000000e+000
  3.5063110e+003  0.0000000e+000
  3.5087720e+003  0.0000000e+000
  3.5112360e+003  0.0000000e+000
  3.5137040e+003  0.0000000e+000
  3.5161740e+003  0.0000000e+000
  3.5186490e+003  0.0000000e+000
  3.5211270e+003  0.0000000e+000
  3.5236080e+003  0.0000000e+000
  3.5260930e+003  0.0000000e+000
  3.5285810e+003  0.0000000e+000
  3.5310730e+003  0.0000000e+000
  3.5335690e+003  0.0000000e+000
  3.5360680e+003  0.0000000e+000
  3.5385710e+003  0.0000000e+000
  3.5410770e+003  0.0000000e+000
  3.5435860e+003  0.0000000e+000
  3.5460990e+003  0.0000000e+000
  3.5486160e+003  0.0000000e+000
  3.5511360e+003  0.0000000e+000
  3.5536600e+003  0.0000000e+000
  3.5561880e+003  0.0000000e+000
  3.5587190e+003  0.0000000e+000
  3.5612530e+003  0.0000000e+000
  3.5637920e+003  0.0000000e+000
  3.5663340e+003  0.0000000e+000
  3.5688790e+003  0.0000000e+000
  3.5714290e+003  0.0000000e+000
  3.5739810e+003  0.0000000e+000
  3.5765380e+003  0.0000000e+000
  3.5790980e+003  0.0000000e+000
  3.5816620e+003  0.0000000e+000
  3.5842290e+003  0.0000000e+000
  3.5868010e+003  0.0000000e+000
  3.5893750e+003  0.0000000e+000
  3.5919540e+003  0.0000000e+000
  3.5945360e+003  0.0000000e+000
  3.5971220e+003  0.0000000e+000
  3.5997120e+003  0.0000000e+000
  3.6023050e+003  0.0000000e+000
  3.6049030e+003  0.0000000e+000
  3.6075030e+003  0.0000000e+000
  3.6101080e+003  0.0000000e+000
  3.6127170e+003  0.0000000e+000
  3.6153290e+003  0.0000000e+000
  3.6179450e+003  0.0000000e+000
  3.6205650e+003  0.0000000e+000
  3.6231880e+003  0.0000000e+000
  3.6258160e+003  0.0000000e+000
  3.6284470e+003  0.0000000e+000
  3.6310820e+003  0.0000000e+000
  3.6337210e+003  0.0000000e+000
  3.6363640e+003  0.0000000e+000
  3.6390100e+003  0.0000000e+000
  3.6416610e+003  0.0000000e+000
  3.6443150e+003  0.0000000e+000
  3.6469730e+003  0.0000000e+000
  3.6496350e+003  0.0000000e+000
  3.6523010e+003  0.0000000e+000
  3.6549710e+003  0.0000000e+000
  3.6576450e+003  0.0000000e+000
  3.6603220e+003  0.0000000e+000
  3.6630040e+003  0.0000000e+000
  3.6656890e+003  0.0000000e+000
  3.6683780e+003  0.0000000e+000
  3.6710720e+003  0.0000000e+000
  3.6737700e+003  0.0000000e+000
  3.6764700e+003  0.0000000e+000
  3.6791760e+003  0.0000000e+000
  3.6818850e+003  0.0000000e+000
  3.6845980e+003  0.0000000e+000
  3.6873160e+003  0.0000000e+000
  3.6900370e+003  0.0000000e+000
  3.6927620e+003  0.0000000e+000
  3.6954910e+003  0.0000000e+000
  3.6982250e+003  0.0000000e+000
  3.7009620e+003  0.0000000e+000
  3.7037040e+003  0.0000000e+000
  3.7064490e+003  0.0000000e+000
  3.7091990e+003  0.0000000e+000
  3.7119520e+003  0.0000000e+000
  3.7147100e+003  0.0000000e+000
  3.7174720e+003  0.0000000e+000
  3.7202380e+003  0.0000000e+000
  3.7230080e+003  0.0000000e+000
  3.7257820e+003  0.0000000e+000
  3.7285610e+003  0.0000000e+000
  3.7313430e+003  0.0000000e+000
  3.7341300e+003  0.0000000e+000
  3.7369210e+003  0.0000000e+000
  3.7397160e+003  0.0000000e+000
  3.7425150e+003  0.0000000e+000
  3.7453180e+003  0.0000000e+000
  3.7481260e+003  0.0000000e+000
  3.7509380e+003  0.0000000e+000
  3.7537540e+003  0.0000000e+000
  3.7565740e+003  0.0000000e+000
  3.7593980e+003  0.0000000e+000
  3.7622270e+003  0.0000000e+000
  3.7650600e+003  0.0000000e+000
  3.7678970e+003  0.0000000e+000
  3.7707390e+003  0.0000000e+000
  3.7735850e+003  0.0000000e+000
  3.7764350e+003  0.0000000e+000
  3.7792900e+003  0.0000000e+000
  3.7821480e+003  0.0000000e+000
  3.7850110e+003  0.0000000e+000
  3.7878790e+003  0.0000000e+000
  3.7907500e+003  0.0000000e+000
  3.7936270e+003  0.0000000e+000
  3.7965070e+003  0.0000000e+000
  3.7993920e+003  0.0000000e+000
  3.8022810e+003  0.0000000e+000
  3.8051750e+003  0.0000000e+000
  3.8080730e+003  0.0000000e+000
  3.8109760e+003  0.0000000e+000
  3.8138830e+003  0.0000000e+000
  3.8167940e+003  0.0000000e+000
  3.8197100e+003  0.0000000e+000
  3.8226300e+003  0.0000000e+000
  3.8255550e+003  0.0000000e+000
  3.8284840e+003  0.0000000e+000
  3.8314180e+003  0.0000000e+000
  3.8343560e+003  0.0000000e+000
  3.8372990e+003  0.0000000e+000
  3.8402460e+003  0.0000000e+000
  3.8431980e+003  0.0000000e+000
  3.8461540e+003  0.0000000e+000
  3.8491150e+003  0.0000000e+000
  3.8520800e+003  0.0000000e+000
  3.8550500e+003  0.0000000e+000
  3.8580250e+003  0.0000000e+000
  3.8610040e+003  0.0000000e+000
  3.8639880e+003  0.0000000e+000
  3.8669760e+003  0.0000000e+000
  3.8699690e+003  0.0000000e+000
  3.8729670e+003  0.0000000e+000
  3.8759690e+003  0.0000000e+000
  3.8789760e+003  0.0000000e+000
  3.8819880e+003  0.0000000e+000
  3.8850040e+003  0.0000000e+000
  3.8880250e+003  0.0000000e+000
  3.8910510e+003  0.0000000e+000
  3.8940810e+003  0.0000000e+000
  3.8971160e+003  0.0000000e+000
  3.9001560e+003  0.0000000e+000
  3.9032010e+003  0.0000000e+000
  3.9062500e+003  0.0000000e+000
  3.9093040e+003  0.0000000e+000
  3.9123630e+003  0.0000000e+000
  3.9154270e+003  0.0000000e+000
  3.9184950e+003  0.0000000e+000
  3.9215690e+003  0.0000000e+000
  3.9246470e+003  0.0000000e+000
  3.9277300e+003  0.0000000e+000
  3.9308180e+003  0.0000000e+000
  3.9339100e+003  0.0000000e+000
  3.9370080e+003  0.0000000e+000
  3.9401100e+003  0.0000000e+000
  3.9432180e+003  0.0000000e+000
  3.9463300e+003  0.0000000e+000
  3.9494470e+003  0.0000000e+000
  3.9525690e+003  0.0000000e+000
  3.9556960e+003  0.0000000e+000
  3.9588280e+003  0.0000000e+000
  3.9619650e+003  0.0000000e+000
  3.9651070e+003  0.0000000e+000
  3.9682540e+003  0.0000000e+000
  3.9714060e+003  0.0000000e+000
  3.9745630e+003  0.0000000e+000
  3.9777250e+003  0.0000000e+000
  3.9808920e+003  0.0000000e+000
  3.9840640e+003  0.0000000e+000
  3.9872410e+003  0.0000000e+000
  3.9904230e+003  0.0000000e+000
  3.9936100e+003  0.0000000e+000
  3.9968020e+003  0.0000000e+000
  4.0000000e+003  0.0000000e+000
