728.0 3.308e-05
729.0 0.0001026
730.0 0.0001968
731.0 0.0003154
732.0 0.0004515
733.0 0.0005931
734.0 0.000731
735.0 0.0008601
736.0 0.0009772
737.0 0.001078
738.0 0.00116
739.0 0.00122
740.0 0.001257
741.0 0.001277
742.0 0.001285
743.0 0.001291
744.0 0.0013
745.0 0.001309
746.0 0.001316
747.0 0.001326
748.0 0.001361
749.0 0.001449
750.0 0.001605
751.0 0.001807
752.0 0.002011
753.0 0.002183
754.0 0.002302
755.0 0.002386
756.0 0.002448
757.0 0.002488
758.0 0.002474
759.0 0.002378
760.0 0.002197
761.0 0.00197
762.0 0.001773
763.0 0.001656
764.0 0.001618
765.0 0.001637
766.0 0.001697
767.0 0.001824
768.0 0.002063
769.0 0.002433
770.0 0.002888
771.0 0.003363
772.0 0.003804
773.0 0.004213
774.0 0.004618
775.0 0.005044
776.0 0.005478
777.0 0.005896
778.0 0.006281
779.0 0.006652
780.0 0.007043
781.0 0.007495
782.0 0.008018
783.0 0.008608
784.0 0.009236
785.0 0.009864
786.0 0.01046
787.0 0.01105
788.0 0.01163
789.0 0.01221
790.0 0.01278
791.0 0.01335
792.0 0.01394
793.0 0.01461
794.0 0.01543
795.0 0.01635
796.0 0.01723
797.0 0.01793
798.0 0.01838
799.0 0.01857
800.0 0.01856
801.0 0.01838
802.0 0.01806
803.0 0.01762
804.0 0.01715
805.0 0.01676
806.0 0.0166
807.0 0.01681
808.0 0.01745
809.0 0.0185
810.0 0.01983
811.0 0.02125
812.0 0.02259
813.0 0.02374
814.0 0.02458
815.0 0.02514
816.0 0.02538
817.0 0.02541
818.0 0.02529
819.0 0.02515
820.0 0.02506
821.0 0.02506
822.0 0.02516
823.0 0.02532
824.0 0.02555
825.0 0.02583
826.0 0.02621
827.0 0.02667
828.0 0.02719
829.0 0.0277
830.0 0.02816
831.0 0.02853
832.0 0.02885
833.0 0.02913
834.0 0.02939
835.0 0.02964
836.0 0.02989
837.0 0.03017
838.0 0.03054
839.0 0.03105
840.0 0.03176
841.0 0.03265
842.0 0.03372
843.0 0.03491
844.0 0.03618
845.0 0.03755
846.0 0.03906
847.0 0.04088
848.0 0.04302
849.0 0.04552
850.0 0.04835
851.0 0.0514
852.0 0.05466
853.0 0.05807
854.0 0.06165
855.0 0.06545
856.0 0.06948
857.0 0.07382
858.0 0.07859
859.0 0.08383
860.0 0.08966
861.0 0.09619
862.0 0.1035
863.0 0.1117
864.0 0.1212
865.0 0.1318
866.0 0.1441
867.0 0.1576
868.0 0.1721
869.0 0.1875
870.0 0.2034
871.0 0.2194
872.0 0.2353
873.0 0.2507
874.0 0.2656
875.0 0.2801
876.0 0.2946
877.0 0.31
878.0 0.3272
879.0 0.3475
880.0 0.371
881.0 0.3982
882.0 0.4294
883.0 0.4635
884.0 0.4993
885.0 0.5356
886.0 0.5711
887.0 0.6052
888.0 0.6378
889.0 0.6687
890.0 0.6976
891.0 0.7246
892.0 0.7491
893.0 0.7703
894.0 0.7884
895.0 0.804
896.0 0.8175
897.0 0.8294
898.0 0.8408
899.0 0.8522
900.0 0.8639
901.0 0.8758
902.0 0.8871
903.0 0.897
904.0 0.9049
905.0 0.9109
906.0 0.9153
907.0 0.9191
908.0 0.9229
909.0 0.9267
910.0 0.9301
911.0 0.9325
912.0 0.9338
913.0 0.9342
914.0 0.9347
915.0 0.936
916.0 0.9389
917.0 0.9429
918.0 0.947
919.0 0.9499
920.0 0.9504
921.0 0.9477
922.0 0.9424
923.0 0.9355
924.0 0.9282
925.0 0.9216
926.0 0.917
927.0 0.9148
928.0 0.9148
929.0 0.9166
930.0 0.9196
931.0 0.9233
932.0 0.9273
933.0 0.9314
934.0 0.9357
935.0 0.9404
936.0 0.9457
937.0 0.9519
938.0 0.9588
939.0 0.9664
940.0 0.9741
941.0 0.9816
942.0 0.9885
943.0 0.9943
944.0 0.9983
945.0 0.9998
946.0 0.9983
947.0 0.993
948.0 0.9837
949.0 0.9707
950.0 0.9546
951.0 0.9361
952.0 0.9158
953.0 0.8942
954.0 0.8716
955.0 0.8482
956.0 0.8241
957.0 0.7993
958.0 0.7741
959.0 0.7485
960.0 0.7227
961.0 0.6967
962.0 0.6701
963.0 0.643
964.0 0.615
965.0 0.5863
966.0 0.5572
967.0 0.528
968.0 0.4994
969.0 0.4722
970.0 0.4468
971.0 0.4234
972.0 0.4021
973.0 0.3828
974.0 0.3653
975.0 0.3492
976.0 0.3341
977.0 0.3197
978.0 0.3058
979.0 0.2924
980.0 0.2795
981.0 0.267
982.0 0.2552
983.0 0.2439
984.0 0.2333
985.0 0.2231
986.0 0.2133
987.0 0.2036
988.0 0.1941
989.0 0.1848
990.0 0.1755
991.0 0.1663
992.0 0.1575
993.0 0.1488
994.0 0.1406
995.0 0.1327
996.0 0.1251
997.0 0.118
998.0 0.1111
999.0 0.1045
1000.0 0.0982
1001.0 0.0899
1002.0 0.08437
1003.0 0.07922
1004.0 0.07444
1005.0 0.07004
1006.0 0.06596
1007.0 0.0622
1008.0 0.05871
1009.0 0.05546
1010.0 0.05245
1011.0 0.04965
1012.0 0.04706
1013.0 0.04467
1014.0 0.04245
1015.0 0.04038
1016.0 0.03843
1017.0 0.03658
1018.0 0.03479
1019.0 0.03307
1020.0 0.03141
1021.0 0.02978
1022.0 0.02822
1023.0 0.02671
1024.0 0.02526
1025.0 0.02388
1026.0 0.02258
1027.0 0.02135
1028.0 0.0202
1029.0 0.01912
1030.0 0.01811
1031.0 0.01718
1032.0 0.0163
1033.0 0.01548
1034.0 0.01471
1035.0 0.014
1036.0 0.01332
1037.0 0.01268
1038.0 0.01208
1039.0 0.01153
1040.0 0.01101
1041.0 0.01053
1042.0 0.0101
1043.0 0.009698
1044.0 0.009343
1045.0 0.009028
1046.0 0.00875
1047.0 0.008506
1048.0 0.008295
1049.0 0.00811
1050.0 0.007949
1051.0 0.007806
1052.0 0.007679
1053.0 0.007563
1054.0 0.007455
1055.0 0.007351
1056.0 0.007248
1057.0 0.007145
1058.0 0.00704
1059.0 0.006931
1060.0 0.006823
1061.0 0.006713
1062.0 0.006605
1063.0 0.006502
1064.0 0.006404
1065.0 0.006313
1066.0 0.006228
1067.0 0.006149
1068.0 0.006074
1069.0 0.006001
1070.0 0.00593
1071.0 0.005861
1072.0 0.00579
1073.0 0.00572
1074.0 0.005652
1075.0 0.005584
1076.0 0.005517
1077.0 0.005451
1078.0 0.005385
1079.0 0.005316
1080.0 0.005242
1081.0 0.005162
1082.0 0.005075
1083.0 0.004979
1084.0 0.004874
1085.0 0.004761
1086.0 0.00464
1087.0 0.00451
1088.0 0.00437
1089.0 0.004219
1090.0 0.004056
1091.0 0.003879
1092.0 0.003687
1093.0 0.003483
1094.0 0.003269
1095.0 0.003051
1096.0 0.002835
1097.0 0.002626
1098.0 0.002433
1099.0 0.002258
1100.0 0.002102
1101.0 0.001968
1102.0 0.001851
1103.0 0.001748
1104.0 0.001655
1105.0 0.001569
1106.0 0.001485
1107.0 0.001401
1108.0 0.001319
1109.0 0.001234
1110.0 0.001149
1111.0 0.001063
1112.0 0.0009779
1113.0 0.0008934
1114.0 0.0008109
1115.0 0.0007315
1116.0 0.000656
1117.0 0.0005855
1118.0 0.0005203
1119.0 0.0004611
1120.0 0.0004081
1121.0 0.0003615
1122.0 0.0003215
1123.0 0.000288
1124.0 0.000261
1125.0 0.00024
1126.0 0.0002246
1127.0 0.0002138
1128.0 0.0002065
1129.0 0.0002013
1130.0 0.0001969
1131.0 0.0001918
1132.0 0.000185
1133.0 0.0001758
1134.0 0.0001637
1135.0 0.0001488
1136.0 0.0001318
1137.0 0.0001131
1138.0 9.35e-05
1139.0 7.374e-05
1140.0 5.443e-05
1141.0 3.601e-05
1142.0 1.881e-05
