  1.6672220e+003  0.0000000e+000
  1.6677790e+003  0.0000000e+000
  1.6683350e+003  0.0000000e+000
  1.6688920e+003  0.0000000e+000
  1.6694490e+003  0.0000000e+000
  1.6700070e+003  0.0000000e+000
  1.6705650e+003  0.0000000e+000
  1.6711230e+003  0.0000000e+000
  1.6716820e+003  0.0000000e+000
  1.6722410e+003  0.0000000e+000
  1.6728000e+003  0.0000000e+000
  1.6733600e+003  0.0000000e+000
  1.6739200e+003  0.0000000e+000
  1.6744810e+003  0.0000000e+000
  1.6750420e+003  0.0000000e+000
  1.6756030e+003  0.0000000e+000
  1.6761650e+003  0.0000000e+000
  1.6767270e+003  0.0000000e+000
  1.6772900e+003  0.0000000e+000
  1.6778520e+003  0.0000000e+000
  1.6784160e+003  0.0000000e+000
  1.6789790e+003  0.0000000e+000
  1.6795430e+003  0.0000000e+000
  1.6801080e+003  0.0000000e+000
  1.6806720e+003  0.0000000e+000
  1.6812370e+003  0.0000000e+000
  1.6818030e+003  0.0000000e+000
  1.6823690e+003  0.0000000e+000
  1.6829350e+003  0.0000000e+000
  1.6835020e+003  0.0000000e+000
  1.6840690e+003  0.0000000e+000
  1.6846360e+003  0.0000000e+000
  1.6852040e+003  0.0000000e+000
  1.6857720e+003  0.0000000e+000
  1.6863410e+003  0.0000000e+000
  1.6869100e+003  0.0000000e+000
  1.6874790e+003  0.0000000e+000
  1.6880490e+003  0.0000000e+000
  1.6886190e+003  0.0000000e+000
  1.6891890e+003  0.0000000e+000
  1.6897600e+003  0.0000000e+000
  1.6903310e+003  0.0000000e+000
  1.6909030e+003  0.0000000e+000
  1.6914750e+003  0.0000000e+000
  1.6920470e+003  0.0000000e+000
  1.6926200e+003  0.0000000e+000
  1.6931930e+003  0.0000000e+000
  1.6937670e+003  0.0000000e+000
  1.6943410e+003  0.0000000e+000
  1.6949150e+003  0.0000000e+000
  1.6954900e+003  0.0000000e+000
  1.6960650e+003  0.0000000e+000
  1.6966410e+003  0.0000000e+000
  1.6972170e+003  0.0000000e+000
  1.6977930e+003  0.0000000e+000
  1.6983700e+003  0.0000000e+000
  1.6989470e+003  0.0000000e+000
  1.6995240e+003  0.0000000e+000
  1.7001020e+003  0.0000000e+000
  1.7006800e+003  0.0000000e+000
  1.7012590e+003  0.0000000e+000
  1.7018380e+003  0.0000000e+000
  1.7024170e+003  0.0000000e+000
  1.7029970e+003  0.0000000e+000
  1.7035780e+003  0.0000000e+000
  1.7041580e+003  0.0000000e+000
  1.7047390e+003  0.0000000e+000
  1.7053210e+003  0.0000000e+000
  1.7059020e+003  0.0000000e+000
  1.7064850e+003  0.0000000e+000
  1.7070670e+003  0.0000000e+000
  1.7076500e+003  0.0000000e+000
  1.7082340e+003  0.0000000e+000
  1.7088170e+003  0.0000000e+000
  1.7094020e+003  0.0000000e+000
  1.7099860e+003  0.0000000e+000
  1.7105710e+003  0.0000000e+000
  1.7111570e+003  0.0000000e+000
  1.7117430e+003  0.0000000e+000
  1.7123290e+003  0.0000000e+000
  1.7129150e+003  0.0000000e+000
  1.7135020e+003  0.0000000e+000
  1.7140900e+003  0.0000000e+000
  1.7146780e+003  0.0000000e+000
  1.7152660e+003  0.0000000e+000
  1.7158540e+003  0.0000000e+000
  1.7164430e+003  0.0000000e+000
  1.7170330e+003  0.0000000e+000
  1.7176230e+003  0.0000000e+000
  1.7182130e+003  0.0000000e+000
  1.7188040e+003  0.0000000e+000
  1.7193950e+003  0.0000000e+000
  1.7199860e+003  0.0000000e+000
  1.7205780e+003  0.0000000e+000
  1.7211700e+003  0.0000000e+000
  1.7217630e+003  0.0000000e+000
  1.7223560e+003  0.0000000e+000
  1.7229500e+003  0.0000000e+000
  1.7235440e+003  0.0000000e+000
  1.7241380e+003  0.0000000e+000
  1.7247330e+003  0.0000000e+000
  1.7253280e+003  0.0000000e+000
  1.7259230e+003  0.0000000e+000
  1.7265190e+003  0.0000000e+000
  1.7271160e+003  0.0000000e+000
  1.7277130e+003  0.0000000e+000
  1.7283100e+003  0.0000000e+000
  1.7289070e+003  0.0000000e+000
  1.7295050e+003  0.0000000e+000
  1.7301040e+003  0.0000000e+000
  1.7307030e+003  0.0000000e+000
  1.7313020e+003  0.0000000e+000
  1.7319020e+003  0.0000000e+000
  1.7325020e+003  0.0000000e+000
  1.7331020e+003  0.0000000e+000
  1.7337030e+003  0.0000000e+000
  1.7343050e+003  0.0000000e+000
  1.7349060e+003  0.0000000e+000
  1.7355080e+003  0.0000000e+000
  1.7361110e+003  0.0000000e+000
  1.7367140e+003  0.0000000e+000
  1.7373180e+003  0.0000000e+000
  1.7379210e+003  0.0000000e+000
  1.7385260e+003  0.0000000e+000
  1.7391300e+003  0.0000000e+000
  1.7397350e+003  0.0000000e+000
  1.7403410e+003  0.0000000e+000
  1.7409470e+003  0.0000000e+000
  1.7415530e+003  0.0000000e+000
  1.7421600e+003  0.0000000e+000
  1.7427680e+003  0.0000000e+000
  1.7433750e+003  0.0000000e+000
  1.7439830e+003  0.0000000e+000
  1.7445920e+003  0.0000000e+000
  1.7452010e+003  0.0000000e+000
  1.7458100e+003  0.0000000e+000
  1.7464200e+003  0.0000000e+000
  1.7470300e+003  0.0000000e+000
  1.7476410e+003  0.0000000e+000
  1.7482520e+003  0.0000000e+000
  1.7488630e+003  0.0000000e+000
  1.7494750e+003  0.0000000e+000
  1.7500870e+003  0.0000000e+000
  1.7507000e+003  0.0000000e+000
  1.7513130e+003  0.0000000e+000
  1.7519270e+003  0.0000000e+000
  1.7525410e+003  0.0000000e+000
  1.7531560e+003  0.0000000e+000
  1.7537710e+003  0.0000000e+000
  1.7543860e+003  0.0000000e+000
  1.7550020e+003  0.0000000e+000
  1.7556180e+003  0.0000000e+000
  1.7562350e+003  0.0000000e+000
  1.7568520e+003  0.0000000e+000
  1.7574690e+003  0.0000000e+000
  1.7580870e+003  0.0000000e+000
  1.7587060e+003  0.0000000e+000
  1.7593240e+003  0.0000000e+000
  1.7599440e+003  0.0000000e+000
  1.7605630e+003  0.0000000e+000
  1.7611830e+003  0.0000000e+000
  1.7618040e+003  0.0000000e+000
  1.7624250e+003  0.0000000e+000
  1.7630470e+003  0.0000000e+000
  1.7636680e+003  0.0000000e+000
  1.7642910e+003  0.0000000e+000
  1.7649140e+003  0.0000000e+000
  1.7655370e+003  0.0000000e+000
  1.7661600e+003  0.0000000e+000
  1.7667850e+003  0.0000000e+000
  1.7674090e+003  0.0000000e+000
  1.7680340e+003  0.0000000e+000
  1.7686590e+003  0.0000000e+000
  1.7692850e+003  0.0000000e+000
  1.7699110e+003  0.0000000e+000
  1.7705380e+003  0.0000000e+000
  1.7711650e+003  0.0000000e+000
  1.7717930e+003  0.0000000e+000
  1.7724220e+003  0.0000000e+000
  1.7730500e+003  0.0000000e+000
  1.7736790e+003  0.0000000e+000
  1.7743080e+003  0.0000000e+000
  1.7749380e+003  0.0000000e+000
  1.7755680e+003  0.0000000e+000
  1.7761990e+003  0.0000000e+000
  1.7768300e+003  0.0000000e+000
  1.7774620e+003  0.0000000e+000
  1.7780940e+003  0.0000000e+000
  1.7787260e+003  0.0000000e+000
  1.7793590e+003  0.0000000e+000
  1.7799930e+003  0.0000000e+000
  1.7806270e+003  0.0000000e+000
  1.7812610e+003  0.0000000e+000
  1.7818960e+003  0.0000000e+000
  1.7825310e+003  0.0000000e+000
  1.7831670e+003  0.0000000e+000
  1.7838030e+003  0.0000000e+000
  1.7844400e+003  0.0000000e+000
  1.7850770e+003  0.0000000e+000
  1.7857140e+003  0.0000000e+000
  1.7863520e+003  0.0000000e+000
  1.7869910e+003  0.0000000e+000
  1.7876300e+003  0.0000000e+000
  1.7882690e+003  0.0000000e+000
  1.7889090e+003  0.0000000e+000
  1.7895490e+003  0.0000000e+000
  1.7901900e+003  0.0000000e+000
  1.7908310e+003  0.0000000e+000
  1.7914730e+003  0.0000000e+000
  1.7921150e+003  0.0000000e+000
  1.7927580e+003  0.0000000e+000
  1.7934000e+003  0.0000000e+000
  1.7940440e+003  0.0000000e+000
  1.7946880e+003  0.0000000e+000
  1.7953320e+003  0.0000000e+000
  1.7959770e+003  0.0000000e+000
  1.7966220e+003  0.0000000e+000
  1.7972680e+003  0.0000000e+000
  1.7979140e+003  0.0000000e+000
  1.7985610e+003  0.0000000e+000
  1.7992080e+003  0.0000000e+000
  1.7998560e+003  0.0000000e+000
  1.8005040e+003  0.0000000e+000
  1.8011530e+003  0.0000000e+000
  1.8018020e+003  0.0000000e+000
  1.8024510e+003  0.0000000e+000
  1.8031010e+003  0.0000000e+000
  1.8037520e+003  0.0000000e+000
  1.8044030e+003  0.0000000e+000
  1.8050540e+003  0.0000000e+000
  1.8057060e+003  0.0000000e+000
  1.8063580e+003  0.0000000e+000
  1.8070110e+003  0.0000000e+000
  1.8076640e+003  0.0000000e+000
  1.8083180e+003  0.0000000e+000
  1.8089730e+003  0.0000000e+000
  1.8096270e+003  0.0000000e+000
  1.8102820e+003  0.0000000e+000
  1.8109380e+003  0.0000000e+000
  1.8115940e+003  0.0000000e+000
  1.8122510e+003  0.0000000e+000
  1.8129080e+003  0.0000000e+000
  1.8135650e+003  0.0000000e+000
  1.8142240e+003  0.0000000e+000
  1.8148820e+003  0.0000000e+000
  1.8155410e+003  0.0000000e+000
  1.8162000e+003  0.0000000e+000
  1.8168600e+003  0.0000000e+000
  1.8175210e+003  0.0000000e+000
  1.8181820e+003  0.0000000e+000
  1.8188430e+003  0.0000000e+000
  1.8195050e+003  0.0000000e+000
  1.8201670e+003  0.0000000e+000
  1.8208300e+003  0.0000000e+000
  1.8214940e+003  0.0000000e+000
  1.8221570e+003  0.0000000e+000
  1.8228220e+003  0.0000000e+000
  1.8234860e+003  0.0000000e+000
  1.8241520e+003  0.0000000e+000
  1.8248180e+003  0.0000000e+000
  1.8254840e+003  0.0000000e+000
  1.8261510e+003  0.0000000e+000
  1.8268180e+003  0.0000000e+000
  1.8274850e+003  0.0000000e+000
  1.8281540e+003  0.0000000e+000
  1.8288220e+003  0.0000000e+000
  1.8294910e+003  0.0000000e+000
  1.8301610e+003  0.0000000e+000
  1.8308310e+003  0.0000000e+000
  1.8315020e+003  0.0000000e+000
  1.8321730e+003  0.0000000e+000
  1.8328450e+003  0.0000000e+000
  1.8335170e+003  0.0000000e+000
  1.8341890e+003  0.0000000e+000
  1.8348620e+003  0.0000000e+000
  1.8355360e+003  0.0000000e+000
  1.8362100e+003  0.0000000e+000
  1.8368850e+003  0.0000000e+000
  1.8375600e+003  0.0000000e+000
  1.8382350e+003  0.0000000e+000
  1.8389110e+003  0.0000000e+000
  1.8395880e+003  0.0000000e+000
  1.8402650e+003  0.0000000e+000
  1.8409430e+003  0.0000000e+000
  1.8416210e+003  0.0000000e+000
  1.8422990e+003  0.0000000e+000
  1.8429780e+003  0.0000000e+000
  1.8436580e+003  0.0000000e+000
  1.8443380e+003  0.0000000e+000
  1.8450180e+003  0.0000000e+000
  1.8456990e+003  0.0000000e+000
  1.8463810e+003  0.0000000e+000
  1.8470630e+003  0.0000000e+000
  1.8477460e+003  0.0000000e+000
  1.8484290e+003  0.0000000e+000
  1.8491130e+003  0.0000000e+000
  1.8497970e+003  0.0000000e+000
  1.8504810e+003  0.0000000e+000
  1.8511660e+003  0.0000000e+000
  1.8518520e+003  0.0000000e+000
  1.8525380e+003  0.0000000e+000
  1.8532250e+003  0.0000000e+000
  1.8539120e+003  0.0000000e+000
  1.8546000e+003  0.0000000e+000
  1.8552880e+003  0.0000000e+000
  1.8559760e+003  0.0000000e+000
  1.8566650e+003  0.0000000e+000
  1.8573550e+003  0.0000000e+000
  1.8580450e+003  0.0000000e+000
  1.8587360e+003  0.0000000e+000
  1.8594270e+003  0.0000000e+000
  1.8601190e+003  0.0000000e+000
  1.8608110e+003  0.0000000e+000
  1.8615040e+003  0.0000000e+000
  1.8621970e+003  0.0000000e+000
  1.8628910e+003  0.0000000e+000
  1.8635850e+003  0.0000000e+000
  1.8642800e+003  0.0000000e+000
  1.8649760e+003  0.0000000e+000
  1.8656720e+003  0.0000000e+000
  1.8663680e+003  0.0000000e+000
  1.8670650e+003  0.0000000e+000
  1.8677620e+003  0.0000000e+000
  1.8684600e+003  0.0000000e+000
  1.8691590e+003  0.0000000e+000
  1.8698580e+003  0.0000000e+000
  1.8705570e+003  0.0000000e+000
  1.8712580e+003  0.0000000e+000
  1.8719580e+003  0.0000000e+000
  1.8726590e+003  0.0000000e+000
  1.8733610e+003  0.0000000e+000
  1.8740630e+003  0.0000000e+000
  1.8747660e+003  0.0000000e+000
  1.8754690e+003  0.0000000e+000
  1.8761730e+003  0.0000000e+000
  1.8768770e+003  0.0000000e+000
  1.8775820e+003  0.0000000e+000
  1.8782870e+003  0.0000000e+000
  1.8789930e+003  0.0000000e+000
  1.8796990e+003  0.0000000e+000
  1.8804060e+003  0.0000000e+000
  1.8811140e+003  0.0000000e+000
  1.8818220e+003  0.0000000e+000
  1.8825300e+003  0.0000000e+000
  1.8832390e+003  0.0000000e+000
  1.8839490e+003  0.0000000e+000
  1.8846590e+003  0.0000000e+000
  1.8853700e+003  0.0000000e+000
  1.8860810e+003  0.0000000e+000
  1.8867920e+003  0.0000000e+000
  1.8875050e+003  0.0000000e+000
  1.8882180e+003  0.0000000e+000
  1.8889310e+003  0.0000000e+000
  1.8896450e+003  0.0000000e+000
  1.8903590e+003  0.0000000e+000
  1.8910740e+003  0.0000000e+000
  1.8917900e+003  0.0000000e+000
  1.8925060e+003  0.0000000e+000
  1.8932220e+003  0.0000000e+000
  1.8939390e+003  0.0000000e+000
  1.8946570e+003  0.0000000e+000
  1.8953750e+003  0.0000000e+000
  1.8960940e+003  0.0000000e+000
  1.8968130e+003  0.0000000e+000
  1.8975330e+003  0.0000000e+000
  1.8982540e+003  0.0000000e+000
  1.8989750e+003  0.0000000e+000
  1.8996960e+003  0.0000000e+000
  1.9004180e+003  0.0000000e+000
  1.9011410e+003  0.0000000e+000
  1.9018640e+003  0.0000000e+000
  1.9025880e+003  0.0000000e+000
  1.9033120e+003  0.0000000e+000
  1.9040370e+003  0.0000000e+000
  1.9047620e+003  0.0000000e+000
  1.9054880e+003  0.0000000e+000
  1.9062140e+003  0.0000000e+000
  1.9069410e+003  0.0000000e+000
  1.9076690e+003  0.0000000e+000
  1.9083970e+003  0.0000000e+000
  1.9091260e+003  0.0000000e+000
  1.9098550e+003  0.0000000e+000
  1.9105850e+003  0.0000000e+000
  1.9113150e+003  0.0000000e+000
  1.9120460e+003  0.0000000e+000
  1.9127770e+003  0.0000000e+000
  1.9135090e+003  0.0000000e+000
  1.9142420e+003  0.0000000e+000
  1.9149750e+003  0.0000000e+000
  1.9157090e+003  0.0000000e+000
  1.9164430e+003  0.0000000e+000
  1.9171780e+003  0.0000000e+000
  1.9179130e+003  0.0000000e+000
  1.9186490e+003  0.0000000e+000
  1.9193860e+003  0.0000000e+000
  1.9201230e+003  0.0000000e+000
  1.9208610e+003  0.0000000e+000
  1.9215990e+003  0.0000000e+000
  1.9223380e+003  0.0000000e+000
  1.9230770e+003  0.0000000e+000
  1.9238170e+003  0.0000000e+000
  1.9245570e+003  0.0000000e+000
  1.9252980e+003  0.0000000e+000
  1.9260400e+003  0.0000000e+000
  1.9267820e+003  0.0000000e+000
  1.9275250e+003  0.0000000e+000
  1.9282680e+003  0.0000000e+000
  1.9290120e+003  0.0000000e+000
  1.9297570e+003  0.0000000e+000
  1.9305020e+003  0.0000000e+000
  1.9312480e+003  0.0000000e+000
  1.9319940e+003  0.0000000e+000
  1.9327410e+003  0.0000000e+000
  1.9334880e+003  0.0000000e+000
  1.9342360e+003  0.0000000e+000
  1.9349840e+003  0.0000000e+000
  1.9357340e+003  0.0000000e+000
  1.9364830e+003  0.0000000e+000
  1.9372340e+003  0.0000000e+000
  1.9379840e+003  0.0000000e+000
  1.9387360e+003  0.0000000e+000
  1.9394880e+003  0.0000000e+000
  1.9402410e+003  0.0000000e+000
  1.9409940e+003  0.0000000e+000
  1.9417480e+003  0.0000000e+000
  1.9425020e+003  0.0000000e+000
  1.9432570e+003  0.0000000e+000
  1.9440120e+003  0.0000000e+000
  1.9447690e+003  0.0000000e+000
  1.9455250e+003  0.0000000e+000
  1.9462830e+003  0.0000000e+000
  1.9470400e+003  0.0000000e+000
  1.9477990e+003  0.0000000e+000
  1.9485580e+003  0.0000000e+000
  1.9493180e+003  0.0000000e+000
  1.9500780e+003  0.0000000e+000
  1.9508390e+003  0.0000000e+000
  1.9516000e+003  0.0000000e+000
  1.9523620e+003  0.0000000e+000
  1.9531250e+003  0.0000000e+000
  1.9538880e+003  0.0000000e+000
  1.9546520e+003  0.0000000e+000
  1.9554170e+003  0.0000000e+000
  1.9561820e+003  0.0000000e+000
  1.9569480e+003  0.0000000e+000
  1.9577140e+003  0.0000000e+000
  1.9584800e+003  0.0000000e+000
  1.9592480e+003  0.0000000e+000
  1.9600160e+003  0.0000000e+000
  1.9607840e+003  0.0000000e+000
  1.9615540e+003  0.0000000e+000
  1.9623230e+003  0.0000000e+000
  1.9630940e+003  0.0000000e+000
  1.9638650e+003  0.0000000e+000
  1.9646360e+003  0.0000000e+000
  1.9654090e+003  0.0000000e+000
  1.9661820e+003  0.0000000e+000
  1.9669550e+003  0.0000000e+000
  1.9677290e+003  0.0000000e+000
  1.9685040e+003  0.0000000e+000
  1.9692800e+003  0.0000000e+000
  1.9700550e+003  0.0000000e+000
  1.9708320e+003  0.0000000e+000
  1.9716090e+003  0.0000000e+000
  1.9723860e+003  0.0000000e+000
  1.9731650e+003  0.0000000e+000
  1.9739440e+003  0.0000000e+000
  1.9747240e+003  0.0000000e+000
  1.9755040e+003  0.0000000e+000
  1.9762850e+003  0.0000000e+000
  1.9770660e+003  0.0000000e+000
  1.9778480e+003  0.0000000e+000
  1.9786310e+003  0.0000000e+000
  1.9794140e+003  0.0000000e+000
  1.9801980e+003  0.0000000e+000
  1.9809830e+003  0.0000000e+000
  1.9817680e+003  0.0000000e+000
  1.9825530e+003  0.0000000e+000
  1.9833400e+003  0.0000000e+000
  1.9841270e+003  0.0000000e+000
  1.9849150e+003  0.0000000e+000
  1.9857030e+003  0.0000000e+000
  1.9864920e+003  0.0000000e+000
  1.9872810e+003  0.0000000e+000
  1.9880720e+003  0.0000000e+000
  1.9888620e+003  0.0000000e+000
  1.9896540e+003  0.0000000e+000
  1.9904460e+003  0.0000000e+000
  1.9912390e+003  0.0000000e+000
  1.9920320e+003  0.0000000e+000
  1.9928260e+003  0.0000000e+000
  1.9936200e+003  0.0000000e+000
  1.9944160e+003  0.0000000e+000
  1.9952110e+003  0.0000000e+000
  1.9960080e+003  0.0000000e+000
  1.9968050e+003  0.0000000e+000
  1.9976030e+003  0.0000000e+000
  1.9984010e+003  0.0000000e+000
  1.9992000e+003  0.0000000e+000
  2.0000000e+003  5.8913989e-005
  2.0008000e+003  1.0262006e-004
  2.0016010e+003  4.4086111e-005
  2.0024030e+003 -6.0473631e-006
  2.0032050e+003  1.9245646e-005
  2.0040080e+003 -4.5540510e-006
  2.0048120e+003  6.3206651e-005
  2.0056160e+003  1.1152246e-005
  2.0064200e+003 -4.2597589e-005
  2.0072260e+003  1.7320730e-005
  2.0080320e+003  9.6918215e-005
  2.0088390e+003  5.7667839e-005
  2.0096460e+003  2.0438780e-005
  2.0104540e+003  4.9160091e-005
  2.0112630e+003  6.3972948e-005
  2.0120730e+003  5.2508356e-005
  2.0128820e+003  1.8826700e-005
  2.0136930e+003  3.3720567e-005
  2.0145040e+003  2.6160400e-005
  2.0153160e+003  3.8420789e-005
  2.0161290e+003 -8.5124375e-006
  2.0169420e+003 -9.0400419e-005
  2.0177560e+003 -1.0221307e-004
  2.0185710e+003 -4.4683318e-005
  2.0193860e+003  4.9760201e-005
  2.0202020e+003  2.1948301e-005
  2.0210190e+003  5.3171283e-005
  2.0218360e+003  1.6179083e-005
  2.0226540e+003 -2.4325198e-006
  2.0234720e+003  1.0803820e-004
  2.0242920e+003  1.3191284e-004
  2.0251110e+003  1.5642993e-004
  2.0259320e+003  1.3880078e-004
  2.0267530e+003  3.7291535e-005
  2.0275750e+003 -2.6448266e-005
  2.0283980e+003 -1.5374178e-005
  2.0292210e+003  6.1290120e-005
  2.0300450e+003 -1.2747081e-006
  2.0308700e+003  7.8951034e-006
  2.0316940e+003  7.8131248e-005
  2.0325200e+003  1.0413861e-004
  2.0333470e+003  6.6478919e-005
  2.0341740e+003 -3.6011526e-005
  2.0350020e+003 -1.1423965e-004
  2.0358310e+003 -7.7291821e-005
  2.0366600e+003 -7.4160642e-005
  2.0374900e+003 -3.4098521e-005
  2.0383200e+003 -3.1902746e-005
  2.0391520e+003  8.1920931e-005
  2.0399840e+003  1.1796760e-004
  2.0408160e+003  1.4248041e-004
  2.0416500e+003 -6.2971085e-006
  2.0424840e+003 -9.3837451e-005
  2.0433180e+003  2.6484309e-005
  2.0441540e+003  5.2123160e-005
  2.0449900e+003 -3.5095956e-005
  2.0458270e+003 -1.3619181e-004
  2.0466640e+003 -9.1819857e-005
  2.0475020e+003  2.2101257e-004
  2.0483410e+003  2.0307767e-004
  2.0491800e+003  1.2847641e-004
  2.0500210e+003  4.5897876e-005
  2.0508620e+003  2.7794549e-005
  2.0517030e+003  9.8492987e-005
  2.0525450e+003  6.7128378e-005
  2.0533880e+003 -1.9522637e-004
  2.0542320e+003 -2.2348877e-005
  2.0550760e+003  1.5637817e-004
  2.0559210e+003  1.7624558e-004
  2.0567670e+003  1.5880784e-004
  2.0576140e+003  5.6204510e-005
  2.0584600e+003 -1.2721911e-004
  2.0593080e+003 -2.0107857e-006
  2.0601560e+003  3.5244192e-004
  2.0610060e+003  5.8895454e-005
  2.0618560e+003  1.7117517e-004
  2.0627060e+003  2.3902411e-004
  2.0635570e+003  1.0123667e-004
  2.0644100e+003  2.4345136e-004
  2.0652620e+003  1.3070143e-004
  2.0661160e+003  1.5061871e-005
  2.0669700e+003  1.1726620e-004
  2.0678250e+003  8.3880906e-005
  2.0686800e+003  2.2776992e-004
  2.0695370e+003  2.1261112e-004
  2.0703930e+003  1.1616929e-004
  2.0712510e+003  4.4292436e-005
  2.0721090e+003  1.4019800e-004
  2.0729690e+003  3.7138697e-004
  2.0738280e+003  2.0016260e-004
  2.0746890e+003  7.1111637e-005
  2.0755500e+003  2.4656059e-005
  2.0764120e+003  1.9348215e-004
  2.0772750e+003  1.0010126e-004
  2.0781380e+003  1.9781008e-004
  2.0790020e+003  1.1442711e-004
  2.0798670e+003  3.1775769e-005
  2.0807320e+003  1.9743523e-004
  2.0815990e+003 -2.6310472e-005
  2.0824660e+003  1.1412879e-004
  2.0833330e+003  6.6980785e-005
  2.0842020e+003 -9.8325347e-007
  2.0850710e+003  2.2480654e-004
  2.0859410e+003  1.3857124e-004
  2.0868120e+003  3.7911281e-004
  2.0876830e+003  3.9355035e-004
  2.0885550e+003  4.8201870e-005
  2.0894270e+003  2.5534048e-004
  2.0903010e+003  3.8996837e-004
  2.0911750e+003  1.3931027e-004
  2.0920500e+003  1.4883828e-004
  2.0929260e+003 -1.1240043e-004
  2.0938020e+003  8.6929886e-006
  2.0946790e+003  3.2650749e-004
  2.0955570e+003  2.1231985e-004
  2.0964360e+003  4.0770596e-004
  2.0973150e+003  3.1743234e-004
  2.0981960e+003  4.9328001e-004
  2.0990760e+003  4.2313282e-004
  2.0999580e+003  3.6120950e-004
  2.1008400e+003  4.8461245e-004
  2.1017230e+003 -8.7531887e-005
  2.1026070e+003  2.8529370e-005
  2.1034920e+003 -2.3638571e-004
  2.1043770e+003  2.1066975e-004
  2.1052630e+003  5.4991530e-004
  2.1061500e+003  1.3011340e-004
  2.1070380e+003  3.3799195e-005
  2.1079260e+003  5.5391254e-004
  2.1088150e+003  4.4520211e-004
  2.1097050e+003  6.3537253e-004
  2.1105950e+003  3.5302230e-004
  2.1114870e+003  2.2363201e-004
  2.1123780e+003  4.4203055e-004
  2.1132710e+003  4.4156550e-004
  2.1141650e+003  4.1850633e-004
  2.1150590e+003  5.4579083e-004
  2.1159540e+003  6.3833123e-004
  2.1168500e+003  1.3417047e-003
  2.1177470e+003  6.3856179e-004
  2.1186440e+003  3.8991024e-004
  2.1195420e+003  1.3704326e-004
  2.1204410e+003  2.5645515e-004
  2.1213410e+003  1.2073469e-005
  2.1222410e+003  3.0300440e-004
  2.1231420e+003  8.2283199e-004
  2.1240440e+003  6.2799919e-004
  2.1249470e+003  8.3893648e-004
  2.1258500e+003  6.9301907e-004
  2.1267540e+003  6.1753613e-004
  2.1276600e+003  2.9875679e-004
  2.1285650e+003  1.0522422e-003
  2.1294720e+003  1.4537214e-003
  2.1303790e+003  6.2330760e-004
  2.1312870e+003  9.0062973e-004
  2.1321960e+003  7.8790699e-004
  2.1331060e+003  7.6959759e-004
  2.1340160e+003  5.7555252e-004
  2.1349270e+003  9.2998391e-004
  2.1358390e+003  1.0326034e-003
  2.1367520e+003  6.3881150e-004
  2.1376660e+003  5.3663243e-004
  2.1385800e+003  1.1276469e-003
  2.1394960e+003  1.3569869e-003
  2.1404110e+003  8.6273823e-004
  2.1413280e+003  1.2965829e-003
  2.1422450e+003  6.0538686e-004
  2.1431630e+003  3.8852068e-004
  2.1440820e+003  1.4575558e-003
  2.1450020e+003  1.4723305e-003
  2.1459230e+003  1.2509082e-003
  2.1468440e+003  1.5810602e-003
  2.1477660e+003  1.0283210e-003
  2.1486890e+003  1.3509865e-003
  2.1496130e+003  1.2724128e-003
  2.1505380e+003  1.0177710e-003
  2.1514630e+003  1.6515219e-003
  2.1523890e+003  1.5576080e-003
  2.1533160e+003  2.3565360e-003
  2.1542440e+003  2.5195642e-003
  2.1551720e+003  1.6710412e-003
  2.1561020e+003  1.9117815e-003
  2.1570320e+003  2.4212643e-003
  2.1579630e+003  2.8332782e-003
  2.1588950e+003  2.4612262e-003
  2.1598270e+003  2.8805486e-003
  2.1607610e+003  3.0872582e-003
  2.1616950e+003  2.7473760e-003
  2.1626300e+003  2.8774033e-003
  2.1635650e+003  3.2283228e-003
  2.1645020e+003  4.2233593e-003
  2.1654390e+003  4.4153025e-003
  2.1663780e+003  4.9276254e-003
  2.1673170e+003  5.1154131e-003
  2.1682570e+003  5.8037331e-003
  2.1691980e+003  6.4795502e-003
  2.1701390e+003  6.9836150e-003
  2.1710810e+003  6.8816487e-003
  2.1720240e+003  7.5827125e-003
  2.1729680e+003  8.5840952e-003
  2.1739130e+003  9.2175333e-003
  2.1748590e+003  1.0402145e-002
  2.1758050e+003  1.1292872e-002
  2.1767530e+003  1.2194152e-002
  2.1777000e+003  1.4277725e-002
  2.1786490e+003  1.6113661e-002
  2.1795990e+003  1.8475691e-002
  2.1805500e+003  1.9949416e-002
  2.1815010e+003  2.4142187e-002
  2.1824530e+003  2.6040183e-002
  2.1834060e+003  3.0258536e-002
  2.1843600e+003  3.5111278e-002
  2.1853150e+003  4.1183915e-002
  2.1862700e+003  4.5922175e-002
  2.1872270e+003  5.3005006e-002
  2.1881840e+003  6.1893098e-002
  2.1891420e+003  7.2616860e-002
  2.1901010e+003  8.5276850e-002
  2.1910600e+003  9.9590547e-002
  2.1920210e+003  1.1781760e-001
  2.1929820e+003  1.4037100e-001
  2.1939450e+003  1.6815780e-001
  2.1949080e+003  1.9996440e-001
  2.1958720e+003  2.3901450e-001
  2.1968360e+003  2.8432790e-001
  2.1978020e+003  3.3675150e-001
  2.1987690e+003  3.9816480e-001
  2.1997360e+003  4.6354000e-001
  2.2007040e+003  5.3565190e-001
  2.2016730e+003  6.0817700e-001
  2.2026430e+003  6.7938160e-001
  2.2036140e+003  7.5356670e-001
  2.2045860e+003  8.1227390e-001
  2.2055580e+003  8.6129980e-001
  2.2065310e+003  9.0049870e-001
  2.2075050e+003  9.3066450e-001
  2.2084810e+003  9.4982900e-001
  2.2094570e+003  9.6430200e-001
  2.2104330e+003  9.7517290e-001
  2.2114110e+003  9.8065560e-001
  2.2123890e+003  9.8582910e-001
  2.2133690e+003  9.9865120e-001
  2.2143490e+003  1.0000000e+000
  2.2153300e+003  9.9505010e-001
  2.2163120e+003  9.8458290e-001
  2.2172950e+003  9.6421300e-001
  2.2182790e+003  9.3209200e-001
  2.2192630e+003  8.8773640e-001
  2.2202490e+003  8.3115360e-001
  2.2212350e+003  7.6472290e-001
  2.2222220e+003  6.9148730e-001
  2.2232100e+003  6.1796910e-001
  2.2241990e+003  5.4081910e-001
  2.2251890e+003  4.6849500e-001
  2.2261800e+003  4.0055650e-001
  2.2271720e+003  3.4150250e-001
  2.2281640e+003  2.8952340e-001
  2.2291570e+003  2.4502010e-001
  2.2301520e+003  2.0752140e-001
  2.2311470e+003  1.7558390e-001
  2.2321430e+003  1.4959760e-001
  2.2331400e+003  1.2793460e-001
  2.2341380e+003  1.0896240e-001
  2.2351360e+003  9.2304207e-002
  2.2361360e+003  7.8899361e-002
  2.2371360e+003  6.7451403e-002
  2.2381380e+003  5.9603833e-002
  2.2391400e+003  5.0689835e-002
  2.2401430e+003  4.4254165e-002
  2.2411470e+003  3.9278872e-002
  2.2421520e+003  3.4329426e-002
  2.2431580e+003  2.9309051e-002
  2.2441650e+003  2.5847876e-002
  2.2451730e+003  2.3314834e-002
  2.2461810e+003  2.0195339e-002
  2.2471910e+003  1.8709725e-002
  2.2482010e+003  1.6620046e-002
  2.2492130e+003  1.5127792e-002
  2.2502250e+003  1.3827483e-002
  2.2512380e+003  1.1643410e-002
  2.2522520e+003  1.0879647e-002
  2.2532670e+003  1.0497478e-002
  2.2542830e+003  9.3071517e-003
  2.2553000e+003  8.3426330e-003
  2.2563180e+003  8.3737858e-003
  2.2573360e+003  6.9845561e-003
  2.2583560e+003  6.9310181e-003
  2.2593760e+003  5.4422836e-003
  2.2603980e+003  5.1123896e-003
  2.2614200e+003  5.1389909e-003
  2.2624430e+003  6.2129684e-003
  2.2634680e+003  3.4015460e-003
  2.2644930e+003  3.0387358e-003
  2.2655190e+003  2.5517824e-003
  2.2665460e+003  3.5647210e-003
  2.2675740e+003  4.6297614e-003
  2.2686030e+003  2.7065303e-003
  2.2696320e+003  2.1634945e-003
  2.2706630e+003  1.9797657e-003
  2.2716950e+003  1.3586372e-003
  2.2727270e+003  3.4370313e-003
  2.2737610e+003  1.7809675e-003
  2.2747950e+003  1.1550807e-003
  2.2758310e+003  1.4195464e-003
  2.2768670e+003  2.2863024e-003
  2.2779040e+003  1.6161961e-003
  2.2789430e+003  2.0542138e-003
  2.2799820e+003  1.7340014e-003
  2.2810220e+003  2.0521714e-003
  2.2820630e+003  1.7316929e-003
  2.2831050e+003  1.4819567e-003
  2.2841480e+003  5.7104969e-004
  2.2851920e+003  1.5204194e-003
  2.2862370e+003  1.6910546e-003
  2.2872830e+003  1.7265496e-003
  2.2883300e+003  1.0476705e-003
  2.2893770e+003  1.5970907e-003
  2.2904260e+003  9.6481788e-004
  2.2914760e+003 -2.9774485e-004
  2.2925260e+003 -3.1320320e-004
  2.2935780e+003  6.7381444e-004
  2.2946310e+003  1.2331306e-003
  2.2956840e+003  1.3931550e-003
  2.2967390e+003  7.0673367e-004
  2.2977940e+003  9.6468552e-004
  2.2988510e+003  5.8765302e-004
  2.2999080e+003  1.2606019e-003
  2.3009660e+003  1.9535145e-003
  2.3020260e+003  1.1451684e-003
  2.3030860e+003  1.8489551e-003
  2.3041470e+003  2.0704574e-004
  2.3052100e+003  6.8123324e-004
  2.3062730e+003  1.0608715e-003
  2.3073370e+003  2.6384977e-004
  2.3084030e+003  1.0858641e-003
  2.3094690e+003  1.5433539e-003
  2.3105360e+003  2.4095054e-005
  2.3116040e+003  1.1251477e-003
  2.3126740e+003  3.4793472e-004
  2.3137440e+003  5.7592784e-004
  2.3148150e+003  1.1863547e-003
  2.3158870e+003  1.1920915e-003
  2.3169600e+003  9.2275522e-004
  2.3180340e+003 -7.7214412e-004
  2.3191100e+003  2.5153035e-004
  2.3201860e+003 -6.4622836e-005
  2.3212630e+003 -7.3663090e-005
  2.3223410e+003  5.4578460e-004
  2.3234200e+003  6.9672335e-004
  2.3245000e+003  1.6177150e-004
  2.3255810e+003 -2.8544501e-004
  2.3266640e+003  1.3948276e-003
  2.3277470e+003 -2.8248609e-004
  2.3288310e+003  7.1220484e-004
  2.3299160e+003  2.0733920e-003
  2.3310020e+003  2.2323919e-003
  2.3320900e+003  8.7437371e-004
  2.3331780e+003 -1.2373893e-003
  2.3342670e+003 -3.6582717e-004
  2.3353570e+003  8.1668317e-004
  2.3364480e+003  8.4772706e-004
  2.3375410e+003 -6.0401775e-004
  2.3386340e+003  2.6875266e-004
  2.3397290e+003  3.4272260e-004
  2.3408240e+003  1.2237404e-003
  2.3419200e+003 -1.9143298e-003
  2.3430180e+003 -8.6158943e-005
  2.3441160e+003  1.7152182e-003
  2.3452160e+003 -6.9810171e-004
  2.3463160e+003  1.7127254e-003
  2.3474180e+003  1.0463299e-003
  2.3485210e+003  2.6664950e-003
  2.3496240e+003  3.8910768e-004
  2.3507290e+003 -1.0906623e-004
  2.3518340e+003 -6.3838401e-005
  2.3529410e+003  6.1905006e-004
  2.3540490e+003  3.1212159e-003
  2.3551580e+003  5.2045612e-004
  2.3562680e+003 -7.2708761e-004
  2.3573780e+003  9.4603078e-004
  2.3584910e+003  4.4969239e-004
  2.3596040e+003  9.5239363e-004
  2.3607180e+003 -2.1307840e-004
  2.3618330e+003 -5.0774153e-004
  2.3629490e+003 -8.2572235e-004
  2.3640660e+003  1.0860452e-003
  2.3651840e+003 -6.4320362e-004
  2.3663040e+003 -2.8926638e-004
  2.3674240e+003  2.0082507e-003
  2.3685460e+003  8.4567670e-005
  2.3696680e+003  1.5823509e-003
  2.3707920e+003  8.0072298e-004
  2.3719170e+003  3.3380411e-004
  2.3730420e+003  8.2283361e-005
  2.3741690e+003  7.0973963e-004
  2.3752970e+003 -2.3887289e-004
  2.3764260e+003  6.6018128e-004
  2.3775560e+003  1.0121951e-003
  2.3786870e+003  2.0900182e-004
  2.3798190e+003  6.0584297e-004
  2.3809520e+003  1.1257598e-003
  2.3820870e+003 -1.8514955e-004
  2.3832220e+003  1.2557516e-004
  2.3843590e+003 -2.8885138e-004
  2.3854960e+003 -1.9263702e-004
  2.3866350e+003  4.9558657e-006
  2.3877740e+003 -1.3253649e-004
  2.3889160e+003  5.2802014e-004
  2.3900570e+003  5.8932195e-004
  2.3912000e+003  8.1338041e-004
  2.3923440e+003 -2.1228261e-004
  2.3934900e+003  8.5696398e-004
  2.3946360e+003 -3.5362216e-005
  2.3957840e+003 -3.6032256e-004
  2.3969320e+003 -2.6780841e-004
  2.3980820e+003  6.2828057e-004
  2.3992320e+003  9.0412633e-004
  2.4003840e+003  7.0437411e-004
  2.4015370e+003 -6.3741731e-004
  2.4026910e+003  6.3276856e-004
  2.4038460e+003  3.5642547e-004
  2.4050020e+003 -3.7350750e-004
  2.4061600e+003  1.9581737e-004
  2.4073180e+003 -5.9909630e-004
  2.4084780e+003 -7.1615214e-006
  2.4096380e+003 -1.5426366e-004
  2.4108010e+003 -3.1216926e-004
  2.4119630e+003 -5.4205087e-004
  2.4131270e+003 -3.3986208e-004
  2.4142920e+003  1.1615318e-003
  2.4154590e+003 -2.6940045e-004
  2.4166260e+003 -1.0531369e-003
  2.4177950e+003  4.0375092e-004
  2.4189650e+003 -8.3943807e-005
  2.4201350e+003  6.3795398e-004
  2.4213070e+003  5.3121132e-004
  2.4224810e+003 -3.3547697e-004
  2.4236550e+003  2.3153565e-004
  2.4248300e+003  7.5342017e-004
  2.4260070e+003  1.1800770e-003
  2.4271850e+003  4.6465601e-004
  2.4283630e+003  6.4542488e-004
  2.4295430e+003 -1.8089279e-004
  2.4307240e+003 -2.5158777e-004
  2.4319070e+003 -1.1186795e-004
  2.4330900e+003  7.2295108e-004
  2.4342750e+003  4.5905335e-004
  2.4354600e+003 -5.1979977e-004
  2.4366470e+003 -8.0264927e-006
  2.4378350e+003  8.8440819e-004
  2.4390240e+003 -2.0360546e-004
  2.4402150e+003 -3.9015629e-004
  2.4414060e+003 -4.0209648e-004
  2.4425990e+003  1.8265298e-005
  2.4437930e+003  5.8490073e-004
  2.4449880e+003  2.5399349e-004
  2.4461840e+003  6.9496884e-005
  2.4473810e+003 -6.2922679e-004
  2.4485800e+003  9.8387638e-005
  2.4497800e+003 -3.3248207e-004
  2.4509800e+003  5.2423271e-005
  2.4521820e+003  2.7175958e-004
  2.4533850e+003 -4.6109810e-004
  2.4545900e+003 -9.6070173e-004
  2.4557960e+003 -1.8297738e-004
  2.4570020e+003 -8.3117870e-005
  2.4582100e+003  2.0245495e-004
  2.4594200e+003 -5.6000549e-004
  2.4606300e+003 -1.6550746e-004
  2.4618420e+003 -3.0777592e-004
  2.4630540e+003  1.0074164e-004
  2.4642680e+003 -4.8529313e-005
  2.4654830e+003  1.0387478e-003
  2.4667000e+003  2.4318686e-004
  2.4679170e+003 -4.2748204e-004
  2.4691360e+003  7.0004631e-004
  2.4703560e+003  9.2670007e-004
  2.4715770e+003 -5.5389991e-004
  2.4727990e+003 -9.4487955e-004
  2.4740230e+003  2.0434146e-004
  2.4752480e+003  5.6507223e-004
  2.4764730e+003 -7.8704831e-004
  2.4777010e+003 -6.5644406e-004
  2.4789290e+003  2.9990001e-004
  2.4801590e+003  6.3098501e-004
  2.4813890e+003  5.3266832e-004
  2.4826220e+003 -9.3416864e-004
  2.4838550e+003 -1.6376916e-004
  2.4850890e+003  6.7453342e-004
  2.4863250e+003 -8.6980156e-004
  2.4875620e+003  5.4000661e-004
  2.4888000e+003  5.3903181e-004
  2.4900400e+003 -4.8863632e-004
  2.4912810e+003  6.8864558e-004
  2.4925220e+003  3.5207061e-004
  2.4937650e+003  1.2262028e-003
  2.4950100e+003  5.1316072e-004
  2.4962560e+003 -5.4199185e-004
  2.4975020e+003 -1.2330251e-003
  2.4987510e+003 -2.3182918e-004
  2.5000000e+003  2.6357625e-004
  2.5012510e+003 -1.9819844e-004
  2.5025020e+003  2.9926920e-005
  2.5037560e+003  5.6434487e-004
  2.5050100e+003 -5.9142220e-004
  2.5062660e+003  1.6578120e-004
  2.5075230e+003 -2.4099936e-004
  2.5087810e+003 -2.5576213e-004
  2.5100400e+003 -1.1426741e-005
  2.5113010e+003  1.3819708e-004
  2.5125630e+003 -2.3172585e-004
  2.5138260e+003 -3.1543922e-004
  2.5150910e+003 -1.4869886e-004
  2.5163560e+003  1.2319818e-003
  2.5176240e+003 -4.7416167e-004
  2.5188920e+003  8.3898479e-004
  2.5201610e+003  7.9380238e-004
  2.5214320e+003  8.8603258e-005
  2.5227040e+003  1.5039668e-004
  2.5239780e+003 -1.7543367e-004
  2.5252520e+003  1.5339783e-003
  2.5265290e+003  3.8581798e-004
  2.5278060e+003  2.8883933e-005
  2.5290840e+003  4.8486114e-004
  2.5303650e+003 -1.5424512e-004
  2.5316460e+003  3.5916986e-005
  2.5329280e+003  6.1983959e-004
  2.5342120e+003  6.2622724e-004
  2.5354970e+003  2.1372184e-004
  2.5367830e+003  1.1271954e-003
  2.5380710e+003  5.7768810e-004
  2.5393600e+003  1.0567675e-004
  2.5406500e+003  2.5111443e-004
  2.5419420e+003 -5.7386613e-005
  2.5432350e+003 -7.9090794e-005
  2.5445290e+003  7.9601283e-005
  2.5458250e+003 -1.0613006e-004
  2.5471220e+003  1.0001023e-004
  2.5484200e+003  2.5009687e-004
  2.5497190e+003 -7.2456918e-005
  2.5510200e+003 -2.2439570e-004
  2.5523230e+003  1.0392030e-003
  2.5536260e+003  6.1347685e-004
  2.5549310e+003  1.2079674e-004
  2.5562370e+003  2.4866409e-004
  2.5575450e+003 -1.4297415e-004
  2.5588540e+003 -3.4523211e-005
  2.5601640e+003  6.2448904e-004
  2.5614750e+003  1.1062139e-004
  2.5627880e+003  2.3909437e-004
  2.5641030e+003 -5.9281381e-005
  2.5654180e+003  1.7905963e-004
  2.5667350e+003 -4.2370858e-004
  2.5680530e+003 -6.1763400e-005
  2.5693730e+003  1.9316604e-007
  2.5706940e+003  6.5874157e-004
  2.5720160e+003  3.2314431e-004
  2.5733400e+003  2.1492973e-005
  2.5746650e+003  1.3095675e-004
  2.5759920e+003  2.6930330e-004
  2.5773200e+003  3.0407149e-004
  2.5786490e+003  3.7305357e-004
  2.5799790e+003 -1.6064294e-004
  2.5813110e+003 -2.0767156e-004
  2.5826450e+003 -2.1398939e-004
  2.5839790e+003  9.3628751e-004
  2.5853150e+003 -6.2601763e-004
  2.5866530e+003 -8.2188009e-005
  2.5879920e+003  5.4859318e-004
  2.5893320e+003  3.5785430e-004
  2.5906740e+003 -2.8715402e-004
  2.5920170e+003 -8.1609935e-005
  2.5933610e+003 -5.8458169e-004
  2.5947070e+003  7.8550715e-004
  2.5960540e+003  2.0796705e-004
  2.5974030e+003 -9.7085565e-004
  2.5987530e+003 -3.4171296e-004
  2.6001040e+003  3.1982138e-004
  2.6014570e+003 -9.6962074e-005
  2.6028110e+003 -2.3626095e-004
  2.6041670e+003 -3.6289863e-004
  2.6055240e+003  3.9390480e-004
  2.6068820e+003  7.3863042e-004
  2.6082420e+003 -3.6137077e-004
  2.6096030e+003  1.4770817e-004
  2.6109660e+003  2.9693430e-004
  2.6123300e+003  3.2369141e-004
  2.6136960e+003 -7.1519520e-005
  2.6150630e+003 -1.5242820e-004
  2.6164310e+003 -4.7213020e-004
  2.6178010e+003 -3.2102736e-004
  2.6191720e+003  3.7100888e-004
  2.6205450e+003 -1.4250558e-004
  2.6219190e+003  6.0036918e-004
  2.6232950e+003 -3.5314911e-004
  2.6246720e+003 -8.6310210e-006
  2.6260500e+003  6.7537115e-004
  2.6274300e+003  3.9632931e-005
  2.6288120e+003  3.2156026e-005
  2.6301950e+003  1.6782648e-004
  2.6315790e+003  8.7217416e-004
  2.6329650e+003 -3.7355721e-004
  2.6343520e+003  4.0448687e-004
  2.6357410e+003 -5.7697605e-004
  2.6371310e+003 -3.5126295e-004
  2.6385220e+003 -1.0991722e-004
  2.6399160e+003  3.6516169e-004
  2.6413100e+003  6.2448780e-005
  2.6427060e+003  7.3210784e-004
  2.6441040e+003  3.3224269e-004
  2.6455030e+003 -5.0912480e-005
  2.6469030e+003  9.1068068e-004
  2.6483050e+003  3.0282696e-004
  2.6497080e+003 -1.8878876e-004
  2.6511140e+003 -3.4628017e-004
  2.6525200e+003 -8.5422776e-005
  2.6539280e+003 -7.1409886e-005
  2.6553370e+003  6.3745210e-005
  2.6567480e+003 -8.4446295e-004
  2.6581600e+003 -3.7571331e-004
  2.6595740e+003  1.0919052e-003
  2.6609900e+003  5.8780651e-004
  2.6624070e+003  4.9285847e-004
  2.6638250e+003 -4.2044623e-005
  2.6652450e+003 -2.0075892e-004
  2.6666670e+003 -1.3146026e-004
  2.6680900e+003  5.2707252e-004
  2.6695140e+003  8.8951341e-004
  2.6709400e+003 -3.6421488e-004
  2.6723680e+003  4.8495558e-004
  2.6737970e+003  5.7576137e-004
  2.6752280e+003  2.0684497e-004
  2.6766590e+003  5.7164498e-004
  2.6780930e+003 -4.0379525e-004
  2.6795280e+003 -1.7251734e-005
  2.6809650e+003  5.5058470e-005
  2.6824040e+003  9.5785101e-004
  2.6838430e+003  5.9233297e-004
  2.6852850e+003  5.3227128e-004
  2.6867280e+003 -9.5626950e-004
  2.6881720e+003  2.2879303e-004
  2.6896180e+003  1.6104302e-004
  2.6910660e+003  2.0026853e-005
  2.6925150e+003  2.2260001e-004
  2.6939660e+003  1.0533404e-004
  2.6954180e+003  2.5512071e-004
  2.6968720e+003 -3.0370688e-004
  2.6983270e+003  2.8684552e-004
  2.6997840e+003  1.0547831e-003
  2.7012430e+003  3.2542611e-004
  2.7027030e+003  6.7159237e-004
  2.7041650e+003 -1.1508196e-004
  2.7056280e+003 -5.0168991e-004
  2.7070930e+003 -4.4428776e-005
  2.7085590e+003 -1.9860131e-004
  2.7100270e+003  4.3645636e-005
  2.7114970e+003  2.0454546e-004
  2.7129680e+003 -4.9922615e-004
  2.7144410e+003  4.9018522e-004
  2.7159150e+003 -1.5303848e-004
  2.7173910e+003 -3.4612330e-004
  2.7188690e+003 -7.7107042e-004
  2.7203480e+003 -2.2584994e-004
  2.7218290e+003 -2.4242503e-005
  2.7233120e+003 -1.7719366e-006
  2.7247960e+003 -5.6633588e-005
  2.7262810e+003  3.2605111e-004
  2.7277690e+003 -5.3479441e-004
  2.7292580e+003 -1.9954455e-004
  2.7307480e+003 -2.7347679e-004
  2.7322400e+003 -2.5046448e-004
  2.7337340e+003  1.8039800e-004
  2.7352300e+003  4.9026236e-005
  2.7367270e+003 -2.7626829e-004
  2.7382260e+003  5.7338219e-004
  2.7397260e+003  6.0506974e-004
  2.7412280e+003  2.9248407e-004
  2.7427320e+003  6.1981555e-004
  2.7442370e+003  2.0848418e-004
  2.7457440e+003  9.2093891e-004
  2.7472530e+003  1.1088730e-004
  2.7487630e+003  1.5896559e-005
  2.7502750e+003 -3.1163706e-004
  2.7517890e+003  4.5112980e-004
  2.7533040e+003 -1.7566491e-004
  2.7548210e+003  4.8955593e-005
  2.7563400e+003  1.0810444e-003
  2.7578600e+003  2.1480382e-004
  2.7593820e+003 -1.7763153e-004
  2.7609060e+003 -8.8113773e-004
  2.7624310e+003  4.4099495e-004
  2.7639580e+003 -4.5267207e-006
  2.7654870e+003  1.6565547e-004
  2.7670170e+003  5.0337811e-004
  2.7685490e+003  4.4765245e-004
  2.7700830e+003 -1.0083702e-003
  2.7716190e+003  3.8855779e-004
  2.7731560e+003 -2.5994424e-004
  2.7746950e+003  3.0713851e-004
  2.7762350e+003 -3.5664230e-004
  2.7777780e+003  6.6767377e-004
  2.7793220e+003  2.3133338e-004
  2.7808680e+003  1.0432786e-003
  2.7824150e+003  2.7003378e-004
  2.7839640e+003  4.6414995e-004
  2.7855150e+003 -8.4677355e-005
  2.7870680e+003  1.3047308e-004
  2.7886230e+003 -6.9154834e-004
  2.7901780e+003 -1.6656137e-004
  2.7917360e+003 -1.0050708e-004
  2.7932960e+003  2.2416882e-004
  2.7948570e+003 -1.9930410e-005
  2.7964210e+003  5.5055128e-004
  2.7979860e+003 -8.2085730e-004
  2.7995520e+003  8.7759487e-004
  2.8011210e+003  7.6928269e-004
  2.8026900e+003  3.1342141e-005
  2.8042620e+003  3.4168796e-004
  2.8058360e+003  5.6453014e-004
  2.8074120e+003 -2.6529457e-004
  2.8089890e+003 -2.1447334e-004
  2.8105680e+003 -6.5668247e-004
  2.8121480e+003  8.3997980e-004
  2.8137310e+003 -7.0390065e-004
  2.8153150e+003  3.8427906e-004
  2.8169010e+003 -2.9976267e-004
  2.8184890e+003 -3.8321270e-004
  2.8200790e+003 -3.4428906e-004
  2.8216700e+003 -5.8127433e-004
  2.8232640e+003 -2.9854578e-004
  2.8248590e+003  1.1740493e-003
  2.8264560e+003  3.1330077e-005
  2.8280540e+003  6.9501373e-004
  2.8296550e+003  9.7327528e-004
  2.8312570e+003  9.8081003e-004
  2.8328610e+003 -2.9682829e-005
  2.8344670e+003  5.1705010e-004
  2.8360750e+003  4.3875480e-004
  2.8376850e+003  5.7463895e-004
  2.8392960e+003 -3.6320020e-004
  2.8409090e+003  7.0350704e-004
  2.8425240e+003 -4.7116548e-005
  2.8441410e+003 -2.5571237e-004
  2.8457600e+003  1.1867116e-003
  2.8473800e+003  1.7821803e-005
  2.8490030e+003  2.0149509e-004
  2.8506270e+003  1.5969831e-003
  2.8522530e+003  1.7037940e-004
  2.8538810e+003 -2.2733822e-005
  2.8555110e+003  3.2312324e-005
  2.8571430e+003 -2.1719717e-004
  2.8587770e+003  1.7515025e-006
  2.8604120e+003 -3.0610006e-004
  2.8620490e+003 -4.0722571e-004
  2.8636880e+003 -2.5552869e-004
  2.8653300e+003  1.2636103e-003
  2.8669730e+003  1.4744066e-004
  2.8686170e+003  6.6720089e-004
  2.8702640e+003  2.7430919e-004
  2.8719130e+003  7.2731270e-004
  2.8735630e+003  3.1980933e-004
  2.8752160e+003  3.2266256e-004
  2.8768700e+003 -2.8815810e-004
  2.8785260e+003  9.7790908e-004
  2.8801840e+003 -2.5400441e-004
  2.8818440e+003  6.4973353e-004
  2.8835060e+003 -3.6381063e-004
  2.8851700e+003  3.9438327e-004
  2.8868360e+003 -3.5070599e-004
  2.8885040e+003  6.3721451e-004
  2.8901730e+003 -4.8872031e-004
  2.8918450e+003  8.7870390e-004
  2.8935190e+003 -7.8440258e-005
  2.8951940e+003  2.2664237e-004
  2.8968720e+003 -2.3032083e-004
  2.8985510e+003 -1.6588805e-004
  2.9002320e+003  4.2716268e-004
  2.9019150e+003  7.9372217e-004
  2.9036000e+003 -1.5591596e-004
  2.9052880e+003  1.8983662e-004
  2.9069770e+003  1.0973085e-003
  2.9086680e+003  1.1014714e-004
  2.9103610e+003 -5.7988746e-005
  2.9120560e+003  1.9913739e-004
  2.9137530e+003  1.5159836e-005
  2.9154520e+003  8.1945275e-004
  2.9171530e+003 -1.0011931e-003
  2.9188560e+003 -3.0991505e-005
  2.9205610e+003  6.3169682e-005
  2.9222680e+003  1.0400629e-003
  2.9239770e+003  1.2651899e-004
  2.9256880e+003 -5.7891587e-004
  2.9274010e+003 -2.8131821e-004
  2.9291150e+003  6.9486332e-004
  2.9308330e+003 -6.5130350e-004
  2.9325510e+003  6.4920617e-004
  2.9342720e+003 -6.9747526e-005
  2.9359950e+003  3.5162040e-004
  2.9377200e+003 -6.7956292e-004
  2.9394480e+003  3.3993434e-004
  2.9411760e+003  3.2036085e-005
  2.9429070e+003 -3.6535013e-004
  2.9446410e+003  9.4221519e-005
  2.9463760e+003 -6.8632420e-004
  2.9481130e+003  1.0890778e-003
  2.9498520e+003  3.8305379e-004
  2.9515940e+003 -2.2259251e-004
  2.9533370e+003  7.9422793e-004
  2.9550830e+003  1.6101908e-004
  2.9568300e+003 -1.0787122e-004
  2.9585800e+003  3.0168059e-004
  2.9603320e+003  4.1103706e-004
  2.9620850e+003  3.9507379e-004
  2.9638410e+003  2.2303678e-004
  2.9655990e+003  1.7587842e-004
  2.9673590e+003  1.1062727e-004
  2.9691210e+003  5.4973346e-004
  2.9708850e+003  4.4694741e-004
  2.9726520e+003  8.8633176e-005
  2.9744200e+003 -5.7903049e-004
  2.9761910e+003  6.6917605e-004
  2.9779630e+003  6.4347132e-006
  2.9797380e+003 -6.4624895e-005
  2.9815150e+003  6.8347284e-004
  2.9832930e+003  1.5714274e-004
  2.9850750e+003 -6.8004934e-005
  2.9868580e+003  4.2056959e-004
  2.9886430e+003  2.0026544e-004
  2.9904300e+003  9.4359578e-004
  2.9922200e+003  6.6654559e-004
  2.9940120e+003  4.0035771e-004
  2.9958060e+003 -8.0057078e-005
  2.9976020e+003 -1.5586634e-004
  2.9994000e+003  6.1067048e-004
  3.0012000e+003  0.0000000e+000
  3.0030030e+003  0.0000000e+000
  3.0048080e+003  0.0000000e+000
  3.0066150e+003  0.0000000e+000
  3.0084240e+003  0.0000000e+000
  3.0102350e+003  0.0000000e+000
  3.0120480e+003  0.0000000e+000
  3.0138640e+003  0.0000000e+000
  3.0156820e+003  0.0000000e+000
  3.0175020e+003  0.0000000e+000
  3.0193240e+003  0.0000000e+000
  3.0211480e+003  0.0000000e+000
  3.0229750e+003  0.0000000e+000
  3.0248030e+003  0.0000000e+000
  3.0266350e+003  0.0000000e+000
  3.0284680e+003  0.0000000e+000
  3.0303030e+003  0.0000000e+000
  3.0321410e+003  0.0000000e+000
  3.0339800e+003  0.0000000e+000
  3.0358230e+003  0.0000000e+000
  3.0376670e+003  0.0000000e+000
  3.0395140e+003  0.0000000e+000
  3.0413630e+003  0.0000000e+000
  3.0432140e+003  0.0000000e+000
  3.0450670e+003  0.0000000e+000
  3.0469230e+003  0.0000000e+000
  3.0487810e+003  0.0000000e+000
  3.0506410e+003  0.0000000e+000
  3.0525030e+003  0.0000000e+000
  3.0543680e+003  0.0000000e+000
  3.0562350e+003  0.0000000e+000
  3.0581040e+003  0.0000000e+000
  3.0599760e+003  0.0000000e+000
  3.0618490e+003  0.0000000e+000
  3.0637260e+003  0.0000000e+000
  3.0656040e+003  0.0000000e+000
  3.0674850e+003  0.0000000e+000
  3.0693680e+003  0.0000000e+000
  3.0712530e+003  0.0000000e+000
  3.0731410e+003  0.0000000e+000
  3.0750310e+003  0.0000000e+000
  3.0769230e+003  0.0000000e+000
  3.0788180e+003  0.0000000e+000
  3.0807150e+003  0.0000000e+000
  3.0826140e+003  0.0000000e+000
  3.0845160e+003  0.0000000e+000
  3.0864200e+003  0.0000000e+000
  3.0883260e+003  0.0000000e+000
  3.0902350e+003  0.0000000e+000
  3.0921460e+003  0.0000000e+000
  3.0940590e+003  0.0000000e+000
  3.0959750e+003  0.0000000e+000
  3.0978940e+003  0.0000000e+000
  3.0998140e+003  0.0000000e+000
  3.1017370e+003  0.0000000e+000
  3.1036620e+003  0.0000000e+000
  3.1055900e+003  0.0000000e+000
  3.1075200e+003  0.0000000e+000
  3.1094530e+003  0.0000000e+000
  3.1113880e+003  0.0000000e+000
  3.1133250e+003  0.0000000e+000
  3.1152650e+003  0.0000000e+000
  3.1172070e+003  0.0000000e+000
  3.1191520e+003  0.0000000e+000
  3.1210990e+003  0.0000000e+000
  3.1230480e+003  0.0000000e+000
  3.1250000e+003  0.0000000e+000
  3.1269540e+003  0.0000000e+000
  3.1289110e+003  0.0000000e+000
  3.1308700e+003  0.0000000e+000
  3.1328320e+003  0.0000000e+000
  3.1347960e+003  0.0000000e+000
  3.1367630e+003  0.0000000e+000
  3.1387320e+003  0.0000000e+000
  3.1407040e+003  0.0000000e+000
  3.1426780e+003  0.0000000e+000
  3.1446540e+003  0.0000000e+000
  3.1466330e+003  0.0000000e+000
  3.1486150e+003  0.0000000e+000
  3.1505990e+003  0.0000000e+000
  3.1525850e+003  0.0000000e+000
  3.1545740e+003  0.0000000e+000
  3.1565660e+003  0.0000000e+000
  3.1585600e+003  0.0000000e+000
  3.1605560e+003  0.0000000e+000
  3.1625550e+003  0.0000000e+000
  3.1645570e+003  0.0000000e+000
  3.1665610e+003  0.0000000e+000
  3.1685680e+003  0.0000000e+000
  3.1705770e+003  0.0000000e+000
  3.1725890e+003  0.0000000e+000
  3.1746030e+003  0.0000000e+000
  3.1766200e+003  0.0000000e+000
  3.1786400e+003  0.0000000e+000
  3.1806620e+003  0.0000000e+000
  3.1826860e+003  0.0000000e+000
  3.1847130e+003  0.0000000e+000
  3.1867430e+003  0.0000000e+000
  3.1887760e+003  0.0000000e+000
  3.1908100e+003  0.0000000e+000
  3.1928480e+003  0.0000000e+000
  3.1948880e+003  0.0000000e+000
  3.1969310e+003  0.0000000e+000
  3.1989760e+003  0.0000000e+000
  3.2010240e+003  0.0000000e+000
  3.2030750e+003  0.0000000e+000
  3.2051280e+003  0.0000000e+000
  3.2071840e+003  0.0000000e+000
  3.2092430e+003  0.0000000e+000
  3.2113040e+003  0.0000000e+000
  3.2133680e+003  0.0000000e+000
  3.2154340e+003  0.0000000e+000
  3.2175030e+003  0.0000000e+000
  3.2195750e+003  0.0000000e+000
  3.2216490e+003  0.0000000e+000
  3.2237270e+003  0.0000000e+000
  3.2258070e+003  0.0000000e+000
  3.2278890e+003  0.0000000e+000
  3.2299740e+003  0.0000000e+000
  3.2320620e+003  0.0000000e+000
  3.2341530e+003  0.0000000e+000
  3.2362460e+003  0.0000000e+000
  3.2383420e+003  0.0000000e+000
  3.2404410e+003  0.0000000e+000
  3.2425420e+003  0.0000000e+000
  3.2446460e+003  0.0000000e+000
  3.2467530e+003  0.0000000e+000
  3.2488630e+003  0.0000000e+000
  3.2509750e+003  0.0000000e+000
  3.2530910e+003  0.0000000e+000
  3.2552080e+003  0.0000000e+000
  3.2573290e+003  0.0000000e+000
  3.2594520e+003  0.0000000e+000
  3.2615790e+003  0.0000000e+000
  3.2637080e+003  0.0000000e+000
  3.2658390e+003  0.0000000e+000
  3.2679740e+003  0.0000000e+000
  3.2701110e+003  0.0000000e+000
  3.2722510e+003  0.0000000e+000
  3.2743940e+003  0.0000000e+000
  3.2765400e+003  0.0000000e+000
  3.2786880e+003  0.0000000e+000
  3.2808400e+003  0.0000000e+000
  3.2829940e+003  0.0000000e+000
  3.2851510e+003  0.0000000e+000
  3.2873110e+003  0.0000000e+000
  3.2894740e+003  0.0000000e+000
  3.2916390e+003  0.0000000e+000
  3.2938080e+003  0.0000000e+000
  3.2959790e+003  0.0000000e+000
  3.2981530e+003  0.0000000e+000
  3.3003300e+003  0.0000000e+000
  3.3025100e+003  0.0000000e+000
  3.3046930e+003  0.0000000e+000
  3.3068780e+003  0.0000000e+000
  3.3090670e+003  0.0000000e+000
  3.3112580e+003  0.0000000e+000
  3.3134530e+003  0.0000000e+000
  3.3156500e+003  0.0000000e+000
  3.3178500e+003  0.0000000e+000
  3.3200530e+003  0.0000000e+000
  3.3222590e+003  0.0000000e+000
  3.3244680e+003  0.0000000e+000
  3.3266800e+003  0.0000000e+000
  3.3288950e+003  0.0000000e+000
  3.3311130e+003  0.0000000e+000
  3.3333330e+003  0.0000000e+000
  3.3355570e+003  0.0000000e+000
  3.3377840e+003  0.0000000e+000
  3.3400130e+003  0.0000000e+000
  3.3422460e+003  0.0000000e+000
  3.3444820e+003  0.0000000e+000
  3.3467200e+003  0.0000000e+000
  3.3489620e+003  0.0000000e+000
  3.3512070e+003  0.0000000e+000
  3.3534540e+003  0.0000000e+000
  3.3557050e+003  0.0000000e+000
  3.3579580e+003  0.0000000e+000
  3.3602150e+003  0.0000000e+000
  3.3624750e+003  0.0000000e+000
  3.3647380e+003  0.0000000e+000
  3.3670030e+003  0.0000000e+000
  3.3692720e+003  0.0000000e+000
  3.3715440e+003  0.0000000e+000
  3.3738190e+003  0.0000000e+000
  3.3760970e+003  0.0000000e+000
  3.3783780e+003  0.0000000e+000
  3.3806630e+003  0.0000000e+000
  3.3829500e+003  0.0000000e+000
  3.3852400e+003  0.0000000e+000
  3.3875340e+003  0.0000000e+000
  3.3898310e+003  0.0000000e+000
  3.3921300e+003  0.0000000e+000
  3.3944330e+003  0.0000000e+000
  3.3967390e+003  0.0000000e+000
  3.3990480e+003  0.0000000e+000
  3.4013610e+003  0.0000000e+000
  3.4036760e+003  0.0000000e+000
  3.4059940e+003  0.0000000e+000
  3.4083160e+003  0.0000000e+000
  3.4106410e+003  0.0000000e+000
  3.4129690e+003  0.0000000e+000
  3.4153010e+003  0.0000000e+000
  3.4176350e+003  0.0000000e+000
  3.4199730e+003  0.0000000e+000
  3.4223130e+003  0.0000000e+000
  3.4246570e+003  0.0000000e+000
  3.4270050e+003  0.0000000e+000
  3.4293550e+003  0.0000000e+000
  3.4317090e+003  0.0000000e+000
  3.4340660e+003  0.0000000e+000
  3.4364260e+003  0.0000000e+000
  3.4387900e+003  0.0000000e+000
  3.4411560e+003  0.0000000e+000
  3.4435260e+003  0.0000000e+000
  3.4458990e+003  0.0000000e+000
  3.4482760e+003  0.0000000e+000
  3.4506560e+003  0.0000000e+000
  3.4530390e+003  0.0000000e+000
  3.4554250e+003  0.0000000e+000
  3.4578150e+003  0.0000000e+000
  3.4602080e+003  0.0000000e+000
  3.4626040e+003  0.0000000e+000
  3.4650040e+003  0.0000000e+000
  3.4674060e+003  0.0000000e+000
  3.4698130e+003  0.0000000e+000
  3.4722220e+003  0.0000000e+000
  3.4746350e+003  0.0000000e+000
  3.4770520e+003  0.0000000e+000
  3.4794710e+003  0.0000000e+000
  3.4818940e+003  0.0000000e+000
  3.4843210e+003  0.0000000e+000
  3.4867500e+003  0.0000000e+000
  3.4891840e+003  0.0000000e+000
  3.4916200e+003  0.0000000e+000
  3.4940600e+003  0.0000000e+000
  3.4965040e+003  0.0000000e+000
  3.4989500e+003  0.0000000e+000
  3.5014010e+003  0.0000000e+000
  3.5038540e+003  0.0000000e+000
  3.5063110e+003  0.0000000e+000
  3.5087720e+003  0.0000000e+000
  3.5112360e+003  0.0000000e+000
  3.5137040e+003  0.0000000e+000
  3.5161740e+003  0.0000000e+000
  3.5186490e+003  0.0000000e+000
  3.5211270e+003  0.0000000e+000
  3.5236080e+003  0.0000000e+000
  3.5260930e+003  0.0000000e+000
  3.5285810e+003  0.0000000e+000
  3.5310730e+003  0.0000000e+000
  3.5335690e+003  0.0000000e+000
  3.5360680e+003  0.0000000e+000
  3.5385710e+003  0.0000000e+000
  3.5410770e+003  0.0000000e+000
  3.5435860e+003  0.0000000e+000
  3.5460990e+003  0.0000000e+000
  3.5486160e+003  0.0000000e+000
  3.5511360e+003  0.0000000e+000
  3.5536600e+003  0.0000000e+000
  3.5561880e+003  0.0000000e+000
  3.5587190e+003  0.0000000e+000
  3.5612530e+003  0.0000000e+000
  3.5637920e+003  0.0000000e+000
  3.5663340e+003  0.0000000e+000
  3.5688790e+003  0.0000000e+000
  3.5714290e+003  0.0000000e+000
  3.5739810e+003  0.0000000e+000
  3.5765380e+003  0.0000000e+000
  3.5790980e+003  0.0000000e+000
  3.5816620e+003  0.0000000e+000
  3.5842290e+003  0.0000000e+000
  3.5868010e+003  0.0000000e+000
  3.5893750e+003  0.0000000e+000
  3.5919540e+003  0.0000000e+000
  3.5945360e+003  0.0000000e+000
  3.5971220e+003  0.0000000e+000
  3.5997120e+003  0.0000000e+000
  3.6023050e+003  0.0000000e+000
  3.6049030e+003  0.0000000e+000
  3.6075030e+003  0.0000000e+000
  3.6101080e+003  0.0000000e+000
  3.6127170e+003  0.0000000e+000
  3.6153290e+003  0.0000000e+000
  3.6179450e+003  0.0000000e+000
  3.6205650e+003  0.0000000e+000
  3.6231880e+003  0.0000000e+000
  3.6258160e+003  0.0000000e+000
  3.6284470e+003  0.0000000e+000
  3.6310820e+003  0.0000000e+000
  3.6337210e+003  0.0000000e+000
  3.6363640e+003  0.0000000e+000
  3.6390100e+003  0.0000000e+000
  3.6416610e+003  0.0000000e+000
  3.6443150e+003  0.0000000e+000
  3.6469730e+003  0.0000000e+000
  3.6496350e+003  0.0000000e+000
  3.6523010e+003  0.0000000e+000
  3.6549710e+003  0.0000000e+000
  3.6576450e+003  0.0000000e+000
  3.6603220e+003  0.0000000e+000
  3.6630040e+003  0.0000000e+000
  3.6656890e+003  0.0000000e+000
  3.6683780e+003  0.0000000e+000
  3.6710720e+003  0.0000000e+000
  3.6737700e+003  0.0000000e+000
  3.6764700e+003  0.0000000e+000
  3.6791760e+003  0.0000000e+000
  3.6818850e+003  0.0000000e+000
  3.6845980e+003  0.0000000e+000
  3.6873160e+003  0.0000000e+000
  3.6900370e+003  0.0000000e+000
  3.6927620e+003  0.0000000e+000
  3.6954910e+003  0.0000000e+000
  3.6982250e+003  0.0000000e+000
  3.7009620e+003  0.0000000e+000
  3.7037040e+003  0.0000000e+000
  3.7064490e+003  0.0000000e+000
  3.7091990e+003  0.0000000e+000
  3.7119520e+003  0.0000000e+000
  3.7147100e+003  0.0000000e+000
  3.7174720e+003  0.0000000e+000
  3.7202380e+003  0.0000000e+000
  3.7230080e+003  0.0000000e+000
  3.7257820e+003  0.0000000e+000
  3.7285610e+003  0.0000000e+000
  3.7313430e+003  0.0000000e+000
  3.7341300e+003  0.0000000e+000
  3.7369210e+003  0.0000000e+000
  3.7397160e+003  0.0000000e+000
  3.7425150e+003  0.0000000e+000
  3.7453180e+003  0.0000000e+000
  3.7481260e+003  0.0000000e+000
  3.7509380e+003  0.0000000e+000
  3.7537540e+003  0.0000000e+000
  3.7565740e+003  0.0000000e+000
  3.7593980e+003  0.0000000e+000
  3.7622270e+003  0.0000000e+000
  3.7650600e+003  0.0000000e+000
  3.7678970e+003  0.0000000e+000
  3.7707390e+003  0.0000000e+000
  3.7735850e+003  0.0000000e+000
  3.7764350e+003  0.0000000e+000
  3.7792900e+003  0.0000000e+000
  3.7821480e+003  0.0000000e+000
  3.7850110e+003  0.0000000e+000
  3.7878790e+003  0.0000000e+000
  3.7907500e+003  0.0000000e+000
  3.7936270e+003  0.0000000e+000
  3.7965070e+003  0.0000000e+000
  3.7993920e+003  0.0000000e+000
  3.8022810e+003  0.0000000e+000
  3.8051750e+003  0.0000000e+000
  3.8080730e+003  0.0000000e+000
  3.8109760e+003  0.0000000e+000
  3.8138830e+003  0.0000000e+000
  3.8167940e+003  0.0000000e+000
  3.8197100e+003  0.0000000e+000
  3.8226300e+003  0.0000000e+000
  3.8255550e+003  0.0000000e+000
  3.8284840e+003  0.0000000e+000
  3.8314180e+003  0.0000000e+000
  3.8343560e+003  0.0000000e+000
  3.8372990e+003  0.0000000e+000
  3.8402460e+003  0.0000000e+000
  3.8431980e+003  0.0000000e+000
  3.8461540e+003  0.0000000e+000
  3.8491150e+003  0.0000000e+000
  3.8520800e+003  0.0000000e+000
  3.8550500e+003  0.0000000e+000
  3.8580250e+003  0.0000000e+000
  3.8610040e+003  0.0000000e+000
  3.8639880e+003  0.0000000e+000
  3.8669760e+003  0.0000000e+000
  3.8699690e+003  0.0000000e+000
  3.8729670e+003  0.0000000e+000
  3.8759690e+003  0.0000000e+000
  3.8789760e+003  0.0000000e+000
  3.8819880e+003  0.0000000e+000
  3.8850040e+003  0.0000000e+000
  3.8880250e+003  0.0000000e+000
  3.8910510e+003  0.0000000e+000
  3.8940810e+003  0.0000000e+000
  3.8971160e+003  0.0000000e+000
  3.9001560e+003  0.0000000e+000
  3.9032010e+003  0.0000000e+000
  3.9062500e+003  0.0000000e+000
  3.9093040e+003  0.0000000e+000
  3.9123630e+003  0.0000000e+000
  3.9154270e+003  0.0000000e+000
  3.9184950e+003  0.0000000e+000
  3.9215690e+003  0.0000000e+000
  3.9246470e+003  0.0000000e+000
  3.9277300e+003  0.0000000e+000
  3.9308180e+003  0.0000000e+000
  3.9339100e+003  0.0000000e+000
  3.9370080e+003  0.0000000e+000
  3.9401100e+003  0.0000000e+000
  3.9432180e+003  0.0000000e+000
  3.9463300e+003  0.0000000e+000
  3.9494470e+003  0.0000000e+000
  3.9525690e+003  0.0000000e+000
  3.9556960e+003  0.0000000e+000
  3.9588280e+003  0.0000000e+000
  3.9619650e+003  0.0000000e+000
  3.9651070e+003  0.0000000e+000
  3.9682540e+003  0.0000000e+000
  3.9714060e+003  0.0000000e+000
  3.9745630e+003  0.0000000e+000
  3.9777250e+003  0.0000000e+000
  3.9808920e+003  0.0000000e+000
  3.9840640e+003  0.0000000e+000
  3.9872410e+003  0.0000000e+000
  3.9904230e+003  0.0000000e+000
  3.9936100e+003  0.0000000e+000
  3.9968020e+003  0.0000000e+000
  4.0000000e+003  0.0000000e+000
