  1.6672220e+003  0.0000000e+000
  1.6677790e+003  0.0000000e+000
  1.6683350e+003  0.0000000e+000
  1.6688920e+003  0.0000000e+000
  1.6694490e+003  0.0000000e+000
  1.6700070e+003  0.0000000e+000
  1.6705650e+003  0.0000000e+000
  1.6711230e+003  0.0000000e+000
  1.6716820e+003  0.0000000e+000
  1.6722410e+003  0.0000000e+000
  1.6728000e+003  0.0000000e+000
  1.6733600e+003  0.0000000e+000
  1.6739200e+003  0.0000000e+000
  1.6744810e+003  0.0000000e+000
  1.6750420e+003  0.0000000e+000
  1.6756030e+003  0.0000000e+000
  1.6761650e+003  0.0000000e+000
  1.6767270e+003  0.0000000e+000
  1.6772900e+003  0.0000000e+000
  1.6778520e+003  0.0000000e+000
  1.6784160e+003  0.0000000e+000
  1.6789790e+003  0.0000000e+000
  1.6795430e+003  0.0000000e+000
  1.6801080e+003  0.0000000e+000
  1.6806720e+003  0.0000000e+000
  1.6812370e+003  0.0000000e+000
  1.6818030e+003  0.0000000e+000
  1.6823690e+003  0.0000000e+000
  1.6829350e+003  0.0000000e+000
  1.6835020e+003  0.0000000e+000
  1.6840690e+003  0.0000000e+000
  1.6846360e+003  0.0000000e+000
  1.6852040e+003  0.0000000e+000
  1.6857720e+003  0.0000000e+000
  1.6863410e+003  0.0000000e+000
  1.6869100e+003  0.0000000e+000
  1.6874790e+003  0.0000000e+000
  1.6880490e+003  0.0000000e+000
  1.6886190e+003  0.0000000e+000
  1.6891890e+003  0.0000000e+000
  1.6897600e+003  0.0000000e+000
  1.6903310e+003  0.0000000e+000
  1.6909030e+003  0.0000000e+000
  1.6914750e+003  0.0000000e+000
  1.6920470e+003  0.0000000e+000
  1.6926200e+003  0.0000000e+000
  1.6931930e+003  0.0000000e+000
  1.6937670e+003  0.0000000e+000
  1.6943410e+003  0.0000000e+000
  1.6949150e+003  0.0000000e+000
  1.6954900e+003  0.0000000e+000
  1.6960650e+003  0.0000000e+000
  1.6966410e+003  0.0000000e+000
  1.6972170e+003  0.0000000e+000
  1.6977930e+003  0.0000000e+000
  1.6983700e+003  0.0000000e+000
  1.6989470e+003  0.0000000e+000
  1.6995240e+003  0.0000000e+000
  1.7001020e+003  0.0000000e+000
  1.7006800e+003  0.0000000e+000
  1.7012590e+003  0.0000000e+000
  1.7018380e+003  0.0000000e+000
  1.7024170e+003  0.0000000e+000
  1.7029970e+003  0.0000000e+000
  1.7035780e+003  0.0000000e+000
  1.7041580e+003  0.0000000e+000
  1.7047390e+003  0.0000000e+000
  1.7053210e+003  0.0000000e+000
  1.7059020e+003  0.0000000e+000
  1.7064850e+003  0.0000000e+000
  1.7070670e+003  0.0000000e+000
  1.7076500e+003  0.0000000e+000
  1.7082340e+003  0.0000000e+000
  1.7088170e+003  0.0000000e+000
  1.7094020e+003  0.0000000e+000
  1.7099860e+003  0.0000000e+000
  1.7105710e+003  0.0000000e+000
  1.7111570e+003  0.0000000e+000
  1.7117430e+003  0.0000000e+000
  1.7123290e+003  0.0000000e+000
  1.7129150e+003  0.0000000e+000
  1.7135020e+003  0.0000000e+000
  1.7140900e+003  0.0000000e+000
  1.7146780e+003  0.0000000e+000
  1.7152660e+003  0.0000000e+000
  1.7158540e+003  0.0000000e+000
  1.7164430e+003  0.0000000e+000
  1.7170330e+003  0.0000000e+000
  1.7176230e+003  0.0000000e+000
  1.7182130e+003  0.0000000e+000
  1.7188040e+003  0.0000000e+000
  1.7193950e+003  0.0000000e+000
  1.7199860e+003  0.0000000e+000
  1.7205780e+003  0.0000000e+000
  1.7211700e+003  0.0000000e+000
  1.7217630e+003  0.0000000e+000
  1.7223560e+003  0.0000000e+000
  1.7229500e+003  0.0000000e+000
  1.7235440e+003  0.0000000e+000
  1.7241380e+003  0.0000000e+000
  1.7247330e+003  0.0000000e+000
  1.7253280e+003  0.0000000e+000
  1.7259230e+003  0.0000000e+000
  1.7265190e+003  0.0000000e+000
  1.7271160e+003  0.0000000e+000
  1.7277130e+003  0.0000000e+000
  1.7283100e+003  0.0000000e+000
  1.7289070e+003  0.0000000e+000
  1.7295050e+003  0.0000000e+000
  1.7301040e+003  0.0000000e+000
  1.7307030e+003  0.0000000e+000
  1.7313020e+003  0.0000000e+000
  1.7319020e+003  0.0000000e+000
  1.7325020e+003  0.0000000e+000
  1.7331020e+003  0.0000000e+000
  1.7337030e+003  0.0000000e+000
  1.7343050e+003  0.0000000e+000
  1.7349060e+003  0.0000000e+000
  1.7355080e+003  0.0000000e+000
  1.7361110e+003  0.0000000e+000
  1.7367140e+003  0.0000000e+000
  1.7373180e+003  0.0000000e+000
  1.7379210e+003  0.0000000e+000
  1.7385260e+003  0.0000000e+000
  1.7391300e+003  0.0000000e+000
  1.7397350e+003  0.0000000e+000
  1.7403410e+003  0.0000000e+000
  1.7409470e+003  0.0000000e+000
  1.7415530e+003  0.0000000e+000
  1.7421600e+003  0.0000000e+000
  1.7427680e+003  0.0000000e+000
  1.7433750e+003  0.0000000e+000
  1.7439830e+003  0.0000000e+000
  1.7445920e+003  0.0000000e+000
  1.7452010e+003  0.0000000e+000
  1.7458100e+003  0.0000000e+000
  1.7464200e+003  0.0000000e+000
  1.7470300e+003  0.0000000e+000
  1.7476410e+003  0.0000000e+000
  1.7482520e+003  0.0000000e+000
  1.7488630e+003  0.0000000e+000
  1.7494750e+003  0.0000000e+000
  1.7500870e+003  0.0000000e+000
  1.7507000e+003  0.0000000e+000
  1.7513130e+003  0.0000000e+000
  1.7519270e+003  0.0000000e+000
  1.7525410e+003  0.0000000e+000
  1.7531560e+003  0.0000000e+000
  1.7537710e+003  0.0000000e+000
  1.7543860e+003  0.0000000e+000
  1.7550020e+003  0.0000000e+000
  1.7556180e+003  0.0000000e+000
  1.7562350e+003  0.0000000e+000
  1.7568520e+003  0.0000000e+000
  1.7574690e+003  0.0000000e+000
  1.7580870e+003  0.0000000e+000
  1.7587060e+003  0.0000000e+000
  1.7593240e+003  0.0000000e+000
  1.7599440e+003  0.0000000e+000
  1.7605630e+003  0.0000000e+000
  1.7611830e+003  0.0000000e+000
  1.7618040e+003  0.0000000e+000
  1.7624250e+003  0.0000000e+000
  1.7630470e+003  0.0000000e+000
  1.7636680e+003  0.0000000e+000
  1.7642910e+003  0.0000000e+000
  1.7649140e+003  0.0000000e+000
  1.7655370e+003  0.0000000e+000
  1.7661600e+003  0.0000000e+000
  1.7667850e+003  0.0000000e+000
  1.7674090e+003  0.0000000e+000
  1.7680340e+003  0.0000000e+000
  1.7686590e+003  0.0000000e+000
  1.7692850e+003  0.0000000e+000
  1.7699110e+003  0.0000000e+000
  1.7705380e+003  0.0000000e+000
  1.7711650e+003  0.0000000e+000
  1.7717930e+003  0.0000000e+000
  1.7724220e+003  0.0000000e+000
  1.7730500e+003  0.0000000e+000
  1.7736790e+003  0.0000000e+000
  1.7743080e+003  0.0000000e+000
  1.7749380e+003  0.0000000e+000
  1.7755680e+003  0.0000000e+000
  1.7761990e+003  0.0000000e+000
  1.7768300e+003  0.0000000e+000
  1.7774620e+003  0.0000000e+000
  1.7780940e+003  0.0000000e+000
  1.7787260e+003  0.0000000e+000
  1.7793590e+003  0.0000000e+000
  1.7799930e+003  0.0000000e+000
  1.7806270e+003  0.0000000e+000
  1.7812610e+003  0.0000000e+000
  1.7818960e+003  0.0000000e+000
  1.7825310e+003  0.0000000e+000
  1.7831670e+003  0.0000000e+000
  1.7838030e+003  0.0000000e+000
  1.7844400e+003  0.0000000e+000
  1.7850770e+003  0.0000000e+000
  1.7857140e+003  0.0000000e+000
  1.7863520e+003  0.0000000e+000
  1.7869910e+003  0.0000000e+000
  1.7876300e+003  0.0000000e+000
  1.7882690e+003  0.0000000e+000
  1.7889090e+003  0.0000000e+000
  1.7895490e+003  0.0000000e+000
  1.7901900e+003  0.0000000e+000
  1.7908310e+003  0.0000000e+000
  1.7914730e+003  0.0000000e+000
  1.7921150e+003  0.0000000e+000
  1.7927580e+003  0.0000000e+000
  1.7934000e+003  0.0000000e+000
  1.7940440e+003  0.0000000e+000
  1.7946880e+003  0.0000000e+000
  1.7953320e+003  0.0000000e+000
  1.7959770e+003  0.0000000e+000
  1.7966220e+003  0.0000000e+000
  1.7972680e+003  0.0000000e+000
  1.7979140e+003  0.0000000e+000
  1.7985610e+003  0.0000000e+000
  1.7992080e+003  0.0000000e+000
  1.7998560e+003  0.0000000e+000
  1.8005040e+003  0.0000000e+000
  1.8011530e+003  0.0000000e+000
  1.8018020e+003  0.0000000e+000
  1.8024510e+003  0.0000000e+000
  1.8031010e+003  0.0000000e+000
  1.8037520e+003  0.0000000e+000
  1.8044030e+003  0.0000000e+000
  1.8050540e+003  0.0000000e+000
  1.8057060e+003  0.0000000e+000
  1.8063580e+003  0.0000000e+000
  1.8070110e+003  0.0000000e+000
  1.8076640e+003  0.0000000e+000
  1.8083180e+003  0.0000000e+000
  1.8089730e+003  0.0000000e+000
  1.8096270e+003  0.0000000e+000
  1.8102820e+003  0.0000000e+000
  1.8109380e+003  0.0000000e+000
  1.8115940e+003  0.0000000e+000
  1.8122510e+003  0.0000000e+000
  1.8129080e+003  0.0000000e+000
  1.8135650e+003  0.0000000e+000
  1.8142240e+003  0.0000000e+000
  1.8148820e+003  0.0000000e+000
  1.8155410e+003  0.0000000e+000
  1.8162000e+003  0.0000000e+000
  1.8168600e+003  0.0000000e+000
  1.8175210e+003  0.0000000e+000
  1.8181820e+003  0.0000000e+000
  1.8188430e+003  0.0000000e+000
  1.8195050e+003  0.0000000e+000
  1.8201670e+003  0.0000000e+000
  1.8208300e+003  0.0000000e+000
  1.8214940e+003  0.0000000e+000
  1.8221570e+003  0.0000000e+000
  1.8228220e+003  0.0000000e+000
  1.8234860e+003  0.0000000e+000
  1.8241520e+003  0.0000000e+000
  1.8248180e+003  0.0000000e+000
  1.8254840e+003  0.0000000e+000
  1.8261510e+003  0.0000000e+000
  1.8268180e+003  0.0000000e+000
  1.8274850e+003  0.0000000e+000
  1.8281540e+003  0.0000000e+000
  1.8288220e+003  0.0000000e+000
  1.8294910e+003  0.0000000e+000
  1.8301610e+003  0.0000000e+000
  1.8308310e+003  0.0000000e+000
  1.8315020e+003  0.0000000e+000
  1.8321730e+003  0.0000000e+000
  1.8328450e+003  0.0000000e+000
  1.8335170e+003  0.0000000e+000
  1.8341890e+003  0.0000000e+000
  1.8348620e+003  0.0000000e+000
  1.8355360e+003  0.0000000e+000
  1.8362100e+003  0.0000000e+000
  1.8368850e+003  0.0000000e+000
  1.8375600e+003  0.0000000e+000
  1.8382350e+003  0.0000000e+000
  1.8389110e+003  0.0000000e+000
  1.8395880e+003  0.0000000e+000
  1.8402650e+003  0.0000000e+000
  1.8409430e+003  0.0000000e+000
  1.8416210e+003  0.0000000e+000
  1.8422990e+003  0.0000000e+000
  1.8429780e+003  0.0000000e+000
  1.8436580e+003  0.0000000e+000
  1.8443380e+003  0.0000000e+000
  1.8450180e+003  0.0000000e+000
  1.8456990e+003  0.0000000e+000
  1.8463810e+003  0.0000000e+000
  1.8470630e+003  0.0000000e+000
  1.8477460e+003  0.0000000e+000
  1.8484290e+003  0.0000000e+000
  1.8491130e+003  0.0000000e+000
  1.8497970e+003  0.0000000e+000
  1.8504810e+003  0.0000000e+000
  1.8511660e+003  0.0000000e+000
  1.8518520e+003  0.0000000e+000
  1.8525380e+003  0.0000000e+000
  1.8532250e+003  0.0000000e+000
  1.8539120e+003  0.0000000e+000
  1.8546000e+003  0.0000000e+000
  1.8552880e+003  0.0000000e+000
  1.8559760e+003  0.0000000e+000
  1.8566650e+003  0.0000000e+000
  1.8573550e+003  0.0000000e+000
  1.8580450e+003  0.0000000e+000
  1.8587360e+003  0.0000000e+000
  1.8594270e+003  0.0000000e+000
  1.8601190e+003  0.0000000e+000
  1.8608110e+003  0.0000000e+000
  1.8615040e+003  0.0000000e+000
  1.8621970e+003  0.0000000e+000
  1.8628910e+003  0.0000000e+000
  1.8635850e+003  0.0000000e+000
  1.8642800e+003  0.0000000e+000
  1.8649760e+003  0.0000000e+000
  1.8656720e+003  0.0000000e+000
  1.8663680e+003  0.0000000e+000
  1.8670650e+003  0.0000000e+000
  1.8677620e+003  0.0000000e+000
  1.8684600e+003  0.0000000e+000
  1.8691590e+003  0.0000000e+000
  1.8698580e+003  0.0000000e+000
  1.8705570e+003  0.0000000e+000
  1.8712580e+003  0.0000000e+000
  1.8719580e+003  0.0000000e+000
  1.8726590e+003  0.0000000e+000
  1.8733610e+003  0.0000000e+000
  1.8740630e+003  0.0000000e+000
  1.8747660e+003  0.0000000e+000
  1.8754690e+003  0.0000000e+000
  1.8761730e+003  0.0000000e+000
  1.8768770e+003  0.0000000e+000
  1.8775820e+003  0.0000000e+000
  1.8782870e+003  0.0000000e+000
  1.8789930e+003  0.0000000e+000
  1.8796990e+003  0.0000000e+000
  1.8804060e+003  0.0000000e+000
  1.8811140e+003  0.0000000e+000
  1.8818220e+003  0.0000000e+000
  1.8825300e+003  0.0000000e+000
  1.8832390e+003  0.0000000e+000
  1.8839490e+003  0.0000000e+000
  1.8846590e+003  0.0000000e+000
  1.8853700e+003  0.0000000e+000
  1.8860810e+003  0.0000000e+000
  1.8867920e+003  0.0000000e+000
  1.8875050e+003  0.0000000e+000
  1.8882180e+003  0.0000000e+000
  1.8889310e+003  0.0000000e+000
  1.8896450e+003  0.0000000e+000
  1.8903590e+003  0.0000000e+000
  1.8910740e+003  0.0000000e+000
  1.8917900e+003  0.0000000e+000
  1.8925060e+003  0.0000000e+000
  1.8932220e+003  0.0000000e+000
  1.8939390e+003  0.0000000e+000
  1.8946570e+003  0.0000000e+000
  1.8953750e+003  0.0000000e+000
  1.8960940e+003  0.0000000e+000
  1.8968130e+003  0.0000000e+000
  1.8975330e+003  0.0000000e+000
  1.8982540e+003  0.0000000e+000
  1.8989750e+003  0.0000000e+000
  1.8996960e+003  0.0000000e+000
  1.9004180e+003  0.0000000e+000
  1.9011410e+003  0.0000000e+000
  1.9018640e+003  0.0000000e+000
  1.9025880e+003  0.0000000e+000
  1.9033120e+003  0.0000000e+000
  1.9040370e+003  0.0000000e+000
  1.9047620e+003  0.0000000e+000
  1.9054880e+003  0.0000000e+000
  1.9062140e+003  0.0000000e+000
  1.9069410e+003  0.0000000e+000
  1.9076690e+003  0.0000000e+000
  1.9083970e+003  0.0000000e+000
  1.9091260e+003  0.0000000e+000
  1.9098550e+003  0.0000000e+000
  1.9105850e+003  0.0000000e+000
  1.9113150e+003  0.0000000e+000
  1.9120460e+003  0.0000000e+000
  1.9127770e+003  0.0000000e+000
  1.9135090e+003  0.0000000e+000
  1.9142420e+003  0.0000000e+000
  1.9149750e+003  0.0000000e+000
  1.9157090e+003  0.0000000e+000
  1.9164430e+003  0.0000000e+000
  1.9171780e+003  0.0000000e+000
  1.9179130e+003  0.0000000e+000
  1.9186490e+003  0.0000000e+000
  1.9193860e+003  0.0000000e+000
  1.9201230e+003  0.0000000e+000
  1.9208610e+003  0.0000000e+000
  1.9215990e+003  0.0000000e+000
  1.9223380e+003  0.0000000e+000
  1.9230770e+003  0.0000000e+000
  1.9238170e+003  0.0000000e+000
  1.9245570e+003  0.0000000e+000
  1.9252980e+003  0.0000000e+000
  1.9260400e+003  0.0000000e+000
  1.9267820e+003  0.0000000e+000
  1.9275250e+003  0.0000000e+000
  1.9282680e+003  0.0000000e+000
  1.9290120e+003  0.0000000e+000
  1.9297570e+003  0.0000000e+000
  1.9305020e+003  0.0000000e+000
  1.9312480e+003  0.0000000e+000
  1.9319940e+003  0.0000000e+000
  1.9327410e+003  0.0000000e+000
  1.9334880e+003  0.0000000e+000
  1.9342360e+003  0.0000000e+000
  1.9349840e+003  0.0000000e+000
  1.9357340e+003  0.0000000e+000
  1.9364830e+003  0.0000000e+000
  1.9372340e+003  0.0000000e+000
  1.9379840e+003  0.0000000e+000
  1.9387360e+003  0.0000000e+000
  1.9394880e+003  0.0000000e+000
  1.9402410e+003  0.0000000e+000
  1.9409940e+003  0.0000000e+000
  1.9417480e+003  0.0000000e+000
  1.9425020e+003  0.0000000e+000
  1.9432570e+003  0.0000000e+000
  1.9440120e+003  0.0000000e+000
  1.9447690e+003  0.0000000e+000
  1.9455250e+003  0.0000000e+000
  1.9462830e+003  0.0000000e+000
  1.9470400e+003  0.0000000e+000
  1.9477990e+003  0.0000000e+000
  1.9485580e+003  0.0000000e+000
  1.9493180e+003  0.0000000e+000
  1.9500780e+003  0.0000000e+000
  1.9508390e+003  0.0000000e+000
  1.9516000e+003  0.0000000e+000
  1.9523620e+003  0.0000000e+000
  1.9531250e+003  0.0000000e+000
  1.9538880e+003  0.0000000e+000
  1.9546520e+003  0.0000000e+000
  1.9554170e+003  0.0000000e+000
  1.9561820e+003  0.0000000e+000
  1.9569480e+003  0.0000000e+000
  1.9577140e+003  0.0000000e+000
  1.9584800e+003  0.0000000e+000
  1.9592480e+003  0.0000000e+000
  1.9600160e+003  0.0000000e+000
  1.9607840e+003  0.0000000e+000
  1.9615540e+003  0.0000000e+000
  1.9623230e+003  0.0000000e+000
  1.9630940e+003  0.0000000e+000
  1.9638650e+003  0.0000000e+000
  1.9646360e+003  0.0000000e+000
  1.9654090e+003  0.0000000e+000
  1.9661820e+003  0.0000000e+000
  1.9669550e+003  0.0000000e+000
  1.9677290e+003  0.0000000e+000
  1.9685040e+003  0.0000000e+000
  1.9692800e+003  0.0000000e+000
  1.9700550e+003  0.0000000e+000
  1.9708320e+003  0.0000000e+000
  1.9716090e+003  0.0000000e+000
  1.9723860e+003  0.0000000e+000
  1.9731650e+003  0.0000000e+000
  1.9739440e+003  0.0000000e+000
  1.9747240e+003  0.0000000e+000
  1.9755040e+003  0.0000000e+000
  1.9762850e+003  0.0000000e+000
  1.9770660e+003  0.0000000e+000
  1.9778480e+003  0.0000000e+000
  1.9786310e+003  0.0000000e+000
  1.9794140e+003  0.0000000e+000
  1.9801980e+003  0.0000000e+000
  1.9809830e+003  0.0000000e+000
  1.9817680e+003  0.0000000e+000
  1.9825530e+003  0.0000000e+000
  1.9833400e+003  0.0000000e+000
  1.9841270e+003  0.0000000e+000
  1.9849150e+003  0.0000000e+000
  1.9857030e+003  0.0000000e+000
  1.9864920e+003  0.0000000e+000
  1.9872810e+003  0.0000000e+000
  1.9880720e+003  0.0000000e+000
  1.9888620e+003  0.0000000e+000
  1.9896540e+003  0.0000000e+000
  1.9904460e+003  0.0000000e+000
  1.9912390e+003  0.0000000e+000
  1.9920320e+003  0.0000000e+000
  1.9928260e+003  0.0000000e+000
  1.9936200e+003  0.0000000e+000
  1.9944160e+003  0.0000000e+000
  1.9952110e+003  0.0000000e+000
  1.9960080e+003  0.0000000e+000
  1.9968050e+003  0.0000000e+000
  1.9976030e+003  0.0000000e+000
  1.9984010e+003  0.0000000e+000
  1.9992000e+003  0.0000000e+000
  2.0000000e+003  1.0505769e-004
  2.0008000e+003  1.4083732e-004
  2.0016010e+003  2.7569165e-005
  2.0024030e+003  9.1624519e-005
  2.0032050e+003  5.8527061e-005
  2.0040080e+003  1.5999046e-004
  2.0048120e+003  2.4821403e-004
  2.0056160e+003  3.3718412e-004
  2.0064200e+003  7.4273871e-006
  2.0072260e+003 -7.1421957e-005
  2.0080320e+003 -2.3651195e-005
  2.0088390e+003  8.6606582e-005
  2.0096460e+003 -1.3396092e-004
  2.0104540e+003  2.1110671e-005
  2.0112630e+003 -4.2348187e-005
  2.0120730e+003 -2.2965985e-004
  2.0128820e+003 -6.4550972e-005
  2.0136930e+003  2.2685237e-004
  2.0145040e+003  5.3069485e-005
  2.0153160e+003  2.2052770e-004
  2.0161290e+003 -1.2258062e-004
  2.0169420e+003  9.1537586e-005
  2.0177560e+003 -1.4922925e-004
  2.0185710e+003  2.5760330e-004
  2.0193860e+003  5.3532305e-005
  2.0202020e+003  1.3054277e-004
  2.0210190e+003  9.3758827e-005
  2.0218360e+003 -9.5432799e-005
  2.0226540e+003 -4.7830348e-005
  2.0234720e+003 -9.9996221e-005
  2.0242920e+003 -1.4209740e-004
  2.0251110e+003 -1.0776788e-004
  2.0259320e+003  1.9698020e-004
  2.0267530e+003  3.3515645e-004
  2.0275750e+003  4.4591169e-004
  2.0283980e+003  4.9265134e-005
  2.0292210e+003 -4.5939323e-006
  2.0300450e+003  2.3209483e-004
  2.0308700e+003  3.4362820e-004
  2.0316940e+003  2.4157031e-004
  2.0325200e+003  3.3028965e-004
  2.0333470e+003 -3.7548592e-004
  2.0341740e+003 -7.2177668e-004
  2.0350020e+003 -7.9945807e-004
  2.0358310e+003 -6.1392586e-004
  2.0366600e+003 -5.0673768e-004
  2.0374900e+003  2.6870100e-004
  2.0383200e+003  2.5289459e-004
  2.0391520e+003  1.8729063e-004
  2.0399840e+003  5.9758435e-004
  2.0408160e+003  6.2075048e-004
  2.0416500e+003  6.2358537e-004
  2.0424840e+003 -4.4692970e-005
  2.0433180e+003 -4.1855132e-004
  2.0441540e+003 -2.7172844e-004
  2.0449900e+003 -1.9107474e-004
  2.0458270e+003  1.5996903e-004
  2.0466640e+003  7.6206919e-004
  2.0475020e+003  5.5912405e-004
  2.0483410e+003  1.3035408e-004
  2.0491800e+003  1.5215378e-004
  2.0500210e+003  4.6636607e-005
  2.0508620e+003 -7.2524686e-005
  2.0517030e+003 -1.1327701e-004
  2.0525450e+003 -5.3267233e-004
  2.0533880e+003 -7.2844228e-004
  2.0542320e+003  3.9224600e-004
  2.0550760e+003  5.9445086e-004
  2.0559210e+003  4.7414127e-004
  2.0567670e+003  4.9286342e-004
  2.0576140e+003  1.6572776e-004
  2.0584600e+003 -7.6265569e-004
  2.0593080e+003  9.3040006e-005
  2.0601560e+003  5.4962118e-004
  2.0610060e+003 -1.1171509e-004
  2.0618560e+003 -4.9888558e-004
  2.0627060e+003 -9.5976098e-004
  2.0635570e+003  1.6994576e-004
  2.0644100e+003  3.3560055e-004
  2.0652620e+003 -1.7816554e-004
  2.0661160e+003 -2.7583921e-004
  2.0669700e+003 -3.8047534e-004
  2.0678250e+003 -3.0206185e-004
  2.0686800e+003 -2.3889994e-004
  2.0695370e+003 -4.2003099e-004
  2.0703930e+003 -3.9243346e-004
  2.0712510e+003  2.0568602e-004
  2.0721090e+003  2.7073533e-004
  2.0729690e+003  5.7057227e-004
  2.0738280e+003 -6.4276787e-004
  2.0746890e+003 -9.1473397e-004
  2.0755500e+003 -4.6934036e-004
  2.0764120e+003 -6.8936532e-004
  2.0772750e+003  1.0670666e-003
  2.0781380e+003  4.4088409e-004
  2.0790020e+003 -6.9117109e-006
  2.0798670e+003 -1.3912053e-004
  2.0807320e+003  6.5919681e-004
  2.0815990e+003  1.2440706e-003
  2.0824660e+003  2.6382535e-004
  2.0833330e+003 -6.4551015e-004
  2.0842020e+003 -4.0044289e-004
  2.0850710e+003 -1.3321458e-003
  2.0859410e+003 -1.0362546e-003
  2.0868120e+003  3.4851761e-004
  2.0876830e+003 -6.3989987e-004
  2.0885550e+003 -1.4563920e-003
  2.0894270e+003 -4.1457263e-004
  2.0903010e+003  1.1214411e-003
  2.0911750e+003  4.8298552e-004
  2.0920500e+003  1.5183354e-003
  2.0929260e+003 -1.0419080e-003
  2.0938020e+003  4.2550039e-004
  2.0946790e+003 -1.2435053e-003
  2.0955570e+003 -1.0383358e-003
  2.0964360e+003 -1.4269798e-003
  2.0973150e+003 -1.7932450e-003
  2.0981960e+003 -2.8217168e-004
  2.0990760e+003  7.4308837e-004
  2.0999580e+003 -6.8566256e-004
  2.1008400e+003 -4.8476222e-004
  2.1017230e+003  7.1386696e-004
  2.1026070e+003  1.0806418e-003
  2.1034920e+003  6.4234709e-004
  2.1043770e+003  3.2854779e-004
  2.1052630e+003 -1.0434591e-004
  2.1061500e+003  3.1654866e-004
  2.1070380e+003 -3.9765326e-004
  2.1079260e+003 -3.1536043e-004
  2.1088150e+003  1.1176752e-003
  2.1097050e+003  1.8199523e-003
  2.1105950e+003  1.9834810e-003
  2.1114870e+003  5.4844579e-004
  2.1123780e+003  4.0340651e-004
  2.1132710e+003  9.3946652e-004
  2.1141650e+003  2.0375366e-003
  2.1150590e+003  7.4493041e-004
  2.1159540e+003  1.3020800e-003
  2.1168500e+003  9.9689898e-004
  2.1177470e+003  9.9328510e-004
  2.1186440e+003  6.1676756e-004
  2.1195420e+003  1.3060677e-003
  2.1204410e+003  6.6251727e-005
  2.1213410e+003  7.3855661e-004
  2.1222410e+003 -6.9798017e-004
  2.1231420e+003 -1.7970384e-003
  2.1240440e+003  3.4733312e-005
  2.1249470e+003 -1.1138254e-003
  2.1258500e+003 -1.2870709e-003
  2.1267540e+003  5.9803925e-004
  2.1276600e+003  7.4390227e-005
  2.1285650e+003 -3.6222029e-003
  2.1294720e+003 -1.3232103e-003
  2.1303790e+003 -2.1555449e-003
  2.1312870e+003 -1.8984450e-003
  2.1321960e+003  7.9264559e-005
  2.1331060e+003  8.6423935e-004
  2.1340160e+003  1.1037532e-003
  2.1349270e+003 -1.3266318e-003
  2.1358390e+003 -3.8358441e-005
  2.1367520e+003 -1.6367497e-003
  2.1376660e+003 -1.6342391e-003
  2.1385800e+003  1.1470654e-003
  2.1394960e+003 -1.9803359e-003
  2.1404110e+003 -2.9162419e-004
  2.1413280e+003  2.1891070e-003
  2.1422450e+003 -5.5013603e-004
  2.1431630e+003 -1.0733166e-003
  2.1440820e+003  2.1447623e-003
  2.1450020e+003  8.7741518e-004
  2.1459230e+003  1.6703549e-003
  2.1468440e+003 -9.3113858e-004
  2.1477660e+003 -1.9500359e-003
  2.1486890e+003 -9.1122702e-004
  2.1496130e+003 -8.6662731e-006
  2.1505380e+003 -1.1353557e-003
  2.1514630e+003 -7.3874684e-004
  2.1523890e+003  2.6774415e-004
  2.1533160e+003  2.1094545e-003
  2.1542440e+003  8.9384970e-004
  2.1551720e+003  9.6049022e-005
  2.1561020e+003  2.4123066e-003
  2.1570320e+003 -2.3415447e-003
  2.1579630e+003 -2.6366799e-003
  2.1588950e+003  4.2182137e-004
  2.1598270e+003  4.2985458e-004
  2.1607610e+003 -5.6537136e-004
  2.1616950e+003  2.1464031e-004
  2.1626300e+003 -8.0691616e-004
  2.1635650e+003 -1.1147982e-003
  2.1645020e+003  1.8670127e-003
  2.1654390e+003 -1.5531782e-003
  2.1663780e+003  1.2990584e-003
  2.1673170e+003  2.5791521e-003
  2.1682570e+003  2.0871714e-003
  2.1691980e+003  3.9851717e-003
  2.1701390e+003  4.7578615e-005
  2.1710810e+003 -1.2440409e-004
  2.1720240e+003 -4.6941603e-004
  2.1729680e+003 -3.4119894e-003
  2.1739130e+003 -6.3611385e-003
  2.1748590e+003  1.1797324e-003
  2.1758050e+003  7.6548269e-005
  2.1767530e+003  2.8668265e-003
  2.1777000e+003  2.0173558e-003
  2.1786490e+003  1.0804681e-003
  2.1795990e+003  3.9771519e-004
  2.1805500e+003  1.2730028e-003
  2.1815010e+003  2.8309153e-004
  2.1824530e+003 -1.3196493e-003
  2.1834060e+003 -1.5025336e-003
  2.1843600e+003 -2.6250496e-003
  2.1853150e+003 -5.2680378e-004
  2.1862700e+003 -2.3649384e-003
  2.1872270e+003  1.2978102e-003
  2.1881840e+003 -2.5860412e-004
  2.1891420e+003  2.1788450e-004
  2.1901010e+003 -7.0501422e-004
  2.1910600e+003 -4.6512340e-003
  2.1920210e+003 -4.4909189e-003
  2.1929820e+003 -1.0293317e-003
  2.1939450e+003  3.3423584e-003
  2.1949080e+003  3.5555204e-003
  2.1958720e+003  1.4718990e-003
  2.1968360e+003  2.8316362e-003
  2.1978020e+003  2.6110956e-003
  2.1987690e+003 -1.6587331e-004
  2.1997360e+003 -3.9739814e-003
  2.2007040e+003  3.6915783e-003
  2.2016730e+003 -1.9746786e-004
  2.2026430e+003 -1.9207988e-004
  2.2036140e+003 -7.6897349e-004
  2.2045860e+003  1.6164640e-003
  2.2055580e+003 -1.2800620e-003
  2.2065310e+003 -2.6963633e-003
  2.2075050e+003 -1.2650529e-003
  2.2084810e+003 -2.1411746e-003
  2.2094570e+003 -2.3648082e-003
  2.2104330e+003 -2.6897185e-003
  2.2114110e+003 -9.3438465e-004
  2.2123890e+003  3.2674097e-003
  2.2133690e+003  2.7044851e-003
  2.2143490e+003 -5.1775819e-004
  2.2153300e+003 -3.0064676e-003
  2.2163120e+003 -3.6857729e-003
  2.2172950e+003  2.9204842e-003
  2.2182790e+003  9.3964089e-005
  2.2192630e+003  7.5290469e-004
  2.2202490e+003 -1.3723465e-003
  2.2212350e+003  2.9772965e-003
  2.2222220e+003 -5.5752188e-004
  2.2232100e+003  2.1656363e-006
  2.2241990e+003 -2.7048509e-003
  2.2251890e+003 -1.5391624e-003
  2.2261800e+003  4.8607384e-004
  2.2271720e+003 -5.3535280e-004
  2.2281640e+003  1.1536401e-003
  2.2291570e+003 -2.3685233e-003
  2.2301520e+003  1.2207344e-003
  2.2311470e+003  1.7335440e-003
  2.2321430e+003  6.5694973e-003
  2.2331400e+003  1.7168625e-003
  2.2341380e+003 -1.1129517e-003
  2.2351360e+003  1.0722387e-004
  2.2361360e+003 -2.7939954e-003
  2.2371360e+003  1.2271265e-003
  2.2381380e+003  3.7014887e-003
  2.2391400e+003 -1.7987946e-003
  2.2401430e+003 -3.0154914e-003
  2.2411470e+003  2.6484479e-003
  2.2421520e+003 -2.6317305e-004
  2.2431580e+003 -1.2647223e-003
  2.2441650e+003  2.9358640e-003
  2.2451730e+003 -2.3789487e-004
  2.2461810e+003 -1.3629318e-003
  2.2471910e+003 -2.0407999e-003
  2.2482010e+003 -4.6612637e-004
  2.2492130e+003  2.2504665e-003
  2.2502250e+003 -9.5990126e-004
  2.2512380e+003  5.0938048e-004
  2.2522520e+003 -7.1351905e-004
  2.2532670e+003 -1.6957360e-004
  2.2542830e+003 -3.5212715e-003
  2.2553000e+003 -2.2700112e-003
  2.2563180e+003 -2.0539789e-003
  2.2573360e+003 -1.6004448e-003
  2.2583560e+003  2.1493003e-004
  2.2593760e+003  6.6716331e-003
  2.2603980e+003  2.9068030e-003
  2.2614200e+003  3.8711848e-003
  2.2624430e+003 -1.8568091e-004
  2.2634680e+003 -2.6556973e-003
  2.2644930e+003 -2.3783841e-003
  2.2655190e+003 -1.2286138e-003
  2.2665460e+003  2.7430401e-004
  2.2675740e+003  2.4471714e-003
  2.2686030e+003  3.4126724e-004
  2.2696320e+003  4.8946950e-004
  2.2706630e+003  4.1091195e-003
  2.2716950e+003  4.3013105e-003
  2.2727270e+003 -1.4378256e-004
  2.2737610e+003  1.6451218e-003
  2.2747950e+003 -2.0984088e-003
  2.2758310e+003  3.9341203e-003
  2.2768670e+003 -3.0288109e-004
  2.2779040e+003 -5.8303046e-004
  2.2789430e+003 -3.5217411e-003
  2.2799820e+003 -5.1347874e-003
  2.2810220e+003  1.5488589e-003
  2.2820630e+003 -9.6210872e-004
  2.2831050e+003 -2.0777727e-003
  2.2841480e+003  1.2042227e-003
  2.2851920e+003  1.9141444e-003
  2.2862370e+003 -2.0655966e-003
  2.2872830e+003 -2.1658365e-003
  2.2883300e+003  4.5454348e-005
  2.2893770e+003  3.7746639e-003
  2.2904260e+003  2.9472900e-003
  2.2914760e+003  2.4484808e-003
  2.2925260e+003  3.1158768e-003
  2.2935780e+003 -2.9232958e-003
  2.2946310e+003 -1.6311591e-003
  2.2956840e+003  2.5729383e-003
  2.2967390e+003  8.3643790e-005
  2.2977940e+003 -3.2217166e-004
  2.2988510e+003  2.6948543e-003
  2.2999080e+003 -6.5979992e-005
  2.3009660e+003  2.9952347e-003
  2.3020260e+003  4.0481966e-005
  2.3030860e+003  3.9163143e-003
  2.3041470e+003  3.1022816e-003
  2.3052100e+003  3.4993845e-003
  2.3062730e+003 -3.7268912e-003
  2.3073370e+003  1.0701630e-003
  2.3084030e+003 -1.1906442e-003
  2.3094690e+003 -2.4346560e-003
  2.3105360e+003 -2.7111657e-003
  2.3116040e+003  2.2161950e-003
  2.3126740e+003 -2.4148892e-003
  2.3137440e+003  9.9389709e-004
  2.3148150e+003  9.5345394e-004
  2.3158870e+003 -1.5806970e-004
  2.3169600e+003  2.1463989e-004
  2.3180340e+003  9.0287329e-004
  2.3191100e+003  5.5891013e-004
  2.3201860e+003  1.0085558e-003
  2.3212630e+003 -2.9991618e-003
  2.3223410e+003 -1.0045257e-004
  2.3234200e+003  7.2529428e-003
  2.3245000e+003 -5.0168479e-004
  2.3255810e+003  4.9045472e-003
  2.3266640e+003  2.3817548e-003
  2.3277470e+003 -2.8661205e-003
  2.3288310e+003  8.6834136e-004
  2.3299160e+003 -1.1254896e-003
  2.3310020e+003 -3.0245485e-003
  2.3320900e+003 -1.6078015e-003
  2.3331780e+003 -1.0798186e-003
  2.3342670e+003  2.2379595e-003
  2.3353570e+003 -2.6412160e-004
  2.3364480e+003  3.2772254e-003
  2.3375410e+003 -1.5298672e-003
  2.3386340e+003  4.6172999e-003
  2.3397290e+003  1.0834258e-002
  2.3408240e+003  9.2340196e-003
  2.3419200e+003  8.1127137e-003
  2.3430180e+003  3.8010951e-003
  2.3441160e+003  4.3638977e-003
  2.3452160e+003  1.0847168e-003
  2.3463160e+003 -1.4131535e-003
  2.3474180e+003 -1.1343593e-003
  2.3485210e+003  1.0958889e-003
  2.3496240e+003 -1.9825478e-003
  2.3507290e+003  3.8092975e-003
  2.3518340e+003  3.8092684e-003
  2.3529410e+003  3.7362745e-003
  2.3540490e+003  6.4222421e-003
  2.3551580e+003 -4.7249114e-003
  2.3562680e+003  3.4870415e-003
  2.3573780e+003 -4.0982338e-003
  2.3584910e+003  3.6047248e-004
  2.3596040e+003 -2.4903584e-003
  2.3607180e+003 -2.8116519e-003
  2.3618330e+003  8.8330358e-004
  2.3629490e+003  1.3628481e-003
  2.3640660e+003 -1.3491898e-003
  2.3651840e+003 -7.2158701e-003
  2.3663040e+003  4.7901249e-003
  2.3674240e+003  1.0615118e-003
  2.3685460e+003  8.2661380e-004
  2.3696680e+003  4.8867520e-003
  2.3707920e+003 -2.0738135e-003
  2.3719170e+003 -1.6471721e-003
  2.3730420e+003  2.0598865e-003
  2.3741690e+003  3.5311868e-003
  2.3752970e+003 -6.4563757e-004
  2.3764260e+003  5.7507991e-003
  2.3775560e+003  3.4099580e-003
  2.3786870e+003 -1.1256669e-003
  2.3798190e+003  4.1400519e-004
  2.3809520e+003  3.9156149e-003
  2.3820870e+003  2.1962544e-003
  2.3832220e+003  1.5670903e-003
  2.3843590e+003 -2.7084723e-003
  2.3854960e+003  2.0468668e-003
  2.3866350e+003  2.8750307e-003
  2.3877740e+003  3.7475561e-003
  2.3889160e+003 -2.2958543e-003
  2.3900570e+003  3.9586090e-003
  2.3912000e+003 -4.9810938e-004
  2.3923440e+003  1.4449283e-003
  2.3934900e+003  5.7167378e-003
  2.3946360e+003  2.1752692e-003
  2.3957840e+003  3.9983978e-003
  2.3969320e+003 -1.4439861e-003
  2.3980820e+003 -2.7617323e-003
  2.3992320e+003  1.6488510e-003
  2.4003840e+003 -7.7632174e-004
  2.4015370e+003  6.4400019e-004
  2.4026910e+003 -1.0129922e-004
  2.4038460e+003  7.5459579e-004
  2.4050020e+003  4.9784724e-003
  2.4061600e+003  2.1535719e-003
  2.4073180e+003 -6.4680143e-004
  2.4084780e+003  5.3087599e-003
  2.4096380e+003  3.5181807e-003
  2.4108010e+003 -1.7495661e-003
  2.4119630e+003  2.8318407e-003
  2.4131270e+003  1.4676466e-003
  2.4142920e+003  1.5913380e-003
  2.4154590e+003  3.8247695e-004
  2.4166260e+003 -1.2263741e-003
  2.4177950e+003  2.5974480e-003
  2.4189650e+003  7.7188545e-004
  2.4201350e+003  8.1249373e-004
  2.4213070e+003  1.1485697e-003
  2.4224810e+003 -7.3926226e-004
  2.4236550e+003  2.9754762e-003
  2.4248300e+003  8.9262438e-004
  2.4260070e+003  2.7990646e-003
  2.4271850e+003  2.9495039e-003
  2.4283630e+003  3.0773447e-003
  2.4295430e+003  2.6367106e-003
  2.4307240e+003  3.4525448e-003
  2.4319070e+003  1.5850980e-003
  2.4330900e+003 -1.6145342e-003
  2.4342750e+003  2.7767811e-003
  2.4354600e+003  2.9679528e-003
  2.4366470e+003  2.7938909e-003
  2.4378350e+003  9.4274711e-003
  2.4390240e+003  5.8964272e-003
  2.4402150e+003  6.2422552e-003
  2.4414060e+003  5.6262000e-004
  2.4425990e+003  3.5048651e-003
  2.4437930e+003  2.1780769e-003
  2.4449880e+003  7.0665446e-003
  2.4461840e+003  4.8356280e-003
  2.4473810e+003  6.4015999e-003
  2.4485800e+003  3.4792777e-003
  2.4497800e+003  9.6552381e-003
  2.4509800e+003  1.1072900e-002
  2.4521820e+003  2.9302968e-003
  2.4533850e+003  8.3909314e-003
  2.4545900e+003  9.2917122e-003
  2.4557960e+003  9.7688995e-003
  2.4570020e+003  7.2559454e-003
  2.4582100e+003  9.7489487e-003
  2.4594200e+003  1.4088075e-002
  2.4606300e+003  1.2701869e-002
  2.4618420e+003  1.4195880e-002
  2.4630540e+003  1.0975938e-002
  2.4642680e+003  1.2501736e-002
  2.4654830e+003  2.0496577e-002
  2.4667000e+003  2.0737771e-002
  2.4679170e+003  2.3766177e-002
  2.4691360e+003  1.9497553e-002
  2.4703560e+003  2.6162108e-002
  2.4715770e+003  2.5783706e-002
  2.4727990e+003  3.4723219e-002
  2.4740230e+003  3.4028027e-002
  2.4752480e+003  3.9958902e-002
  2.4764730e+003  4.6833709e-002
  2.4777010e+003  5.0927956e-002
  2.4789290e+003  5.8012202e-002
  2.4801590e+003  6.9263458e-002
  2.4813890e+003  7.7166297e-002
  2.4826220e+003  8.9094356e-002
  2.4838550e+003  1.0510990e-001
  2.4850890e+003  1.1532730e-001
  2.4863250e+003  1.3450870e-001
  2.4875620e+003  1.5773630e-001
  2.4888000e+003  1.9250420e-001
  2.4900400e+003  2.2452970e-001
  2.4912810e+003  2.5630170e-001
  2.4925220e+003  2.9850030e-001
  2.4937650e+003  3.4407700e-001
  2.4950100e+003  3.9611290e-001
  2.4962560e+003  4.4560360e-001
  2.4975020e+003  5.1043550e-001
  2.4987510e+003  5.6752560e-001
  2.5000000e+003  6.2280780e-001
  2.5012510e+003  8.9023890e-001
  2.5025020e+003  9.3438890e-001
  2.5037560e+003  9.6560140e-001
  2.5050100e+003  9.8644710e-001
  2.5062660e+003  1.0000000e+000
  2.5075230e+003  9.9948170e-001
  2.5087810e+003  9.9019570e-001
  2.5100400e+003  9.8019630e-001
  2.5113010e+003  9.6160020e-001
  2.5125630e+003  9.3701830e-001
  2.5138260e+003  9.0862520e-001
  2.5150910e+003  9.1787280e-001
  2.5163560e+003  9.1665760e-001
  2.5176240e+003  9.0735800e-001
  2.5188920e+003  8.9149520e-001
  2.5201610e+003  8.6852630e-001
  2.5214320e+003  8.3522050e-001
  2.5227040e+003  7.9209640e-001
  2.5239780e+003  7.4999950e-001
  2.5252520e+003  6.9180400e-001
  2.5265290e+003  6.0225220e-001
  2.5278060e+003  5.4617040e-001
  2.5290840e+003  4.7882280e-001
  2.5303650e+003  4.2262560e-001
  2.5316460e+003  3.6746580e-001
  2.5329280e+003  3.0760920e-001
  2.5342120e+003  2.6377120e-001
  2.5354970e+003  2.2634580e-001
  2.5367830e+003  1.9354700e-001
  2.5380710e+003  1.6078010e-001
  2.5393600e+003  1.3534450e-001
  2.5406500e+003  1.1541900e-001
  2.5419420e+003  9.8656587e-002
  2.5432350e+003  8.4727496e-002
  2.5445290e+003  7.4202709e-002
  2.5458250e+003  6.4726457e-002
  2.5471220e+003  5.6795519e-002
  2.5484200e+003  4.8056595e-002
  2.5497190e+003  4.1555908e-002
  2.5510200e+003  3.8019191e-002
  2.5523230e+003  3.3190537e-002
  2.5536260e+003  2.8027965e-002
  2.5549310e+003  2.5752615e-002
  2.5562370e+003  2.2606043e-002
  2.5575450e+003  2.0841088e-002
  2.5588540e+003  1.5779914e-002
  2.5601640e+003  1.4163008e-002
  2.5614750e+003  1.3768039e-002
  2.5627880e+003  1.0799310e-002
  2.5641030e+003  1.2049216e-002
  2.5654180e+003  1.3637370e-002
  2.5667350e+003  6.6199224e-003
  2.5680530e+003  9.1085425e-003
  2.5693730e+003  9.1677820e-003
  2.5706940e+003  6.2152897e-003
  2.5720160e+003  5.7518310e-003
  2.5733400e+003  7.8957174e-003
  2.5746650e+003  6.8806950e-003
  2.5759920e+003  2.8685331e-003
  2.5773200e+003  3.3516816e-003
  2.5786490e+003  5.7395813e-003
  2.5799790e+003  1.1110968e-003
  2.5813110e+003  6.3532880e-003
  2.5826450e+003  3.9190543e-003
  2.5839790e+003  3.5081601e-003
  2.5853150e+003  6.4359908e-003
  2.5866530e+003  1.8574554e-003
  2.5879920e+003  3.5862520e-003
  2.5893320e+003  3.9125173e-003
  2.5906740e+003  4.4623208e-003
  2.5920170e+003  2.6308135e-003
  2.5933610e+003  4.6068747e-003
  2.5947070e+003  2.8809861e-003
  2.5960540e+003 -3.2670065e-004
  2.5974030e+003  4.5102788e-003
  2.5987530e+003 -2.6575918e-004
  2.6001040e+003  4.2989361e-003
  2.6014570e+003 -1.4273196e-003
  2.6028110e+003  1.2211740e-003
  2.6041670e+003  2.6719922e-003
  2.6055240e+003  4.1659903e-003
  2.6068820e+003  4.0019979e-003
  2.6082420e+003  5.0286017e-003
  2.6096030e+003  4.1329235e-004
  2.6109660e+003  3.4964264e-003
  2.6123300e+003  3.3299020e-003
  2.6136960e+003 -3.2274288e-003
  2.6150630e+003 -1.1726096e-004
  2.6164310e+003 -5.8841100e-004
  2.6178010e+003  4.6710909e-004
  2.6191720e+003  1.9261640e-004
  2.6205450e+003  7.5414509e-004
  2.6219190e+003 -1.0004952e-003
  2.6232950e+003  4.7452580e-003
  2.6246720e+003  1.6353539e-003
  2.6260500e+003  1.9821741e-003
  2.6274300e+003 -9.1955555e-004
  2.6288120e+003 -1.5520585e-003
  2.6301950e+003 -1.3737055e-003
  2.6315790e+003  3.4620224e-003
  2.6329650e+003 -1.2048774e-003
  2.6343520e+003  2.5879350e-004
  2.6357410e+003 -1.3942479e-003
  2.6371310e+003 -6.6855166e-004
  2.6385220e+003 -4.0163081e-003
  2.6399160e+003 -1.6261701e-003
  2.6413100e+003  3.4636054e-003
  2.6427060e+003  1.4239474e-003
  2.6441040e+003  6.0821767e-003
  2.6455030e+003  6.6028693e-004
  2.6469030e+003  8.0541027e-004
  2.6483050e+003 -2.4949899e-004
  2.6497080e+003 -4.4920682e-003
  2.6511140e+003  7.1399607e-004
  2.6525200e+003 -9.6696349e-005
  2.6539280e+003 -3.6953604e-003
  2.6553370e+003  2.1384167e-003
  2.6567480e+003  8.9642161e-004
  2.6581600e+003  1.4800757e-004
  2.6595740e+003  1.5002912e-003
  2.6609900e+003  1.8647386e-003
  2.6624070e+003 -2.9091218e-003
  2.6638250e+003 -2.4370693e-003
  2.6652450e+003 -1.2201506e-003
  2.6666670e+003  3.2191321e-003
  2.6680900e+003  4.3799420e-004
  2.6695140e+003 -1.0478683e-003
  2.6709400e+003 -3.5761026e-004
  2.6723680e+003  3.7807324e-003
  2.6737970e+003  9.4240106e-004
  2.6752280e+003  1.2927284e-003
  2.6766590e+003  6.6496938e-004
  2.6780930e+003 -9.4876613e-004
  2.6795280e+003 -1.3024824e-004
  2.6809650e+003  9.1116910e-004
  2.6824040e+003 -5.5700919e-004
  2.6838430e+003 -8.0523011e-004
  2.6852850e+003 -1.3209584e-003
  2.6867280e+003 -5.7191664e-004
  2.6881720e+003  4.2401147e-003
  2.6896180e+003  2.8901829e-003
  2.6910660e+003 -1.2456335e-003
  2.6925150e+003 -1.3443149e-003
  2.6939660e+003  3.5690553e-003
  2.6954180e+003 -4.2087087e-004
  2.6968720e+003  1.3183029e-003
  2.6983270e+003  3.6946458e-003
  2.6997840e+003 -1.9797024e-003
  2.7012430e+003  3.1296208e-003
  2.7027030e+003  1.7639261e-003
  2.7041650e+003  1.9358073e-003
  2.7056280e+003  9.3648334e-005
  2.7070930e+003 -1.5457994e-003
  2.7085590e+003 -2.8393590e-003
  2.7100270e+003 -1.5206722e-004
  2.7114970e+003 -1.4994205e-003
  2.7129680e+003  2.9378268e-004
  2.7144410e+003  3.2563999e-003
  2.7159150e+003 -1.1615481e-003
  2.7173910e+003  4.2833863e-003
  2.7188690e+003  3.0647006e-003
  2.7203480e+003  6.6112785e-004
  2.7218290e+003  9.4254897e-004
  2.7233120e+003  2.4157482e-004
  2.7247960e+003 -1.1193722e-003
  2.7262810e+003 -8.2628027e-004
  2.7277690e+003 -1.3983904e-003
  2.7292580e+003  7.7188865e-004
  2.7307480e+003 -1.3155724e-003
  2.7322400e+003 -1.4628294e-003
  2.7337340e+003  1.8840985e-003
  2.7352300e+003 -8.9879963e-004
  2.7367270e+003  1.1025454e-003
  2.7382260e+003 -1.1914069e-003
  2.7397260e+003  6.2906829e-004
  2.7412280e+003  2.7902578e-003
  2.7427320e+003  3.9138836e-003
  2.7442370e+003 -7.0556719e-004
  2.7457440e+003  2.5633108e-003
  2.7472530e+003  4.2617247e-003
  2.7487630e+003  1.2421601e-003
  2.7502750e+003  2.8461363e-004
  2.7517890e+003 -7.9429901e-004
  2.7533040e+003  6.7054812e-004
  2.7548210e+003 -3.7943240e-004
  2.7563400e+003 -4.0016364e-004
  2.7578600e+003 -2.7249272e-003
  2.7593820e+003  1.2512523e-003
  2.7609060e+003  2.8070863e-003
  2.7624310e+003 -1.2497683e-003
  2.7639580e+003 -3.6695818e-004
  2.7654870e+003  2.5602435e-003
  2.7670170e+003  1.9089077e-003
  2.7685490e+003  2.4146512e-003
  2.7700830e+003  1.8934270e-003
  2.7716190e+003  1.9162458e-003
  2.7731560e+003  3.7771449e-003
  2.7746950e+003  1.1755237e-003
  2.7762350e+003 -3.6152019e-004
  2.7777780e+003 -4.5898449e-004
  2.7793220e+003  3.0926405e-003
  2.7808680e+003  7.8488840e-004
  2.7824150e+003 -1.3782366e-003
  2.7839640e+003  2.6584012e-003
  2.7855150e+003  2.3941807e-003
  2.7870680e+003  4.8196777e-003
  2.7886230e+003  2.5526562e-004
  2.7901780e+003 -1.0756276e-003
  2.7917360e+003  2.3604264e-003
  2.7932960e+003 -5.5947062e-004
  2.7948570e+003 -1.9668285e-003
  2.7964210e+003 -1.6161037e-003
  2.7979860e+003  2.3368576e-003
  2.7995520e+003  3.0918906e-003
  2.8011210e+003  3.4964300e-004
  2.8026900e+003  3.5592227e-004
  2.8042620e+003 -2.1783316e-003
  2.8058360e+003 -3.7584692e-004
  2.8074120e+003 -1.4402663e-003
  2.8089890e+003  7.1813288e-004
  2.8105680e+003  1.1662185e-003
  2.8121480e+003 -3.4211902e-003
  2.8137310e+003  3.2010786e-003
  2.8153150e+003  3.8920634e-004
  2.8169010e+003  3.1332842e-003
  2.8184890e+003  4.3003293e-004
  2.8200790e+003  2.3960993e-005
  2.8216700e+003 -4.0569931e-004
  2.8232640e+003 -3.9267950e-004
  2.8248590e+003 -5.9224700e-004
  2.8264560e+003  2.0368807e-003
  2.8280540e+003  1.9317007e-003
  2.8296550e+003  3.5062057e-003
  2.8312570e+003  4.5581898e-004
  2.8328610e+003 -2.8153658e-003
  2.8344670e+003 -4.2388556e-003
  2.8360750e+003  3.4209779e-003
  2.8376850e+003  8.7503815e-004
  2.8392960e+003 -1.3519777e-003
  2.8409090e+003  3.9949012e-003
  2.8425240e+003 -2.8044437e-003
  2.8441410e+003 -6.3933269e-004
  2.8457600e+003  1.2025491e-003
  2.8473800e+003 -1.8190891e-003
  2.8490030e+003 -1.0279795e-003
  2.8506270e+003  2.2196218e-003
  2.8522530e+003 -2.4469302e-004
  2.8538810e+003 -1.4852543e-003
  2.8555110e+003 -2.1409525e-003
  2.8571430e+003  2.9111635e-003
  2.8587770e+003  1.5857404e-003
  2.8604120e+003  7.7892863e-004
  2.8620490e+003 -4.1210800e-003
  2.8636880e+003  1.9802088e-003
  2.8653300e+003  2.5112752e-003
  2.8669730e+003  4.9261912e-003
  2.8686170e+003 -1.1987193e-003
  2.8702640e+003  9.4323308e-004
  2.8719130e+003 -1.0844461e-003
  2.8735630e+003 -1.7963485e-003
  2.8752160e+003 -4.0035970e-003
  2.8768700e+003 -5.9287762e-004
  2.8785260e+003 -1.4457096e-003
  2.8801840e+003 -1.5767168e-003
  2.8818440e+003  9.5876871e-004
  2.8835060e+003  2.3101737e-004
  2.8851700e+003  4.8529115e-003
  2.8868360e+003 -3.8271997e-004
  2.8885040e+003 -1.8131922e-003
  2.8901730e+003  1.9785303e-003
  2.8918450e+003 -1.1709423e-003
  2.8935190e+003  1.4949407e-003
  2.8951940e+003 -2.4099089e-003
  2.8968720e+003  1.8966686e-003
  2.8985510e+003  5.6456414e-004
  2.9002320e+003 -3.1593593e-003
  2.9019150e+003 -3.8471527e-003
  2.9036000e+003  2.8244664e-003
  2.9052880e+003  5.7850988e-004
  2.9069770e+003 -1.3707711e-003
  2.9086680e+003 -2.1155931e-003
  2.9103610e+003  2.6528453e-004
  2.9120560e+003  6.1225714e-005
  2.9137530e+003 -2.6918791e-004
  2.9154520e+003 -2.9859652e-003
  2.9171530e+003  8.7547040e-004
  2.9188560e+003  5.7137397e-004
  2.9205610e+003 -1.4407870e-003
  2.9222680e+003  2.1953413e-003
  2.9239770e+003  1.6399367e-003
  2.9256880e+003 -1.0042989e-003
  2.9274010e+003  1.4483407e-003
  2.9291150e+003  1.3528822e-003
  2.9308330e+003  2.4474694e-003
  2.9325510e+003  1.0071568e-003
  2.9342720e+003 -2.4859169e-003
  2.9359950e+003 -1.7274367e-003
  2.9377200e+003  1.9296140e-003
  2.9394480e+003  4.4387128e-004
  2.9411760e+003  1.6764197e-003
  2.9429070e+003 -6.3865306e-004
  2.9446410e+003  6.5814145e-004
  2.9463760e+003  8.1077428e-004
  2.9481130e+003  5.4053921e-004
  2.9498520e+003  1.5485631e-003
  2.9515940e+003  3.1246892e-003
  2.9533370e+003 -5.7433330e-004
  2.9550830e+003 -5.0252951e-003
  2.9568300e+003  3.1517090e-003
  2.9585800e+003 -1.7596011e-003
  2.9603320e+003 -1.2775229e-003
  2.9620850e+003 -5.5525108e-004
  2.9638410e+003  2.6023423e-004
  2.9655990e+003 -1.2867178e-003
  2.9673590e+003  2.3689264e-004
  2.9691210e+003 -2.0642648e-003
  2.9708850e+003 -3.3354771e-004
  2.9726520e+003  5.3475966e-004
  2.9744200e+003  4.8169862e-003
  2.9761910e+003  2.9937471e-003
  2.9779630e+003  4.1682916e-003
  2.9797380e+003  6.8563968e-004
  2.9815150e+003 -6.5600895e-004
  2.9832930e+003  1.3387051e-003
  2.9850750e+003 -4.9863197e-004
  2.9868580e+003 -3.0075482e-004
  2.9886430e+003  8.7864319e-004
  2.9904300e+003  9.8023145e-004
  2.9922200e+003 -1.5742993e-003
  2.9940120e+003  1.4417374e-003
  2.9958060e+003  1.6136944e-003
  2.9976020e+003 -6.1968889e-004
  2.9994000e+003 -8.0954877e-004
  3.0012000e+003  0.0000000e+000
  3.0030030e+003  0.0000000e+000
  3.0048080e+003  0.0000000e+000
  3.0066150e+003  0.0000000e+000
  3.0084240e+003  0.0000000e+000
  3.0102350e+003  0.0000000e+000
  3.0120480e+003  0.0000000e+000
  3.0138640e+003  0.0000000e+000
  3.0156820e+003  0.0000000e+000
  3.0175020e+003  0.0000000e+000
  3.0193240e+003  0.0000000e+000
  3.0211480e+003  0.0000000e+000
  3.0229750e+003  0.0000000e+000
  3.0248030e+003  0.0000000e+000
  3.0266350e+003  0.0000000e+000
  3.0284680e+003  0.0000000e+000
  3.0303030e+003  0.0000000e+000
  3.0321410e+003  0.0000000e+000
  3.0339800e+003  0.0000000e+000
  3.0358230e+003  0.0000000e+000
  3.0376670e+003  0.0000000e+000
  3.0395140e+003  0.0000000e+000
  3.0413630e+003  0.0000000e+000
  3.0432140e+003  0.0000000e+000
  3.0450670e+003  0.0000000e+000
  3.0469230e+003  0.0000000e+000
  3.0487810e+003  0.0000000e+000
  3.0506410e+003  0.0000000e+000
  3.0525030e+003  0.0000000e+000
  3.0543680e+003  0.0000000e+000
  3.0562350e+003  0.0000000e+000
  3.0581040e+003  0.0000000e+000
  3.0599760e+003  0.0000000e+000
  3.0618490e+003  0.0000000e+000
  3.0637260e+003  0.0000000e+000
  3.0656040e+003  0.0000000e+000
  3.0674850e+003  0.0000000e+000
  3.0693680e+003  0.0000000e+000
  3.0712530e+003  0.0000000e+000
  3.0731410e+003  0.0000000e+000
  3.0750310e+003  0.0000000e+000
  3.0769230e+003  0.0000000e+000
  3.0788180e+003  0.0000000e+000
  3.0807150e+003  0.0000000e+000
  3.0826140e+003  0.0000000e+000
  3.0845160e+003  0.0000000e+000
  3.0864200e+003  0.0000000e+000
  3.0883260e+003  0.0000000e+000
  3.0902350e+003  0.0000000e+000
  3.0921460e+003  0.0000000e+000
  3.0940590e+003  0.0000000e+000
  3.0959750e+003  0.0000000e+000
  3.0978940e+003  0.0000000e+000
  3.0998140e+003  0.0000000e+000
  3.1017370e+003  0.0000000e+000
  3.1036620e+003  0.0000000e+000
  3.1055900e+003  0.0000000e+000
  3.1075200e+003  0.0000000e+000
  3.1094530e+003  0.0000000e+000
  3.1113880e+003  0.0000000e+000
  3.1133250e+003  0.0000000e+000
  3.1152650e+003  0.0000000e+000
  3.1172070e+003  0.0000000e+000
  3.1191520e+003  0.0000000e+000
  3.1210990e+003  0.0000000e+000
  3.1230480e+003  0.0000000e+000
  3.1250000e+003  0.0000000e+000
  3.1269540e+003  0.0000000e+000
  3.1289110e+003  0.0000000e+000
  3.1308700e+003  0.0000000e+000
  3.1328320e+003  0.0000000e+000
  3.1347960e+003  0.0000000e+000
  3.1367630e+003  0.0000000e+000
  3.1387320e+003  0.0000000e+000
  3.1407040e+003  0.0000000e+000
  3.1426780e+003  0.0000000e+000
  3.1446540e+003  0.0000000e+000
  3.1466330e+003  0.0000000e+000
  3.1486150e+003  0.0000000e+000
  3.1505990e+003  0.0000000e+000
  3.1525850e+003  0.0000000e+000
  3.1545740e+003  0.0000000e+000
  3.1565660e+003  0.0000000e+000
  3.1585600e+003  0.0000000e+000
  3.1605560e+003  0.0000000e+000
  3.1625550e+003  0.0000000e+000
  3.1645570e+003  0.0000000e+000
  3.1665610e+003  0.0000000e+000
  3.1685680e+003  0.0000000e+000
  3.1705770e+003  0.0000000e+000
  3.1725890e+003  0.0000000e+000
  3.1746030e+003  0.0000000e+000
  3.1766200e+003  0.0000000e+000
  3.1786400e+003  0.0000000e+000
  3.1806620e+003  0.0000000e+000
  3.1826860e+003  0.0000000e+000
  3.1847130e+003  0.0000000e+000
  3.1867430e+003  0.0000000e+000
  3.1887760e+003  0.0000000e+000
  3.1908100e+003  0.0000000e+000
  3.1928480e+003  0.0000000e+000
  3.1948880e+003  0.0000000e+000
  3.1969310e+003  0.0000000e+000
  3.1989760e+003  0.0000000e+000
  3.2010240e+003  0.0000000e+000
  3.2030750e+003  0.0000000e+000
  3.2051280e+003  0.0000000e+000
  3.2071840e+003  0.0000000e+000
  3.2092430e+003  0.0000000e+000
  3.2113040e+003  0.0000000e+000
  3.2133680e+003  0.0000000e+000
  3.2154340e+003  0.0000000e+000
  3.2175030e+003  0.0000000e+000
  3.2195750e+003  0.0000000e+000
  3.2216490e+003  0.0000000e+000
  3.2237270e+003  0.0000000e+000
  3.2258070e+003  0.0000000e+000
  3.2278890e+003  0.0000000e+000
  3.2299740e+003  0.0000000e+000
  3.2320620e+003  0.0000000e+000
  3.2341530e+003  0.0000000e+000
  3.2362460e+003  0.0000000e+000
  3.2383420e+003  0.0000000e+000
  3.2404410e+003  0.0000000e+000
  3.2425420e+003  0.0000000e+000
  3.2446460e+003  0.0000000e+000
  3.2467530e+003  0.0000000e+000
  3.2488630e+003  0.0000000e+000
  3.2509750e+003  0.0000000e+000
  3.2530910e+003  0.0000000e+000
  3.2552080e+003  0.0000000e+000
  3.2573290e+003  0.0000000e+000
  3.2594520e+003  0.0000000e+000
  3.2615790e+003  0.0000000e+000
  3.2637080e+003  0.0000000e+000
  3.2658390e+003  0.0000000e+000
  3.2679740e+003  0.0000000e+000
  3.2701110e+003  0.0000000e+000
  3.2722510e+003  0.0000000e+000
  3.2743940e+003  0.0000000e+000
  3.2765400e+003  0.0000000e+000
  3.2786880e+003  0.0000000e+000
  3.2808400e+003  0.0000000e+000
  3.2829940e+003  0.0000000e+000
  3.2851510e+003  0.0000000e+000
  3.2873110e+003  0.0000000e+000
  3.2894740e+003  0.0000000e+000
  3.2916390e+003  0.0000000e+000
  3.2938080e+003  0.0000000e+000
  3.2959790e+003  0.0000000e+000
  3.2981530e+003  0.0000000e+000
  3.3003300e+003  0.0000000e+000
  3.3025100e+003  0.0000000e+000
  3.3046930e+003  0.0000000e+000
  3.3068780e+003  0.0000000e+000
  3.3090670e+003  0.0000000e+000
  3.3112580e+003  0.0000000e+000
  3.3134530e+003  0.0000000e+000
  3.3156500e+003  0.0000000e+000
  3.3178500e+003  0.0000000e+000
  3.3200530e+003  0.0000000e+000
  3.3222590e+003  0.0000000e+000
  3.3244680e+003  0.0000000e+000
  3.3266800e+003  0.0000000e+000
  3.3288950e+003  0.0000000e+000
  3.3311130e+003  0.0000000e+000
  3.3333330e+003  0.0000000e+000
  3.3355570e+003  0.0000000e+000
  3.3377840e+003  0.0000000e+000
  3.3400130e+003  0.0000000e+000
  3.3422460e+003  0.0000000e+000
  3.3444820e+003  0.0000000e+000
  3.3467200e+003  0.0000000e+000
  3.3489620e+003  0.0000000e+000
  3.3512070e+003  0.0000000e+000
  3.3534540e+003  0.0000000e+000
  3.3557050e+003  0.0000000e+000
  3.3579580e+003  0.0000000e+000
  3.3602150e+003  0.0000000e+000
  3.3624750e+003  0.0000000e+000
  3.3647380e+003  0.0000000e+000
  3.3670030e+003  0.0000000e+000
  3.3692720e+003  0.0000000e+000
  3.3715440e+003  0.0000000e+000
  3.3738190e+003  0.0000000e+000
  3.3760970e+003  0.0000000e+000
  3.3783780e+003  0.0000000e+000
  3.3806630e+003  0.0000000e+000
  3.3829500e+003  0.0000000e+000
  3.3852400e+003  0.0000000e+000
  3.3875340e+003  0.0000000e+000
  3.3898310e+003  0.0000000e+000
  3.3921300e+003  0.0000000e+000
  3.3944330e+003  0.0000000e+000
  3.3967390e+003  0.0000000e+000
  3.3990480e+003  0.0000000e+000
  3.4013610e+003  0.0000000e+000
  3.4036760e+003  0.0000000e+000
  3.4059940e+003  0.0000000e+000
  3.4083160e+003  0.0000000e+000
  3.4106410e+003  0.0000000e+000
  3.4129690e+003  0.0000000e+000
  3.4153010e+003  0.0000000e+000
  3.4176350e+003  0.0000000e+000
  3.4199730e+003  0.0000000e+000
  3.4223130e+003  0.0000000e+000
  3.4246570e+003  0.0000000e+000
  3.4270050e+003  0.0000000e+000
  3.4293550e+003  0.0000000e+000
  3.4317090e+003  0.0000000e+000
  3.4340660e+003  0.0000000e+000
  3.4364260e+003  0.0000000e+000
  3.4387900e+003  0.0000000e+000
  3.4411560e+003  0.0000000e+000
  3.4435260e+003  0.0000000e+000
  3.4458990e+003  0.0000000e+000
  3.4482760e+003  0.0000000e+000
  3.4506560e+003  0.0000000e+000
  3.4530390e+003  0.0000000e+000
  3.4554250e+003  0.0000000e+000
  3.4578150e+003  0.0000000e+000
  3.4602080e+003  0.0000000e+000
  3.4626040e+003  0.0000000e+000
  3.4650040e+003  0.0000000e+000
  3.4674060e+003  0.0000000e+000
  3.4698130e+003  0.0000000e+000
  3.4722220e+003  0.0000000e+000
  3.4746350e+003  0.0000000e+000
  3.4770520e+003  0.0000000e+000
  3.4794710e+003  0.0000000e+000
  3.4818940e+003  0.0000000e+000
  3.4843210e+003  0.0000000e+000
  3.4867500e+003  0.0000000e+000
  3.4891840e+003  0.0000000e+000
  3.4916200e+003  0.0000000e+000
  3.4940600e+003  0.0000000e+000
  3.4965040e+003  0.0000000e+000
  3.4989500e+003  0.0000000e+000
  3.5014010e+003  0.0000000e+000
  3.5038540e+003  0.0000000e+000
  3.5063110e+003  0.0000000e+000
  3.5087720e+003  0.0000000e+000
  3.5112360e+003  0.0000000e+000
  3.5137040e+003  0.0000000e+000
  3.5161740e+003  0.0000000e+000
  3.5186490e+003  0.0000000e+000
  3.5211270e+003  0.0000000e+000
  3.5236080e+003  0.0000000e+000
  3.5260930e+003  0.0000000e+000
  3.5285810e+003  0.0000000e+000
  3.5310730e+003  0.0000000e+000
  3.5335690e+003  0.0000000e+000
  3.5360680e+003  0.0000000e+000
  3.5385710e+003  0.0000000e+000
  3.5410770e+003  0.0000000e+000
  3.5435860e+003  0.0000000e+000
  3.5460990e+003  0.0000000e+000
  3.5486160e+003  0.0000000e+000
  3.5511360e+003  0.0000000e+000
  3.5536600e+003  0.0000000e+000
  3.5561880e+003  0.0000000e+000
  3.5587190e+003  0.0000000e+000
  3.5612530e+003  0.0000000e+000
  3.5637920e+003  0.0000000e+000
  3.5663340e+003  0.0000000e+000
  3.5688790e+003  0.0000000e+000
  3.5714290e+003  0.0000000e+000
  3.5739810e+003  0.0000000e+000
  3.5765380e+003  0.0000000e+000
  3.5790980e+003  0.0000000e+000
  3.5816620e+003  0.0000000e+000
  3.5842290e+003  0.0000000e+000
  3.5868010e+003  0.0000000e+000
  3.5893750e+003  0.0000000e+000
  3.5919540e+003  0.0000000e+000
  3.5945360e+003  0.0000000e+000
  3.5971220e+003  0.0000000e+000
  3.5997120e+003  0.0000000e+000
  3.6023050e+003  0.0000000e+000
  3.6049030e+003  0.0000000e+000
  3.6075030e+003  0.0000000e+000
  3.6101080e+003  0.0000000e+000
  3.6127170e+003  0.0000000e+000
  3.6153290e+003  0.0000000e+000
  3.6179450e+003  0.0000000e+000
  3.6205650e+003  0.0000000e+000
  3.6231880e+003  0.0000000e+000
  3.6258160e+003  0.0000000e+000
  3.6284470e+003  0.0000000e+000
  3.6310820e+003  0.0000000e+000
  3.6337210e+003  0.0000000e+000
  3.6363640e+003  0.0000000e+000
  3.6390100e+003  0.0000000e+000
  3.6416610e+003  0.0000000e+000
  3.6443150e+003  0.0000000e+000
  3.6469730e+003  0.0000000e+000
  3.6496350e+003  0.0000000e+000
  3.6523010e+003  0.0000000e+000
  3.6549710e+003  0.0000000e+000
  3.6576450e+003  0.0000000e+000
  3.6603220e+003  0.0000000e+000
  3.6630040e+003  0.0000000e+000
  3.6656890e+003  0.0000000e+000
  3.6683780e+003  0.0000000e+000
  3.6710720e+003  0.0000000e+000
  3.6737700e+003  0.0000000e+000
  3.6764700e+003  0.0000000e+000
  3.6791760e+003  0.0000000e+000
  3.6818850e+003  0.0000000e+000
  3.6845980e+003  0.0000000e+000
  3.6873160e+003  0.0000000e+000
  3.6900370e+003  0.0000000e+000
  3.6927620e+003  0.0000000e+000
  3.6954910e+003  0.0000000e+000
  3.6982250e+003  0.0000000e+000
  3.7009620e+003  0.0000000e+000
  3.7037040e+003  0.0000000e+000
  3.7064490e+003  0.0000000e+000
  3.7091990e+003  0.0000000e+000
  3.7119520e+003  0.0000000e+000
  3.7147100e+003  0.0000000e+000
  3.7174720e+003  0.0000000e+000
  3.7202380e+003  0.0000000e+000
  3.7230080e+003  0.0000000e+000
  3.7257820e+003  0.0000000e+000
  3.7285610e+003  0.0000000e+000
  3.7313430e+003  0.0000000e+000
  3.7341300e+003  0.0000000e+000
  3.7369210e+003  0.0000000e+000
  3.7397160e+003  0.0000000e+000
  3.7425150e+003  0.0000000e+000
  3.7453180e+003  0.0000000e+000
  3.7481260e+003  0.0000000e+000
  3.7509380e+003  0.0000000e+000
  3.7537540e+003  0.0000000e+000
  3.7565740e+003  0.0000000e+000
  3.7593980e+003  0.0000000e+000
  3.7622270e+003  0.0000000e+000
  3.7650600e+003  0.0000000e+000
  3.7678970e+003  0.0000000e+000
  3.7707390e+003  0.0000000e+000
  3.7735850e+003  0.0000000e+000
  3.7764350e+003  0.0000000e+000
  3.7792900e+003  0.0000000e+000
  3.7821480e+003  0.0000000e+000
  3.7850110e+003  0.0000000e+000
  3.7878790e+003  0.0000000e+000
  3.7907500e+003  0.0000000e+000
  3.7936270e+003  0.0000000e+000
  3.7965070e+003  0.0000000e+000
  3.7993920e+003  0.0000000e+000
  3.8022810e+003  0.0000000e+000
  3.8051750e+003  0.0000000e+000
  3.8080730e+003  0.0000000e+000
  3.8109760e+003  0.0000000e+000
  3.8138830e+003  0.0000000e+000
  3.8167940e+003  0.0000000e+000
  3.8197100e+003  0.0000000e+000
  3.8226300e+003  0.0000000e+000
  3.8255550e+003  0.0000000e+000
  3.8284840e+003  0.0000000e+000
  3.8314180e+003  0.0000000e+000
  3.8343560e+003  0.0000000e+000
  3.8372990e+003  0.0000000e+000
  3.8402460e+003  0.0000000e+000
  3.8431980e+003  0.0000000e+000
  3.8461540e+003  0.0000000e+000
  3.8491150e+003  0.0000000e+000
  3.8520800e+003  0.0000000e+000
  3.8550500e+003  0.0000000e+000
  3.8580250e+003  0.0000000e+000
  3.8610040e+003  0.0000000e+000
  3.8639880e+003  0.0000000e+000
  3.8669760e+003  0.0000000e+000
  3.8699690e+003  0.0000000e+000
  3.8729670e+003  0.0000000e+000
  3.8759690e+003  0.0000000e+000
  3.8789760e+003  0.0000000e+000
  3.8819880e+003  0.0000000e+000
  3.8850040e+003  0.0000000e+000
  3.8880250e+003  0.0000000e+000
  3.8910510e+003  0.0000000e+000
  3.8940810e+003  0.0000000e+000
  3.8971160e+003  0.0000000e+000
  3.9001560e+003  0.0000000e+000
  3.9032010e+003  0.0000000e+000
  3.9062500e+003  0.0000000e+000
  3.9093040e+003  0.0000000e+000
  3.9123630e+003  0.0000000e+000
  3.9154270e+003  0.0000000e+000
  3.9184950e+003  0.0000000e+000
  3.9215690e+003  0.0000000e+000
  3.9246470e+003  0.0000000e+000
  3.9277300e+003  0.0000000e+000
  3.9308180e+003  0.0000000e+000
  3.9339100e+003  0.0000000e+000
  3.9370080e+003  0.0000000e+000
  3.9401100e+003  0.0000000e+000
  3.9432180e+003  0.0000000e+000
  3.9463300e+003  0.0000000e+000
  3.9494470e+003  0.0000000e+000
  3.9525690e+003  0.0000000e+000
  3.9556960e+003  0.0000000e+000
  3.9588280e+003  0.0000000e+000
  3.9619650e+003  0.0000000e+000
  3.9651070e+003  0.0000000e+000
  3.9682540e+003  0.0000000e+000
  3.9714060e+003  0.0000000e+000
  3.9745630e+003  0.0000000e+000
  3.9777250e+003  0.0000000e+000
  3.9808920e+003  0.0000000e+000
  3.9840640e+003  0.0000000e+000
  3.9872410e+003  0.0000000e+000
  3.9904230e+003  0.0000000e+000
  3.9936100e+003  0.0000000e+000
  3.9968020e+003  0.0000000e+000
  4.0000000e+003  0.0000000e+000
