  1.6672220e+003  0.0000000e+000
  1.6677790e+003  0.0000000e+000
  1.6683350e+003  0.0000000e+000
  1.6688920e+003  0.0000000e+000
  1.6694490e+003  0.0000000e+000
  1.6700070e+003  0.0000000e+000
  1.6705650e+003  0.0000000e+000
  1.6711230e+003  0.0000000e+000
  1.6716820e+003  0.0000000e+000
  1.6722410e+003  0.0000000e+000
  1.6728000e+003  0.0000000e+000
  1.6733600e+003  0.0000000e+000
  1.6739200e+003  0.0000000e+000
  1.6744810e+003  0.0000000e+000
  1.6750420e+003  0.0000000e+000
  1.6756030e+003  0.0000000e+000
  1.6761650e+003  0.0000000e+000
  1.6767270e+003  0.0000000e+000
  1.6772900e+003  0.0000000e+000
  1.6778520e+003  0.0000000e+000
  1.6784160e+003  0.0000000e+000
  1.6789790e+003  0.0000000e+000
  1.6795430e+003  0.0000000e+000
  1.6801080e+003  0.0000000e+000
  1.6806720e+003  0.0000000e+000
  1.6812370e+003  0.0000000e+000
  1.6818030e+003  0.0000000e+000
  1.6823690e+003  0.0000000e+000
  1.6829350e+003  0.0000000e+000
  1.6835020e+003  0.0000000e+000
  1.6840690e+003  0.0000000e+000
  1.6846360e+003  0.0000000e+000
  1.6852040e+003  0.0000000e+000
  1.6857720e+003  0.0000000e+000
  1.6863410e+003  0.0000000e+000
  1.6869100e+003  0.0000000e+000
  1.6874790e+003  0.0000000e+000
  1.6880490e+003  0.0000000e+000
  1.6886190e+003  0.0000000e+000
  1.6891890e+003  0.0000000e+000
  1.6897600e+003  0.0000000e+000
  1.6903310e+003  0.0000000e+000
  1.6909030e+003  0.0000000e+000
  1.6914750e+003  0.0000000e+000
  1.6920470e+003  0.0000000e+000
  1.6926200e+003  0.0000000e+000
  1.6931930e+003  0.0000000e+000
  1.6937670e+003  0.0000000e+000
  1.6943410e+003  0.0000000e+000
  1.6949150e+003  0.0000000e+000
  1.6954900e+003  0.0000000e+000
  1.6960650e+003  0.0000000e+000
  1.6966410e+003  0.0000000e+000
  1.6972170e+003  0.0000000e+000
  1.6977930e+003  0.0000000e+000
  1.6983700e+003  0.0000000e+000
  1.6989470e+003  0.0000000e+000
  1.6995240e+003  0.0000000e+000
  1.7001020e+003  0.0000000e+000
  1.7006800e+003  0.0000000e+000
  1.7012590e+003  0.0000000e+000
  1.7018380e+003  0.0000000e+000
  1.7024170e+003  0.0000000e+000
  1.7029970e+003  0.0000000e+000
  1.7035780e+003  0.0000000e+000
  1.7041580e+003  0.0000000e+000
  1.7047390e+003  0.0000000e+000
  1.7053210e+003  0.0000000e+000
  1.7059020e+003  0.0000000e+000
  1.7064850e+003  0.0000000e+000
  1.7070670e+003  0.0000000e+000
  1.7076500e+003  0.0000000e+000
  1.7082340e+003  0.0000000e+000
  1.7088170e+003  0.0000000e+000
  1.7094020e+003  0.0000000e+000
  1.7099860e+003  0.0000000e+000
  1.7105710e+003  0.0000000e+000
  1.7111570e+003  0.0000000e+000
  1.7117430e+003  0.0000000e+000
  1.7123290e+003  0.0000000e+000
  1.7129150e+003  0.0000000e+000
  1.7135020e+003  0.0000000e+000
  1.7140900e+003  0.0000000e+000
  1.7146780e+003  0.0000000e+000
  1.7152660e+003  0.0000000e+000
  1.7158540e+003  0.0000000e+000
  1.7164430e+003  0.0000000e+000
  1.7170330e+003  0.0000000e+000
  1.7176230e+003  0.0000000e+000
  1.7182130e+003  0.0000000e+000
  1.7188040e+003  0.0000000e+000
  1.7193950e+003  0.0000000e+000
  1.7199860e+003  0.0000000e+000
  1.7205780e+003  0.0000000e+000
  1.7211700e+003  0.0000000e+000
  1.7217630e+003  0.0000000e+000
  1.7223560e+003  0.0000000e+000
  1.7229500e+003  0.0000000e+000
  1.7235440e+003  0.0000000e+000
  1.7241380e+003  0.0000000e+000
  1.7247330e+003  0.0000000e+000
  1.7253280e+003  0.0000000e+000
  1.7259230e+003  0.0000000e+000
  1.7265190e+003  0.0000000e+000
  1.7271160e+003  0.0000000e+000
  1.7277130e+003  0.0000000e+000
  1.7283100e+003  0.0000000e+000
  1.7289070e+003  0.0000000e+000
  1.7295050e+003  0.0000000e+000
  1.7301040e+003  0.0000000e+000
  1.7307030e+003  0.0000000e+000
  1.7313020e+003  0.0000000e+000
  1.7319020e+003  0.0000000e+000
  1.7325020e+003  0.0000000e+000
  1.7331020e+003  0.0000000e+000
  1.7337030e+003  0.0000000e+000
  1.7343050e+003  0.0000000e+000
  1.7349060e+003  0.0000000e+000
  1.7355080e+003  0.0000000e+000
  1.7361110e+003  0.0000000e+000
  1.7367140e+003  0.0000000e+000
  1.7373180e+003  0.0000000e+000
  1.7379210e+003  0.0000000e+000
  1.7385260e+003  0.0000000e+000
  1.7391300e+003  0.0000000e+000
  1.7397350e+003  0.0000000e+000
  1.7403410e+003  0.0000000e+000
  1.7409470e+003  0.0000000e+000
  1.7415530e+003  0.0000000e+000
  1.7421600e+003  0.0000000e+000
  1.7427680e+003  0.0000000e+000
  1.7433750e+003  0.0000000e+000
  1.7439830e+003  0.0000000e+000
  1.7445920e+003  0.0000000e+000
  1.7452010e+003  0.0000000e+000
  1.7458100e+003  0.0000000e+000
  1.7464200e+003  0.0000000e+000
  1.7470300e+003  0.0000000e+000
  1.7476410e+003  0.0000000e+000
  1.7482520e+003  0.0000000e+000
  1.7488630e+003  0.0000000e+000
  1.7494750e+003  0.0000000e+000
  1.7500870e+003  0.0000000e+000
  1.7507000e+003  0.0000000e+000
  1.7513130e+003  0.0000000e+000
  1.7519270e+003  0.0000000e+000
  1.7525410e+003  0.0000000e+000
  1.7531560e+003  0.0000000e+000
  1.7537710e+003  0.0000000e+000
  1.7543860e+003  0.0000000e+000
  1.7550020e+003  0.0000000e+000
  1.7556180e+003  0.0000000e+000
  1.7562350e+003  0.0000000e+000
  1.7568520e+003  0.0000000e+000
  1.7574690e+003  0.0000000e+000
  1.7580870e+003  0.0000000e+000
  1.7587060e+003  0.0000000e+000
  1.7593240e+003  0.0000000e+000
  1.7599440e+003  0.0000000e+000
  1.7605630e+003  0.0000000e+000
  1.7611830e+003  0.0000000e+000
  1.7618040e+003  0.0000000e+000
  1.7624250e+003  0.0000000e+000
  1.7630470e+003  0.0000000e+000
  1.7636680e+003  0.0000000e+000
  1.7642910e+003  0.0000000e+000
  1.7649140e+003  0.0000000e+000
  1.7655370e+003  0.0000000e+000
  1.7661600e+003  0.0000000e+000
  1.7667850e+003  0.0000000e+000
  1.7674090e+003  0.0000000e+000
  1.7680340e+003  0.0000000e+000
  1.7686590e+003  0.0000000e+000
  1.7692850e+003  0.0000000e+000
  1.7699110e+003  0.0000000e+000
  1.7705380e+003  0.0000000e+000
  1.7711650e+003  0.0000000e+000
  1.7717930e+003  0.0000000e+000
  1.7724220e+003  0.0000000e+000
  1.7730500e+003  0.0000000e+000
  1.7736790e+003  0.0000000e+000
  1.7743080e+003  0.0000000e+000
  1.7749380e+003  0.0000000e+000
  1.7755680e+003  0.0000000e+000
  1.7761990e+003  0.0000000e+000
  1.7768300e+003  0.0000000e+000
  1.7774620e+003  0.0000000e+000
  1.7780940e+003  0.0000000e+000
  1.7787260e+003  0.0000000e+000
  1.7793590e+003  0.0000000e+000
  1.7799930e+003  0.0000000e+000
  1.7806270e+003  0.0000000e+000
  1.7812610e+003  0.0000000e+000
  1.7818960e+003  0.0000000e+000
  1.7825310e+003  0.0000000e+000
  1.7831670e+003  0.0000000e+000
  1.7838030e+003  0.0000000e+000
  1.7844400e+003  0.0000000e+000
  1.7850770e+003  0.0000000e+000
  1.7857140e+003  0.0000000e+000
  1.7863520e+003  0.0000000e+000
  1.7869910e+003  0.0000000e+000
  1.7876300e+003  0.0000000e+000
  1.7882690e+003  0.0000000e+000
  1.7889090e+003  0.0000000e+000
  1.7895490e+003  0.0000000e+000
  1.7901900e+003  0.0000000e+000
  1.7908310e+003  0.0000000e+000
  1.7914730e+003  0.0000000e+000
  1.7921150e+003  0.0000000e+000
  1.7927580e+003  0.0000000e+000
  1.7934000e+003  0.0000000e+000
  1.7940440e+003  0.0000000e+000
  1.7946880e+003  0.0000000e+000
  1.7953320e+003  0.0000000e+000
  1.7959770e+003  0.0000000e+000
  1.7966220e+003  0.0000000e+000
  1.7972680e+003  0.0000000e+000
  1.7979140e+003  0.0000000e+000
  1.7985610e+003  0.0000000e+000
  1.7992080e+003  0.0000000e+000
  1.7998560e+003  0.0000000e+000
  1.8005040e+003  0.0000000e+000
  1.8011530e+003  0.0000000e+000
  1.8018020e+003  0.0000000e+000
  1.8024510e+003  0.0000000e+000
  1.8031010e+003  0.0000000e+000
  1.8037520e+003  0.0000000e+000
  1.8044030e+003  0.0000000e+000
  1.8050540e+003  0.0000000e+000
  1.8057060e+003  0.0000000e+000
  1.8063580e+003  0.0000000e+000
  1.8070110e+003  0.0000000e+000
  1.8076640e+003  0.0000000e+000
  1.8083180e+003  0.0000000e+000
  1.8089730e+003  0.0000000e+000
  1.8096270e+003  0.0000000e+000
  1.8102820e+003  0.0000000e+000
  1.8109380e+003  0.0000000e+000
  1.8115940e+003  0.0000000e+000
  1.8122510e+003  0.0000000e+000
  1.8129080e+003  0.0000000e+000
  1.8135650e+003  0.0000000e+000
  1.8142240e+003  0.0000000e+000
  1.8148820e+003  0.0000000e+000
  1.8155410e+003  0.0000000e+000
  1.8162000e+003  0.0000000e+000
  1.8168600e+003  0.0000000e+000
  1.8175210e+003  0.0000000e+000
  1.8181820e+003  0.0000000e+000
  1.8188430e+003  0.0000000e+000
  1.8195050e+003  0.0000000e+000
  1.8201670e+003  0.0000000e+000
  1.8208300e+003  0.0000000e+000
  1.8214940e+003  0.0000000e+000
  1.8221570e+003  0.0000000e+000
  1.8228220e+003  0.0000000e+000
  1.8234860e+003  0.0000000e+000
  1.8241520e+003  0.0000000e+000
  1.8248180e+003  0.0000000e+000
  1.8254840e+003  0.0000000e+000
  1.8261510e+003  0.0000000e+000
  1.8268180e+003  0.0000000e+000
  1.8274850e+003  0.0000000e+000
  1.8281540e+003  0.0000000e+000
  1.8288220e+003  0.0000000e+000
  1.8294910e+003  0.0000000e+000
  1.8301610e+003  0.0000000e+000
  1.8308310e+003  0.0000000e+000
  1.8315020e+003  0.0000000e+000
  1.8321730e+003  0.0000000e+000
  1.8328450e+003  0.0000000e+000
  1.8335170e+003  0.0000000e+000
  1.8341890e+003  0.0000000e+000
  1.8348620e+003  0.0000000e+000
  1.8355360e+003  0.0000000e+000
  1.8362100e+003  0.0000000e+000
  1.8368850e+003  0.0000000e+000
  1.8375600e+003  0.0000000e+000
  1.8382350e+003  0.0000000e+000
  1.8389110e+003  0.0000000e+000
  1.8395880e+003  0.0000000e+000
  1.8402650e+003  0.0000000e+000
  1.8409430e+003  0.0000000e+000
  1.8416210e+003  0.0000000e+000
  1.8422990e+003  0.0000000e+000
  1.8429780e+003  0.0000000e+000
  1.8436580e+003  0.0000000e+000
  1.8443380e+003  0.0000000e+000
  1.8450180e+003  0.0000000e+000
  1.8456990e+003  0.0000000e+000
  1.8463810e+003  0.0000000e+000
  1.8470630e+003  0.0000000e+000
  1.8477460e+003  0.0000000e+000
  1.8484290e+003  0.0000000e+000
  1.8491130e+003  0.0000000e+000
  1.8497970e+003  0.0000000e+000
  1.8504810e+003  0.0000000e+000
  1.8511660e+003  0.0000000e+000
  1.8518520e+003  0.0000000e+000
  1.8525380e+003  0.0000000e+000
  1.8532250e+003  0.0000000e+000
  1.8539120e+003  0.0000000e+000
  1.8546000e+003  0.0000000e+000
  1.8552880e+003  0.0000000e+000
  1.8559760e+003  0.0000000e+000
  1.8566650e+003  0.0000000e+000
  1.8573550e+003  0.0000000e+000
  1.8580450e+003  0.0000000e+000
  1.8587360e+003  0.0000000e+000
  1.8594270e+003  0.0000000e+000
  1.8601190e+003  0.0000000e+000
  1.8608110e+003  0.0000000e+000
  1.8615040e+003  0.0000000e+000
  1.8621970e+003  0.0000000e+000
  1.8628910e+003  0.0000000e+000
  1.8635850e+003  0.0000000e+000
  1.8642800e+003  0.0000000e+000
  1.8649760e+003  0.0000000e+000
  1.8656720e+003  0.0000000e+000
  1.8663680e+003  0.0000000e+000
  1.8670650e+003  0.0000000e+000
  1.8677620e+003  0.0000000e+000
  1.8684600e+003  0.0000000e+000
  1.8691590e+003  0.0000000e+000
  1.8698580e+003  0.0000000e+000
  1.8705570e+003  0.0000000e+000
  1.8712580e+003  0.0000000e+000
  1.8719580e+003  0.0000000e+000
  1.8726590e+003  0.0000000e+000
  1.8733610e+003  0.0000000e+000
  1.8740630e+003  0.0000000e+000
  1.8747660e+003  0.0000000e+000
  1.8754690e+003  0.0000000e+000
  1.8761730e+003  0.0000000e+000
  1.8768770e+003  0.0000000e+000
  1.8775820e+003  0.0000000e+000
  1.8782870e+003  0.0000000e+000
  1.8789930e+003  0.0000000e+000
  1.8796990e+003  0.0000000e+000
  1.8804060e+003  0.0000000e+000
  1.8811140e+003  0.0000000e+000
  1.8818220e+003  0.0000000e+000
  1.8825300e+003  0.0000000e+000
  1.8832390e+003  0.0000000e+000
  1.8839490e+003  0.0000000e+000
  1.8846590e+003  0.0000000e+000
  1.8853700e+003  0.0000000e+000
  1.8860810e+003  0.0000000e+000
  1.8867920e+003  0.0000000e+000
  1.8875050e+003  0.0000000e+000
  1.8882180e+003  0.0000000e+000
  1.8889310e+003  0.0000000e+000
  1.8896450e+003  0.0000000e+000
  1.8903590e+003  0.0000000e+000
  1.8910740e+003  0.0000000e+000
  1.8917900e+003  0.0000000e+000
  1.8925060e+003  0.0000000e+000
  1.8932220e+003  0.0000000e+000
  1.8939390e+003  0.0000000e+000
  1.8946570e+003  0.0000000e+000
  1.8953750e+003  0.0000000e+000
  1.8960940e+003  0.0000000e+000
  1.8968130e+003  0.0000000e+000
  1.8975330e+003  0.0000000e+000
  1.8982540e+003  0.0000000e+000
  1.8989750e+003  0.0000000e+000
  1.8996960e+003  0.0000000e+000
  1.9004180e+003  0.0000000e+000
  1.9011410e+003  0.0000000e+000
  1.9018640e+003  0.0000000e+000
  1.9025880e+003  0.0000000e+000
  1.9033120e+003  0.0000000e+000
  1.9040370e+003  0.0000000e+000
  1.9047620e+003  0.0000000e+000
  1.9054880e+003  0.0000000e+000
  1.9062140e+003  0.0000000e+000
  1.9069410e+003  0.0000000e+000
  1.9076690e+003  0.0000000e+000
  1.9083970e+003  0.0000000e+000
  1.9091260e+003  0.0000000e+000
  1.9098550e+003  0.0000000e+000
  1.9105850e+003  0.0000000e+000
  1.9113150e+003  0.0000000e+000
  1.9120460e+003  0.0000000e+000
  1.9127770e+003  0.0000000e+000
  1.9135090e+003  0.0000000e+000
  1.9142420e+003  0.0000000e+000
  1.9149750e+003  0.0000000e+000
  1.9157090e+003  0.0000000e+000
  1.9164430e+003  0.0000000e+000
  1.9171780e+003  0.0000000e+000
  1.9179130e+003  0.0000000e+000
  1.9186490e+003  0.0000000e+000
  1.9193860e+003  0.0000000e+000
  1.9201230e+003  0.0000000e+000
  1.9208610e+003  0.0000000e+000
  1.9215990e+003  0.0000000e+000
  1.9223380e+003  0.0000000e+000
  1.9230770e+003  0.0000000e+000
  1.9238170e+003  0.0000000e+000
  1.9245570e+003  0.0000000e+000
  1.9252980e+003  0.0000000e+000
  1.9260400e+003  0.0000000e+000
  1.9267820e+003  0.0000000e+000
  1.9275250e+003  0.0000000e+000
  1.9282680e+003  0.0000000e+000
  1.9290120e+003  0.0000000e+000
  1.9297570e+003  0.0000000e+000
  1.9305020e+003  0.0000000e+000
  1.9312480e+003  0.0000000e+000
  1.9319940e+003  0.0000000e+000
  1.9327410e+003  0.0000000e+000
  1.9334880e+003  0.0000000e+000
  1.9342360e+003  0.0000000e+000
  1.9349840e+003  0.0000000e+000
  1.9357340e+003  0.0000000e+000
  1.9364830e+003  0.0000000e+000
  1.9372340e+003  0.0000000e+000
  1.9379840e+003  0.0000000e+000
  1.9387360e+003  0.0000000e+000
  1.9394880e+003  0.0000000e+000
  1.9402410e+003  0.0000000e+000
  1.9409940e+003  0.0000000e+000
  1.9417480e+003  0.0000000e+000
  1.9425020e+003  0.0000000e+000
  1.9432570e+003  0.0000000e+000
  1.9440120e+003  0.0000000e+000
  1.9447690e+003  0.0000000e+000
  1.9455250e+003  0.0000000e+000
  1.9462830e+003  0.0000000e+000
  1.9470400e+003  0.0000000e+000
  1.9477990e+003  0.0000000e+000
  1.9485580e+003  0.0000000e+000
  1.9493180e+003  0.0000000e+000
  1.9500780e+003  0.0000000e+000
  1.9508390e+003  0.0000000e+000
  1.9516000e+003  0.0000000e+000
  1.9523620e+003  0.0000000e+000
  1.9531250e+003  0.0000000e+000
  1.9538880e+003  0.0000000e+000
  1.9546520e+003  0.0000000e+000
  1.9554170e+003  0.0000000e+000
  1.9561820e+003  0.0000000e+000
  1.9569480e+003  0.0000000e+000
  1.9577140e+003  0.0000000e+000
  1.9584800e+003  0.0000000e+000
  1.9592480e+003  0.0000000e+000
  1.9600160e+003  0.0000000e+000
  1.9607840e+003  0.0000000e+000
  1.9615540e+003  0.0000000e+000
  1.9623230e+003  0.0000000e+000
  1.9630940e+003  0.0000000e+000
  1.9638650e+003  0.0000000e+000
  1.9646360e+003  0.0000000e+000
  1.9654090e+003  0.0000000e+000
  1.9661820e+003  0.0000000e+000
  1.9669550e+003  0.0000000e+000
  1.9677290e+003  0.0000000e+000
  1.9685040e+003  0.0000000e+000
  1.9692800e+003  0.0000000e+000
  1.9700550e+003  0.0000000e+000
  1.9708320e+003  0.0000000e+000
  1.9716090e+003  0.0000000e+000
  1.9723860e+003  0.0000000e+000
  1.9731650e+003  0.0000000e+000
  1.9739440e+003  0.0000000e+000
  1.9747240e+003  0.0000000e+000
  1.9755040e+003  0.0000000e+000
  1.9762850e+003  0.0000000e+000
  1.9770660e+003  0.0000000e+000
  1.9778480e+003  0.0000000e+000
  1.9786310e+003  0.0000000e+000
  1.9794140e+003  0.0000000e+000
  1.9801980e+003  0.0000000e+000
  1.9809830e+003  0.0000000e+000
  1.9817680e+003  0.0000000e+000
  1.9825530e+003  0.0000000e+000
  1.9833400e+003  0.0000000e+000
  1.9841270e+003  0.0000000e+000
  1.9849150e+003  0.0000000e+000
  1.9857030e+003  0.0000000e+000
  1.9864920e+003  0.0000000e+000
  1.9872810e+003  0.0000000e+000
  1.9880720e+003  0.0000000e+000
  1.9888620e+003  0.0000000e+000
  1.9896540e+003  0.0000000e+000
  1.9904460e+003  0.0000000e+000
  1.9912390e+003  0.0000000e+000
  1.9920320e+003  0.0000000e+000
  1.9928260e+003  0.0000000e+000
  1.9936200e+003  0.0000000e+000
  1.9944160e+003  0.0000000e+000
  1.9952110e+003  0.0000000e+000
  1.9960080e+003  0.0000000e+000
  1.9968050e+003  0.0000000e+000
  1.9976030e+003  0.0000000e+000
  1.9984010e+003  0.0000000e+000
  1.9992000e+003  0.0000000e+000
  2.0000000e+003 -2.0769671e-004
  2.0008000e+003 -1.4977093e-004
  2.0016010e+003  7.6108765e-005
  2.0024030e+003 -5.8746034e-005
  2.0032050e+003  8.2622057e-005
  2.0040080e+003  5.4772940e-005
  2.0048120e+003 -3.4102664e-005
  2.0056160e+003 -7.7688186e-005
  2.0064200e+003 -1.2158095e-004
  2.0072260e+003  2.9763365e-005
  2.0080320e+003  7.8961304e-005
  2.0088390e+003 -1.6800109e-004
  2.0096460e+003 -1.0787403e-006
  2.0104540e+003 -3.5619998e-004
  2.0112630e+003 -1.3952795e-004
  2.0120730e+003 -9.1130576e-005
  2.0128820e+003 -3.6606173e-006
  2.0136930e+003  5.0941202e-005
  2.0145040e+003 -1.2713118e-004
  2.0153160e+003  1.9818493e-005
  2.0161290e+003  2.2309550e-004
  2.0169420e+003 -1.0957480e-006
  2.0177560e+003  2.6429104e-004
  2.0185710e+003 -2.2718019e-005
  2.0193860e+003  2.5665186e-005
  2.0202020e+003 -3.8222930e-005
  2.0210190e+003 -2.8104711e-004
  2.0218360e+003 -3.6903840e-004
  2.0226540e+003 -1.1792250e-004
  2.0234720e+003  2.1371042e-004
  2.0242920e+003  1.4065133e-004
  2.0251110e+003 -6.0652041e-005
  2.0259320e+003  1.5827904e-004
  2.0267530e+003  4.6455304e-004
  2.0275750e+003  1.4066517e-004
  2.0283980e+003  1.4278009e-004
  2.0292210e+003  3.8532511e-004
  2.0300450e+003  6.6165352e-004
  2.0308700e+003  1.7467481e-005
  2.0316940e+003 -8.5301515e-005
  2.0325200e+003 -1.7088233e-004
  2.0333470e+003  7.4683762e-006
  2.0341740e+003 -1.7645421e-004
  2.0350020e+003  5.4104446e-005
  2.0358310e+003 -1.2530774e-004
  2.0366600e+003 -1.6341446e-004
  2.0374900e+003  2.4296909e-004
  2.0383200e+003 -3.9205384e-005
  2.0391520e+003  3.0192223e-004
  2.0399840e+003  3.3291837e-004
  2.0408160e+003  3.8574138e-004
  2.0416500e+003 -3.5568740e-004
  2.0424840e+003 -6.5517146e-004
  2.0433180e+003 -4.8520914e-004
  2.0441540e+003 -2.7496583e-004
  2.0449900e+003  3.0193813e-004
  2.0458270e+003  1.0797194e-005
  2.0466640e+003  4.0953927e-004
  2.0475020e+003  1.4551460e-004
  2.0483410e+003 -4.1303632e-005
  2.0491800e+003  4.3808948e-005
  2.0500210e+003 -1.3816428e-004
  2.0508620e+003 -1.7339821e-004
  2.0517030e+003 -7.9435711e-005
  2.0525450e+003  2.4312799e-004
  2.0533880e+003  4.6871873e-004
  2.0542320e+003  3.6131209e-004
  2.0550760e+003  1.1931070e-004
  2.0559210e+003 -3.8479528e-004
  2.0567670e+003 -3.4622656e-004
  2.0576140e+003  3.4290788e-004
  2.0584600e+003  5.9575407e-004
  2.0593080e+003  1.7670299e-004
  2.0601560e+003  4.3514895e-004
  2.0610060e+003 -3.0070226e-004
  2.0618560e+003 -4.3672635e-004
  2.0627060e+003  2.6531809e-004
  2.0635570e+003  3.4437791e-004
  2.0644100e+003  1.6148202e-004
  2.0652620e+003  2.4991969e-004
  2.0661160e+003 -3.0740333e-004
  2.0669700e+003 -7.2480802e-004
  2.0678250e+003  6.1697752e-004
  2.0686800e+003  2.1556299e-004
  2.0695370e+003  6.6677539e-004
  2.0703930e+003  4.6267527e-005
  2.0712510e+003 -1.0367550e-003
  2.0721090e+003 -3.0841402e-004
  2.0729690e+003  5.3397560e-004
  2.0738280e+003 -4.5387092e-004
  2.0746890e+003 -4.8982917e-004
  2.0755500e+003  1.6116508e-004
  2.0764120e+003 -3.8446952e-004
  2.0772750e+003  4.6277363e-004
  2.0781380e+003  9.4748808e-005
  2.0790020e+003 -1.2168262e-004
  2.0798670e+003  7.5645425e-004
  2.0807320e+003 -2.0172508e-004
  2.0815990e+003  1.2872007e-004
  2.0824660e+003  1.0020133e-003
  2.0833330e+003 -4.8283055e-005
  2.0842020e+003  1.2330258e-004
  2.0850710e+003  2.6850888e-004
  2.0859410e+003  3.5524709e-004
  2.0868120e+003 -7.7898742e-004
  2.0876830e+003 -8.0562185e-004
  2.0885550e+003  1.0069811e-003
  2.0894270e+003 -1.5554779e-005
  2.0903010e+003  5.3479284e-004
  2.0911750e+003  2.1806564e-003
  2.0920500e+003  1.2417142e-003
  2.0929260e+003 -7.0895076e-005
  2.0938020e+003  1.0230257e-003
  2.0946790e+003 -1.2855619e-005
  2.0955570e+003  1.3636558e-003
  2.0964360e+003 -3.7614928e-004
  2.0973150e+003 -4.4578625e-004
  2.0981960e+003 -7.3386291e-005
  2.0990760e+003  2.8982593e-004
  2.0999580e+003 -9.0654421e-004
  2.1008400e+003 -6.2004314e-004
  2.1017230e+003  8.5803278e-004
  2.1026070e+003  6.5989443e-004
  2.1034920e+003  8.0645535e-005
  2.1043770e+003  1.6445805e-003
  2.1052630e+003  8.1037608e-004
  2.1061500e+003 -1.9624697e-003
  2.1070380e+003 -1.3884101e-003
  2.1079260e+003 -1.3293019e-004
  2.1088150e+003 -5.3526991e-004
  2.1097050e+003  7.0989248e-004
  2.1105950e+003  3.0565567e-004
  2.1114870e+003  3.8082959e-004
  2.1123780e+003  1.3045692e-003
  2.1132710e+003  1.1117143e-003
  2.1141650e+003  8.2423392e-004
  2.1150590e+003 -6.7075081e-005
  2.1159540e+003  9.3205989e-004
  2.1168500e+003  7.0842227e-004
  2.1177470e+003  1.0033642e-004
  2.1186440e+003  3.2134861e-004
  2.1195420e+003  9.4824028e-004
  2.1204410e+003 -1.2815240e-004
  2.1213410e+003  9.9658188e-005
  2.1222410e+003 -3.8858716e-004
  2.1231420e+003  8.6187030e-004
  2.1240440e+003  9.1637332e-005
  2.1249470e+003 -1.1917275e-003
  2.1258500e+003 -6.5361086e-004
  2.1267540e+003 -5.1269564e-004
  2.1276600e+003 -3.0012868e-004
  2.1285650e+003 -9.4720104e-005
  2.1294720e+003  2.9626497e-004
  2.1303790e+003  1.9655375e-004
  2.1312870e+003 -4.1909781e-004
  2.1321960e+003  7.4937748e-004
  2.1331060e+003  7.9730008e-004
  2.1340160e+003  2.0508661e-003
  2.1349270e+003 -7.2427961e-004
  2.1358390e+003  2.4397987e-004
  2.1367520e+003  2.5590922e-004
  2.1376660e+003  1.8223883e-003
  2.1385800e+003  1.2394971e-003
  2.1394960e+003  1.1462736e-004
  2.1404110e+003  5.7405643e-005
  2.1413280e+003  6.2778342e-004
  2.1422450e+003 -6.3249253e-004
  2.1431630e+003  6.1775505e-004
  2.1440820e+003  1.6839316e-003
  2.1450020e+003  1.4024462e-004
  2.1459230e+003  1.7245910e-004
  2.1468440e+003  8.3521585e-004
  2.1477660e+003  1.7921495e-003
  2.1486890e+003 -8.6737331e-004
  2.1496130e+003  1.1399993e-003
  2.1505380e+003 -1.0651407e-003
  2.1514630e+003 -1.0929265e-004
  2.1523890e+003 -5.7678815e-004
  2.1533160e+003  1.4431449e-003
  2.1542440e+003  6.9646310e-004
  2.1551720e+003 -5.9035351e-004
  2.1561020e+003  1.8771371e-003
  2.1570320e+003  1.9920343e-003
  2.1579630e+003  1.6141882e-004
  2.1588950e+003  2.0743837e-003
  2.1598270e+003 -7.1574916e-004
  2.1607610e+003  9.0385234e-004
  2.1616950e+003  1.5662182e-003
  2.1626300e+003  2.5777395e-003
  2.1635650e+003 -1.3009278e-003
  2.1645020e+003  9.1872830e-004
  2.1654390e+003  1.4918245e-003
  2.1663780e+003  2.6941433e-004
  2.1673170e+003  1.3374073e-003
  2.1682570e+003  1.1707958e-003
  2.1691980e+003  1.1749206e-003
  2.1701390e+003  8.0465915e-004
  2.1710810e+003  1.2721998e-003
  2.1720240e+003 -8.9319440e-004
  2.1729680e+003  9.9516090e-004
  2.1739130e+003  2.7722679e-003
  2.1748590e+003  2.7755927e-003
  2.1758050e+003  1.5105740e-003
  2.1767530e+003  3.0584596e-003
  2.1777000e+003  3.3865527e-003
  2.1786490e+003  4.1031437e-003
  2.1795990e+003 -8.4153216e-005
  2.1805500e+003  2.1589953e-003
  2.1815010e+003  2.8825556e-003
  2.1824530e+003  1.0889882e-003
  2.1834060e+003  6.9093220e-003
  2.1843600e+003  5.8121672e-003
  2.1853150e+003  5.7026078e-003
  2.1862700e+003  3.2913750e-003
  2.1872270e+003  2.4052020e-003
  2.1881840e+003  3.2059841e-003
  2.1891420e+003  3.6577792e-003
  2.1901010e+003  3.7469300e-003
  2.1910600e+003  4.3588048e-003
  2.1920210e+003  4.9617360e-003
  2.1929820e+003  5.7238960e-003
  2.1939450e+003  3.5500166e-003
  2.1949080e+003  5.5089435e-003
  2.1958720e+003  5.6676329e-003
  2.1968360e+003  7.5597269e-003
  2.1978020e+003  7.9230126e-003
  2.1987690e+003  9.4438493e-003
  2.1997360e+003  8.3034290e-003
  2.2007040e+003  6.9489963e-003
  2.2016730e+003  5.9662866e-003
  2.2026430e+003  1.3730514e-002
  2.2036140e+003  1.2411202e-002
  2.2045860e+003  1.5463618e-002
  2.2055580e+003  1.8923305e-002
  2.2065310e+003  1.7030383e-002
  2.2075050e+003  1.8906545e-002
  2.2084810e+003  2.4905648e-002
  2.2094570e+003  2.9413596e-002
  2.2104330e+003  3.1942200e-002
  2.2114110e+003  3.8083594e-002
  2.2123890e+003  4.5249429e-002
  2.2133690e+003  5.1799443e-002
  2.2143490e+003  5.9204958e-002
  2.2153300e+003  6.9282442e-002
  2.2163120e+003  8.0618255e-002
  2.2172950e+003  9.5647283e-002
  2.2182790e+003  1.1256260e-001
  2.2192630e+003  1.3935130e-001
  2.2202490e+003  1.6552080e-001
  2.2212350e+003  1.9755290e-001
  2.2222220e+003  2.3298070e-001
  2.2232100e+003  2.8385240e-001
  2.2241990e+003  3.4391030e-001
  2.2251890e+003  4.0754150e-001
  2.2261800e+003  4.7509230e-001
  2.2271720e+003  5.4963400e-001
  2.2281640e+003  6.2736420e-001
  2.2291570e+003  6.9970900e-001
  2.2301520e+003  7.6313810e-001
  2.2311470e+003  8.2105690e-001
  2.2321430e+003  8.6551860e-001
  2.2331400e+003  9.0963400e-001
  2.2341380e+003  9.3572250e-001
  2.2351360e+003  9.5526110e-001
  2.2361360e+003  9.7088970e-001
  2.2371360e+003  9.7586640e-001
  2.2381380e+003  9.8694170e-001
  2.2391400e+003  9.9361880e-001
  2.2401430e+003  1.0000000e+000
  2.2411470e+003  9.9804470e-001
  2.2421520e+003  9.8686930e-001
  2.2431580e+003  9.7940830e-001
  2.2441650e+003  9.3738130e-001
  2.2451730e+003  8.7976580e-001
  2.2461810e+003  8.0670260e-001
  2.2471910e+003  7.2552590e-001
  2.2482010e+003  6.3360040e-001
  2.2492130e+003  5.4798230e-001
  2.2502250e+003  4.5912960e-001
  2.2512380e+003  3.8803550e-001
  2.2522520e+003  3.1889030e-001
  2.2532670e+003  2.6907020e-001
  2.2542830e+003  2.1894130e-001
  2.2553000e+003  1.7906750e-001
  2.2563180e+003  1.4551520e-001
  2.2573360e+003  1.2443460e-001
  2.2583560e+003  1.0619870e-001
  2.2593760e+003  8.5720450e-002
  2.2603980e+003  7.4147537e-002
  2.2614200e+003  6.5131538e-002
  2.2624430e+003  5.0301280e-002
  2.2634680e+003  4.5025188e-002
  2.2644930e+003  3.9562561e-002
  2.2655190e+003  3.1817485e-002
  2.2665460e+003  2.9551921e-002
  2.2675740e+003  3.0795416e-002
  2.2686030e+003  2.5954159e-002
  2.2696320e+003  2.2653472e-002
  2.2706630e+003  1.7853236e-002
  2.2716950e+003  1.5827343e-002
  2.2727270e+003  1.3012993e-002
  2.2737610e+003  8.7569943e-003
  2.2747950e+003  8.5754283e-003
  2.2758310e+003  6.3996436e-003
  2.2768670e+003  1.0770184e-002
  2.2779040e+003  9.9123586e-003
  2.2789430e+003  4.9675577e-003
  2.2799820e+003  6.0503636e-003
  2.2810220e+003  2.2163952e-003
  2.2820630e+003  2.8469851e-003
  2.2831050e+003  6.9510601e-003
  2.2841480e+003  6.6108000e-003
  2.2851920e+003  2.0492254e-003
  2.2862370e+003  4.0788390e-003
  2.2872830e+003  2.0262301e-003
  2.2883300e+003  2.4484601e-003
  2.2893770e+003  2.3393880e-003
  2.2904260e+003  1.3673234e-003
  2.2914760e+003  7.7716663e-004
  2.2925260e+003  1.7319616e-003
  2.2935780e+003  2.6872621e-003
  2.2946310e+003  4.1875169e-003
  2.2956840e+003  1.5620340e-004
  2.2967390e+003  2.7108630e-003
  2.2977940e+003  1.5261534e-003
  2.2988510e+003  2.4695408e-003
  2.2999080e+003  2.0977997e-003
  2.3009660e+003 -1.2986806e-004
  2.3020260e+003  1.2743904e-003
  2.3030860e+003  1.4859003e-003
  2.3041470e+003 -3.7303749e-003
  2.3052100e+003  2.0151299e-003
  2.3062730e+003  2.3655716e-004
  2.3073370e+003  1.5271216e-003
  2.3084030e+003  3.5925072e-003
  2.3094690e+003  1.7337325e-003
  2.3105360e+003  3.1907232e-003
  2.3116040e+003  5.0277740e-004
  2.3126740e+003 -6.9971604e-004
  2.3137440e+003  2.1749265e-003
  2.3148150e+003 -1.9550154e-005
  2.3158870e+003  2.0393624e-003
  2.3169600e+003  1.3940127e-005
  2.3180340e+003  2.7308033e-003
  2.3191100e+003  3.6042177e-003
  2.3201860e+003 -2.7096824e-004
  2.3212630e+003 -1.0589592e-003
  2.3223410e+003  3.4228947e-003
  2.3234200e+003  3.2310879e-003
  2.3245000e+003 -1.5457709e-003
  2.3255810e+003 -1.4521844e-004
  2.3266640e+003 -8.2129874e-004
  2.3277470e+003  3.2562811e-003
  2.3288310e+003  8.2946802e-003
  2.3299160e+003  4.7616106e-003
  2.3310020e+003  1.0443131e-002
  2.3320900e+003  1.3990345e-003
  2.3331780e+003 -1.1758781e-003
  2.3342670e+003  3.8497285e-003
  2.3353570e+003  2.0939095e-003
  2.3364480e+003  4.1409479e-003
  2.3375410e+003 -7.4969977e-004
  2.3386340e+003  2.2802025e-003
  2.3397290e+003  2.8096447e-003
  2.3408240e+003  2.8724391e-003
  2.3419200e+003  7.7384652e-004
  2.3430180e+003  3.2815994e-003
  2.3441160e+003 -8.7906606e-004
  2.3452160e+003  6.3377188e-004
  2.3463160e+003  2.9072205e-003
  2.3474180e+003  2.8311177e-003
  2.3485210e+003  1.1381292e-004
  2.3496240e+003  1.2835488e-004
  2.3507290e+003  1.3009190e-003
  2.3518340e+003 -2.0547551e-003
  2.3529410e+003 -5.2773980e-003
  2.3540490e+003 -6.3679391e-004
  2.3551580e+003 -3.7881541e-003
  2.3562680e+003 -5.7299191e-004
  2.3573780e+003  1.1614048e-003
  2.3584910e+003 -3.8314268e-003
  2.3596040e+003 -5.0068798e-004
  2.3607180e+003 -2.8382055e-003
  2.3618330e+003 -3.8802151e-003
  2.3629490e+003 -4.7690268e-003
  2.3640660e+003 -3.6741262e-003
  2.3651840e+003  4.7357469e-003
  2.3663040e+003 -6.1421620e-004
  2.3674240e+003 -2.8261917e-003
  2.3685460e+003  2.6149133e-003
  2.3696680e+003  1.5312250e-003
  2.3707920e+003 -9.9845254e-004
  2.3719170e+003  3.5612474e-003
  2.3730420e+003  6.6831689e-003
  2.3741690e+003 -2.7242021e-003
  2.3752970e+003  1.9525362e-003
  2.3764260e+003 -5.4613495e-004
  2.3775560e+003  3.1317205e-003
  2.3786870e+003  2.4985529e-003
  2.3798190e+003 -1.5621212e-003
  2.3809520e+003 -2.7249602e-004
  2.3820870e+003  4.0367669e-003
  2.3832220e+003 -2.7368648e-004
  2.3843590e+003  1.9061181e-003
  2.3854960e+003 -4.3313633e-004
  2.3866350e+003  1.7403066e-003
  2.3877740e+003  3.4362561e-004
  2.3889160e+003  4.8404135e-004
  2.3900570e+003  2.0101306e-003
  2.3912000e+003 -2.1589762e-003
  2.3923440e+003  2.0058679e-003
  2.3934900e+003  3.1939696e-003
  2.3946360e+003 -2.1305736e-003
  2.3957840e+003 -1.8440105e-004
  2.3969320e+003 -2.7567891e-003
  2.3980820e+003  2.1537566e-003
  2.3992320e+003  7.4304402e-004
  2.4003840e+003  1.2179092e-003
  2.4015370e+003  1.3906509e-003
  2.4026910e+003  4.8752986e-003
  2.4038460e+003  6.6254393e-004
  2.4050020e+003 -3.4435056e-003
  2.4061600e+003  1.0538558e-003
  2.4073180e+003  7.3391147e-004
  2.4084780e+003 -2.2496032e-003
  2.4096380e+003 -2.9789603e-003
  2.4108010e+003 -2.1373585e-003
  2.4119630e+003 -2.0592863e-004
  2.4131270e+003  3.4162421e-003
  2.4142920e+003  2.4983920e-003
  2.4154590e+003  6.0995990e-005
  2.4166260e+003 -1.0555682e-004
  2.4177950e+003  1.1960565e-003
  2.4189650e+003 -1.6233337e-003
  2.4201350e+003 -1.3333941e-003
  2.4213070e+003 -1.3439851e-004
  2.4224810e+003  1.1059031e-003
  2.4236550e+003 -1.6849849e-003
  2.4248300e+003 -2.4208769e-003
  2.4260070e+003 -1.1151744e-004
  2.4271850e+003 -3.1222537e-004
  2.4283630e+003 -5.0544324e-003
  2.4295430e+003 -3.7240924e-003
  2.4307240e+003  1.0642846e-003
  2.4319070e+003  4.3930928e-003
  2.4330900e+003 -6.8152137e-003
  2.4342750e+003 -1.0694490e-003
  2.4354600e+003  2.3719519e-003
  2.4366470e+003 -2.0345810e-004
  2.4378350e+003  6.5763324e-004
  2.4390240e+003  1.4435376e-004
  2.4402150e+003  2.5316495e-003
  2.4414060e+003  1.7661709e-004
  2.4425990e+003 -2.2500425e-003
  2.4437930e+003 -3.2545561e-003
  2.4449880e+003  8.9857425e-004
  2.4461840e+003 -6.3531345e-004
  2.4473810e+003  6.8430853e-004
  2.4485800e+003 -3.2670354e-004
  2.4497800e+003  1.4982413e-003
  2.4509800e+003 -1.8625640e-003
  2.4521820e+003 -6.5547111e-004
  2.4533850e+003  2.9495475e-003
  2.4545900e+003 -5.1610656e-005
  2.4557960e+003  7.5214496e-004
  2.4570020e+003  1.3833563e-003
  2.4582100e+003 -1.5451821e-003
  2.4594200e+003  9.0048701e-004
  2.4606300e+003  2.7662811e-003
  2.4618420e+003 -8.8290218e-004
  2.4630540e+003 -6.5460149e-004
  2.4642680e+003  1.8863671e-003
  2.4654830e+003 -6.2729418e-004
  2.4667000e+003  1.3153427e-003
  2.4679170e+003  4.6052290e-003
  2.4691360e+003 -1.1081049e-005
  2.4703560e+003 -5.4039876e-004
  2.4715770e+003  2.0392241e-003
  2.4727990e+003  1.8287702e-003
  2.4740230e+003 -6.2666909e-004
  2.4752480e+003 -7.8455522e-004
  2.4764730e+003  2.3349652e-003
  2.4777010e+003  5.0033483e-004
  2.4789290e+003  1.7911787e-003
  2.4801590e+003  1.7049587e-003
  2.4813890e+003 -2.0843951e-004
  2.4826220e+003  2.6032189e-003
  2.4838550e+003  2.2216788e-003
  2.4850890e+003  1.4738056e-003
  2.4863250e+003  5.8511773e-004
  2.4875620e+003  2.7429860e-003
  2.4888000e+003  1.0059761e-003
  2.4900400e+003  2.7664024e-003
  2.4912810e+003  1.1257248e-003
  2.4925220e+003 -8.5015729e-004
  2.4937650e+003 -2.3164628e-005
  2.4950100e+003  2.7429997e-003
  2.4962560e+003  2.3101168e-003
  2.4975020e+003  1.2907769e-004
  2.4987510e+003  3.9614388e-004
  2.5000000e+003  2.4121800e-004
  2.5012510e+003  4.6836957e-003
  2.5025020e+003  1.3013138e-003
  2.5037560e+003 -1.0533122e-003
  2.5050100e+003 -3.8597991e-003
  2.5062660e+003 -1.2357924e-003
  2.5075230e+003 -7.3640031e-004
  2.5087810e+003 -1.0870580e-003
  2.5100400e+003  3.2926735e-004
  2.5113010e+003 -2.7594822e-003
  2.5125630e+003 -1.6967661e-003
  2.5138260e+003  1.0430943e-003
  2.5150910e+003 -5.0830152e-003
  2.5163560e+003 -4.2009875e-004
  2.5176240e+003  1.4586917e-004
  2.5188920e+003 -7.3712063e-004
  2.5201610e+003  1.4522850e-003
  2.5214320e+003  8.2450185e-004
  2.5227040e+003  2.2762824e-005
  2.5239780e+003 -2.7957076e-004
  2.5252520e+003  1.0870509e-003
  2.5265290e+003 -5.3082954e-004
  2.5278060e+003  3.7443151e-003
  2.5290840e+003  1.3533235e-003
  2.5303650e+003  2.3481564e-003
  2.5316460e+003  1.6511057e-003
  2.5329280e+003  2.2030573e-003
  2.5342120e+003  1.3570241e-003
  2.5354970e+003  2.7675761e-003
  2.5367830e+003 -1.5868694e-003
  2.5380710e+003  1.6375193e-004
  2.5393600e+003  1.1391930e-005
  2.5406500e+003 -6.4776796e-005
  2.5419420e+003 -5.4703682e-004
  2.5432350e+003  1.9337022e-003
  2.5445290e+003  1.7272246e-003
  2.5458250e+003  2.4507523e-003
  2.5471220e+003 -2.7729736e-003
  2.5484200e+003  6.0438248e-004
  2.5497190e+003  1.0020036e-003
  2.5510200e+003  1.5730319e-003
  2.5523230e+003  3.7407675e-003
  2.5536260e+003  4.1929117e-004
  2.5549310e+003  2.4468740e-004
  2.5562370e+003  1.7895161e-003
  2.5575450e+003 -1.2408873e-003
  2.5588540e+003 -5.4949499e-004
  2.5601640e+003  2.6854861e-003
  2.5614750e+003 -5.7295908e-004
  2.5627880e+003  1.6200823e-003
  2.5641030e+003  2.3764209e-004
  2.5654180e+003 -3.4197739e-003
  2.5667350e+003  9.7238075e-004
  2.5680530e+003 -4.3854958e-005
  2.5693730e+003  1.6447770e-003
  2.5706940e+003  9.2481496e-004
  2.5720160e+003  2.0266327e-003
  2.5733400e+003  1.6506802e-003
  2.5746650e+003  2.5807936e-003
  2.5759920e+003 -1.1180206e-003
  2.5773200e+003  1.9013320e-004
  2.5786490e+003  9.1438106e-004
  2.5799790e+003 -2.6293749e-003
  2.5813110e+003  1.9180502e-003
  2.5826450e+003  1.2148302e-003
  2.5839790e+003 -1.8790249e-004
  2.5853150e+003 -1.8108412e-004
  2.5866530e+003  3.2780489e-003
  2.5879920e+003  2.5551959e-003
  2.5893320e+003 -1.2354469e-003
  2.5906740e+003  4.1629642e-004
  2.5920170e+003  8.9911080e-004
  2.5933610e+003 -6.0004921e-004
  2.5947070e+003 -2.9206948e-004
  2.5960540e+003  3.1479640e-004
  2.5974030e+003  1.1951557e-003
  2.5987530e+003  4.4215345e-004
  2.6001040e+003 -4.9987173e-004
  2.6014570e+003 -3.6433816e-003
  2.6028110e+003  2.8254215e-003
  2.6041670e+003  1.1456637e-003
  2.6055240e+003 -1.4407404e-003
  2.6068820e+003 -1.6341564e-004
  2.6082420e+003 -2.5547927e-003
  2.6096030e+003  3.8728411e-003
  2.6109660e+003  7.3217903e-004
  2.6123300e+003  1.7665651e-003
  2.6136960e+003  3.3593581e-003
  2.6150630e+003  1.4664782e-003
  2.6164310e+003 -1.3133348e-003
  2.6178010e+003 -3.8744553e-004
  2.6191720e+003  3.8787161e-003
  2.6205450e+003 -2.5103351e-003
  2.6219190e+003  4.3898858e-003
  2.6232950e+003  1.1243453e-003
  2.6246720e+003  2.3331060e-003
  2.6260500e+003 -9.8434254e-004
  2.6274300e+003  3.0200938e-003
  2.6288120e+003 -1.3790731e-004
  2.6301950e+003  1.1506377e-003
  2.6315790e+003 -1.2888438e-004
  2.6329650e+003  1.5414182e-004
  2.6343520e+003 -1.4423452e-003
  2.6357410e+003  1.0882377e-003
  2.6371310e+003  1.4392954e-003
  2.6385220e+003  1.0951102e-004
  2.6399160e+003  1.0069325e-004
  2.6413100e+003  1.2184000e-003
  2.6427060e+003  1.6979022e-003
  2.6441040e+003  5.3964130e-004
  2.6455030e+003  4.7739409e-004
  2.6469030e+003  1.6367569e-003
  2.6483050e+003 -7.8232965e-004
  2.6497080e+003  3.7196136e-004
  2.6511140e+003  1.9655640e-003
  2.6525200e+003 -2.6611604e-003
  2.6539280e+003 -2.1741616e-003
  2.6553370e+003  1.0453141e-004
  2.6567480e+003  2.2856528e-003
  2.6581600e+003 -2.0632383e-003
  2.6595740e+003 -3.6858865e-003
  2.6609900e+003 -7.6176692e-004
  2.6624070e+003 -2.1224064e-003
  2.6638250e+003 -2.0370940e-003
  2.6652450e+003 -3.1448356e-004
  2.6666670e+003  2.0572012e-003
  2.6680900e+003  3.3596563e-003
  2.6695140e+003 -2.4885053e-004
  2.6709400e+003 -2.1988677e-003
  2.6723680e+003 -1.1290980e-003
  2.6737970e+003 -1.3536452e-003
  2.6752280e+003 -9.5187407e-004
  2.6766590e+003 -1.7304844e-003
  2.6780930e+003  6.5346999e-004
  2.6795280e+003  1.0632505e-003
  2.6809650e+003 -6.6484255e-004
  2.6824040e+003  1.3332021e-003
  2.6838430e+003  5.8597780e-004
  2.6852850e+003  6.2479521e-004
  2.6867280e+003  9.1349729e-004
  2.6881720e+003  2.2520279e-003
  2.6896180e+003  4.2846734e-003
  2.6910660e+003 -1.4163327e-003
  2.6925150e+003  5.3394947e-004
  2.6939660e+003 -3.4486566e-004
  2.6954180e+003 -6.6334940e-004
  2.6968720e+003 -2.4478964e-004
  2.6983270e+003  4.0415471e-004
  2.6997840e+003  7.4582582e-005
  2.7012430e+003 -1.2585959e-004
  2.7027030e+003 -2.8180605e-004
  2.7041650e+003 -4.9522053e-004
  2.7056280e+003  1.7548173e-003
  2.7070930e+003  8.9471019e-004
  2.7085590e+003  1.7296671e-003
  2.7100270e+003  2.6724606e-003
  2.7114970e+003 -5.0962996e-004
  2.7129680e+003 -4.9817830e-004
  2.7144410e+003 -3.1308152e-004
  2.7159150e+003 -4.9330556e-004
  2.7173910e+003  4.0896521e-003
  2.7188690e+003  6.9285370e-004
  2.7203480e+003  2.5384249e-003
  2.7218290e+003 -4.8290234e-004
  2.7233120e+003  9.2958688e-004
  2.7247960e+003  5.0732546e-004
  2.7262810e+003 -2.6736839e-003
  2.7277690e+003  3.4476740e-003
  2.7292580e+003  1.9040519e-004
  2.7307480e+003  4.0909676e-005
  2.7322400e+003 -3.3574838e-003
  2.7337340e+003 -7.4744690e-004
  2.7352300e+003 -1.6416056e-003
  2.7367270e+003  9.5507980e-004
  2.7382260e+003 -1.6880339e-003
  2.7397260e+003  4.7079284e-005
  2.7412280e+003 -3.0477291e-003
  2.7427320e+003  1.1912936e-003
  2.7442370e+003  6.9517974e-004
  2.7457440e+003 -1.8767362e-003
  2.7472530e+003 -1.1128696e-003
  2.7487630e+003  3.8906331e-003
  2.7502750e+003 -2.9372776e-004
  2.7517890e+003 -2.5137098e-004
  2.7533040e+003 -1.2442888e-003
  2.7548210e+003 -1.5992546e-003
  2.7563400e+003 -2.9164949e-003
  2.7578600e+003 -2.9388841e-003
  2.7593820e+003 -5.9046171e-004
  2.7609060e+003  2.0682691e-003
  2.7624310e+003  9.7134180e-004
  2.7639580e+003  1.8718649e-003
  2.7654870e+003  3.0363169e-003
  2.7670170e+003  4.0755095e-004
  2.7685490e+003 -3.3177383e-004
  2.7700830e+003  2.8307841e-003
  2.7716190e+003 -8.5514772e-004
  2.7731560e+003  1.3174000e-003
  2.7746950e+003  2.2697609e-003
  2.7762350e+003  9.3663216e-004
  2.7777780e+003  3.0310836e-003
  2.7793220e+003 -2.4462647e-003
  2.7808680e+003  2.9908684e-003
  2.7824150e+003 -2.4734256e-003
  2.7839640e+003  2.0322514e-004
  2.7855150e+003 -2.2649320e-003
  2.7870680e+003 -1.8444010e-003
  2.7886230e+003  2.0887810e-003
  2.7901780e+003  6.9351477e-004
  2.7917360e+003  5.6520180e-004
  2.7932960e+003  2.3023027e-003
  2.7948570e+003  1.3842031e-003
  2.7964210e+003 -1.1576589e-003
  2.7979860e+003  3.0509522e-003
  2.7995520e+003 -6.2209193e-004
  2.8011210e+003  3.0773254e-003
  2.8026900e+003  2.9774013e-003
  2.8042620e+003  4.7884282e-004
  2.8058360e+003 -1.3567490e-003
  2.8074120e+003 -1.3770768e-005
  2.8089890e+003  8.3411433e-004
  2.8105680e+003  8.7910297e-004
  2.8121480e+003 -2.1064065e-003
  2.8137310e+003  7.3099352e-004
  2.8153150e+003  1.5191325e-004
  2.8169010e+003  1.3984370e-003
  2.8184890e+003 -5.3043879e-004
  2.8200790e+003 -1.9581406e-003
  2.8216700e+003 -1.1106938e-003
  2.8232640e+003  1.1084871e-003
  2.8248590e+003 -1.2248072e-003
  2.8264560e+003 -1.6354870e-003
  2.8280540e+003  3.8999687e-003
  2.8296550e+003 -2.2946571e-003
  2.8312570e+003  1.0343064e-003
  2.8328610e+003 -1.8656048e-003
  2.8344670e+003  3.1075149e-003
  2.8360750e+003 -2.6319644e-003
  2.8376850e+003  8.4859988e-004
  2.8392960e+003  1.3944594e-003
  2.8409090e+003 -7.6303730e-004
  2.8425240e+003 -1.7923006e-003
  2.8441410e+003 -3.1217199e-003
  2.8457600e+003 -1.5323217e-003
  2.8473800e+003  1.5412952e-003
  2.8490030e+003 -6.7095942e-005
  2.8506270e+003 -7.4505695e-004
  2.8522530e+003  1.1983077e-004
  2.8538810e+003  1.5430063e-003
  2.8555110e+003  1.3229712e-003
  2.8571430e+003  2.3686993e-003
  2.8587770e+003  2.4568588e-003
  2.8604120e+003  1.5651243e-003
  2.8620490e+003  1.6330814e-005
  2.8636880e+003 -1.1379577e-003
  2.8653300e+003  1.3576343e-003
  2.8669730e+003 -2.1017650e-003
  2.8686170e+003  1.4026954e-003
  2.8702640e+003 -9.5959625e-004
  2.8719130e+003  8.9484022e-004
  2.8735630e+003 -1.3268800e-003
  2.8752160e+003 -2.4846778e-003
  2.8768700e+003  1.8153206e-003
  2.8785260e+003 -5.4649351e-004
  2.8801840e+003  2.1829142e-003
  2.8818440e+003  3.5151453e-003
  2.8835060e+003  6.0802954e-004
  2.8851700e+003  2.6919742e-003
  2.8868360e+003 -2.1958193e-003
  2.8885040e+003  2.4680896e-003
  2.8901730e+003 -7.8006426e-004
  2.8918450e+003 -1.3945106e-004
  2.8935190e+003  3.0693568e-003
  2.8951940e+003 -1.4058879e-003
  2.8968720e+003  5.3648034e-004
  2.8985510e+003 -4.7943898e-004
  2.9002320e+003 -1.3946098e-003
  2.9019150e+003  3.8301779e-004
  2.9036000e+003 -2.0642499e-003
  2.9052880e+003  3.7037290e-003
  2.9069770e+003 -1.1922937e-003
  2.9086680e+003 -2.3799478e-003
  2.9103610e+003  2.9911153e-004
  2.9120560e+003 -4.6104760e-004
  2.9137530e+003  1.7526848e-003
  2.9154520e+003  2.1343150e-004
  2.9171530e+003 -2.3943883e-004
  2.9188560e+003 -1.4286221e-003
  2.9205610e+003 -1.4282436e-003
  2.9222680e+003 -3.1646327e-004
  2.9239770e+003 -1.8625566e-003
  2.9256880e+003  8.2361126e-005
  2.9274010e+003  1.9617938e-003
  2.9291150e+003  4.4191219e-003
  2.9308330e+003  2.7845564e-004
  2.9325510e+003  5.6973565e-004
  2.9342720e+003  4.3732733e-003
  2.9359950e+003 -1.3395829e-005
  2.9377200e+003  4.2612581e-003
  2.9394480e+003 -1.3273804e-003
  2.9411760e+003 -6.0198607e-004
  2.9429070e+003  3.9116485e-004
  2.9446410e+003 -1.1193176e-003
  2.9463760e+003 -1.2489196e-003
  2.9481130e+003  1.3452498e-003
  2.9498520e+003  6.3824788e-004
  2.9515940e+003  1.3379972e-004
  2.9533370e+003 -4.3547343e-004
  2.9550830e+003 -1.6548902e-004
  2.9568300e+003 -6.1470387e-004
  2.9585800e+003  1.5750114e-003
  2.9603320e+003  3.6825223e-003
  2.9620850e+003  1.4328315e-003
  2.9638410e+003  5.5316515e-004
  2.9655990e+003  2.9693653e-003
  2.9673590e+003  6.9915573e-004
  2.9691210e+003  1.4873041e-003
  2.9708850e+003  2.4604573e-004
  2.9726520e+003  2.0915613e-004
  2.9744200e+003  1.1155197e-003
  2.9761910e+003  1.7831813e-003
  2.9779630e+003 -1.4737190e-003
  2.9797380e+003 -4.1896591e-004
  2.9815150e+003 -3.9698416e-004
  2.9832930e+003 -1.1113298e-003
  2.9850750e+003  9.0148201e-004
  2.9868580e+003 -1.4363718e-003
  2.9886430e+003  3.8376031e-004
  2.9904300e+003 -2.0567372e-003
  2.9922200e+003  1.1808170e-003
  2.9940120e+003  9.8379445e-005
  2.9958060e+003 -6.9698028e-004
  2.9976020e+003 -8.5994328e-004
  2.9994000e+003 -3.8133803e-004
  3.0012000e+003  0.0000000e+000
  3.0030030e+003  0.0000000e+000
  3.0048080e+003  0.0000000e+000
  3.0066150e+003  0.0000000e+000
  3.0084240e+003  0.0000000e+000
  3.0102350e+003  0.0000000e+000
  3.0120480e+003  0.0000000e+000
  3.0138640e+003  0.0000000e+000
  3.0156820e+003  0.0000000e+000
  3.0175020e+003  0.0000000e+000
  3.0193240e+003  0.0000000e+000
  3.0211480e+003  0.0000000e+000
  3.0229750e+003  0.0000000e+000
  3.0248030e+003  0.0000000e+000
  3.0266350e+003  0.0000000e+000
  3.0284680e+003  0.0000000e+000
  3.0303030e+003  0.0000000e+000
  3.0321410e+003  0.0000000e+000
  3.0339800e+003  0.0000000e+000
  3.0358230e+003  0.0000000e+000
  3.0376670e+003  0.0000000e+000
  3.0395140e+003  0.0000000e+000
  3.0413630e+003  0.0000000e+000
  3.0432140e+003  0.0000000e+000
  3.0450670e+003  0.0000000e+000
  3.0469230e+003  0.0000000e+000
  3.0487810e+003  0.0000000e+000
  3.0506410e+003  0.0000000e+000
  3.0525030e+003  0.0000000e+000
  3.0543680e+003  0.0000000e+000
  3.0562350e+003  0.0000000e+000
  3.0581040e+003  0.0000000e+000
  3.0599760e+003  0.0000000e+000
  3.0618490e+003  0.0000000e+000
  3.0637260e+003  0.0000000e+000
  3.0656040e+003  0.0000000e+000
  3.0674850e+003  0.0000000e+000
  3.0693680e+003  0.0000000e+000
  3.0712530e+003  0.0000000e+000
  3.0731410e+003  0.0000000e+000
  3.0750310e+003  0.0000000e+000
  3.0769230e+003  0.0000000e+000
  3.0788180e+003  0.0000000e+000
  3.0807150e+003  0.0000000e+000
  3.0826140e+003  0.0000000e+000
  3.0845160e+003  0.0000000e+000
  3.0864200e+003  0.0000000e+000
  3.0883260e+003  0.0000000e+000
  3.0902350e+003  0.0000000e+000
  3.0921460e+003  0.0000000e+000
  3.0940590e+003  0.0000000e+000
  3.0959750e+003  0.0000000e+000
  3.0978940e+003  0.0000000e+000
  3.0998140e+003  0.0000000e+000
  3.1017370e+003  0.0000000e+000
  3.1036620e+003  0.0000000e+000
  3.1055900e+003  0.0000000e+000
  3.1075200e+003  0.0000000e+000
  3.1094530e+003  0.0000000e+000
  3.1113880e+003  0.0000000e+000
  3.1133250e+003  0.0000000e+000
  3.1152650e+003  0.0000000e+000
  3.1172070e+003  0.0000000e+000
  3.1191520e+003  0.0000000e+000
  3.1210990e+003  0.0000000e+000
  3.1230480e+003  0.0000000e+000
  3.1250000e+003  0.0000000e+000
  3.1269540e+003  0.0000000e+000
  3.1289110e+003  0.0000000e+000
  3.1308700e+003  0.0000000e+000
  3.1328320e+003  0.0000000e+000
  3.1347960e+003  0.0000000e+000
  3.1367630e+003  0.0000000e+000
  3.1387320e+003  0.0000000e+000
  3.1407040e+003  0.0000000e+000
  3.1426780e+003  0.0000000e+000
  3.1446540e+003  0.0000000e+000
  3.1466330e+003  0.0000000e+000
  3.1486150e+003  0.0000000e+000
  3.1505990e+003  0.0000000e+000
  3.1525850e+003  0.0000000e+000
  3.1545740e+003  0.0000000e+000
  3.1565660e+003  0.0000000e+000
  3.1585600e+003  0.0000000e+000
  3.1605560e+003  0.0000000e+000
  3.1625550e+003  0.0000000e+000
  3.1645570e+003  0.0000000e+000
  3.1665610e+003  0.0000000e+000
  3.1685680e+003  0.0000000e+000
  3.1705770e+003  0.0000000e+000
  3.1725890e+003  0.0000000e+000
  3.1746030e+003  0.0000000e+000
  3.1766200e+003  0.0000000e+000
  3.1786400e+003  0.0000000e+000
  3.1806620e+003  0.0000000e+000
  3.1826860e+003  0.0000000e+000
  3.1847130e+003  0.0000000e+000
  3.1867430e+003  0.0000000e+000
  3.1887760e+003  0.0000000e+000
  3.1908100e+003  0.0000000e+000
  3.1928480e+003  0.0000000e+000
  3.1948880e+003  0.0000000e+000
  3.1969310e+003  0.0000000e+000
  3.1989760e+003  0.0000000e+000
  3.2010240e+003  0.0000000e+000
  3.2030750e+003  0.0000000e+000
  3.2051280e+003  0.0000000e+000
  3.2071840e+003  0.0000000e+000
  3.2092430e+003  0.0000000e+000
  3.2113040e+003  0.0000000e+000
  3.2133680e+003  0.0000000e+000
  3.2154340e+003  0.0000000e+000
  3.2175030e+003  0.0000000e+000
  3.2195750e+003  0.0000000e+000
  3.2216490e+003  0.0000000e+000
  3.2237270e+003  0.0000000e+000
  3.2258070e+003  0.0000000e+000
  3.2278890e+003  0.0000000e+000
  3.2299740e+003  0.0000000e+000
  3.2320620e+003  0.0000000e+000
  3.2341530e+003  0.0000000e+000
  3.2362460e+003  0.0000000e+000
  3.2383420e+003  0.0000000e+000
  3.2404410e+003  0.0000000e+000
  3.2425420e+003  0.0000000e+000
  3.2446460e+003  0.0000000e+000
  3.2467530e+003  0.0000000e+000
  3.2488630e+003  0.0000000e+000
  3.2509750e+003  0.0000000e+000
  3.2530910e+003  0.0000000e+000
  3.2552080e+003  0.0000000e+000
  3.2573290e+003  0.0000000e+000
  3.2594520e+003  0.0000000e+000
  3.2615790e+003  0.0000000e+000
  3.2637080e+003  0.0000000e+000
  3.2658390e+003  0.0000000e+000
  3.2679740e+003  0.0000000e+000
  3.2701110e+003  0.0000000e+000
  3.2722510e+003  0.0000000e+000
  3.2743940e+003  0.0000000e+000
  3.2765400e+003  0.0000000e+000
  3.2786880e+003  0.0000000e+000
  3.2808400e+003  0.0000000e+000
  3.2829940e+003  0.0000000e+000
  3.2851510e+003  0.0000000e+000
  3.2873110e+003  0.0000000e+000
  3.2894740e+003  0.0000000e+000
  3.2916390e+003  0.0000000e+000
  3.2938080e+003  0.0000000e+000
  3.2959790e+003  0.0000000e+000
  3.2981530e+003  0.0000000e+000
  3.3003300e+003  0.0000000e+000
  3.3025100e+003  0.0000000e+000
  3.3046930e+003  0.0000000e+000
  3.3068780e+003  0.0000000e+000
  3.3090670e+003  0.0000000e+000
  3.3112580e+003  0.0000000e+000
  3.3134530e+003  0.0000000e+000
  3.3156500e+003  0.0000000e+000
  3.3178500e+003  0.0000000e+000
  3.3200530e+003  0.0000000e+000
  3.3222590e+003  0.0000000e+000
  3.3244680e+003  0.0000000e+000
  3.3266800e+003  0.0000000e+000
  3.3288950e+003  0.0000000e+000
  3.3311130e+003  0.0000000e+000
  3.3333330e+003  0.0000000e+000
  3.3355570e+003  0.0000000e+000
  3.3377840e+003  0.0000000e+000
  3.3400130e+003  0.0000000e+000
  3.3422460e+003  0.0000000e+000
  3.3444820e+003  0.0000000e+000
  3.3467200e+003  0.0000000e+000
  3.3489620e+003  0.0000000e+000
  3.3512070e+003  0.0000000e+000
  3.3534540e+003  0.0000000e+000
  3.3557050e+003  0.0000000e+000
  3.3579580e+003  0.0000000e+000
  3.3602150e+003  0.0000000e+000
  3.3624750e+003  0.0000000e+000
  3.3647380e+003  0.0000000e+000
  3.3670030e+003  0.0000000e+000
  3.3692720e+003  0.0000000e+000
  3.3715440e+003  0.0000000e+000
  3.3738190e+003  0.0000000e+000
  3.3760970e+003  0.0000000e+000
  3.3783780e+003  0.0000000e+000
  3.3806630e+003  0.0000000e+000
  3.3829500e+003  0.0000000e+000
  3.3852400e+003  0.0000000e+000
  3.3875340e+003  0.0000000e+000
  3.3898310e+003  0.0000000e+000
  3.3921300e+003  0.0000000e+000
  3.3944330e+003  0.0000000e+000
  3.3967390e+003  0.0000000e+000
  3.3990480e+003  0.0000000e+000
  3.4013610e+003  0.0000000e+000
  3.4036760e+003  0.0000000e+000
  3.4059940e+003  0.0000000e+000
  3.4083160e+003  0.0000000e+000
  3.4106410e+003  0.0000000e+000
  3.4129690e+003  0.0000000e+000
  3.4153010e+003  0.0000000e+000
  3.4176350e+003  0.0000000e+000
  3.4199730e+003  0.0000000e+000
  3.4223130e+003  0.0000000e+000
  3.4246570e+003  0.0000000e+000
  3.4270050e+003  0.0000000e+000
  3.4293550e+003  0.0000000e+000
  3.4317090e+003  0.0000000e+000
  3.4340660e+003  0.0000000e+000
  3.4364260e+003  0.0000000e+000
  3.4387900e+003  0.0000000e+000
  3.4411560e+003  0.0000000e+000
  3.4435260e+003  0.0000000e+000
  3.4458990e+003  0.0000000e+000
  3.4482760e+003  0.0000000e+000
  3.4506560e+003  0.0000000e+000
  3.4530390e+003  0.0000000e+000
  3.4554250e+003  0.0000000e+000
  3.4578150e+003  0.0000000e+000
  3.4602080e+003  0.0000000e+000
  3.4626040e+003  0.0000000e+000
  3.4650040e+003  0.0000000e+000
  3.4674060e+003  0.0000000e+000
  3.4698130e+003  0.0000000e+000
  3.4722220e+003  0.0000000e+000
  3.4746350e+003  0.0000000e+000
  3.4770520e+003  0.0000000e+000
  3.4794710e+003  0.0000000e+000
  3.4818940e+003  0.0000000e+000
  3.4843210e+003  0.0000000e+000
  3.4867500e+003  0.0000000e+000
  3.4891840e+003  0.0000000e+000
  3.4916200e+003  0.0000000e+000
  3.4940600e+003  0.0000000e+000
  3.4965040e+003  0.0000000e+000
  3.4989500e+003  0.0000000e+000
  3.5014010e+003  0.0000000e+000
  3.5038540e+003  0.0000000e+000
  3.5063110e+003  0.0000000e+000
  3.5087720e+003  0.0000000e+000
  3.5112360e+003  0.0000000e+000
  3.5137040e+003  0.0000000e+000
  3.5161740e+003  0.0000000e+000
  3.5186490e+003  0.0000000e+000
  3.5211270e+003  0.0000000e+000
  3.5236080e+003  0.0000000e+000
  3.5260930e+003  0.0000000e+000
  3.5285810e+003  0.0000000e+000
  3.5310730e+003  0.0000000e+000
  3.5335690e+003  0.0000000e+000
  3.5360680e+003  0.0000000e+000
  3.5385710e+003  0.0000000e+000
  3.5410770e+003  0.0000000e+000
  3.5435860e+003  0.0000000e+000
  3.5460990e+003  0.0000000e+000
  3.5486160e+003  0.0000000e+000
  3.5511360e+003  0.0000000e+000
  3.5536600e+003  0.0000000e+000
  3.5561880e+003  0.0000000e+000
  3.5587190e+003  0.0000000e+000
  3.5612530e+003  0.0000000e+000
  3.5637920e+003  0.0000000e+000
  3.5663340e+003  0.0000000e+000
  3.5688790e+003  0.0000000e+000
  3.5714290e+003  0.0000000e+000
  3.5739810e+003  0.0000000e+000
  3.5765380e+003  0.0000000e+000
  3.5790980e+003  0.0000000e+000
  3.5816620e+003  0.0000000e+000
  3.5842290e+003  0.0000000e+000
  3.5868010e+003  0.0000000e+000
  3.5893750e+003  0.0000000e+000
  3.5919540e+003  0.0000000e+000
  3.5945360e+003  0.0000000e+000
  3.5971220e+003  0.0000000e+000
  3.5997120e+003  0.0000000e+000
  3.6023050e+003  0.0000000e+000
  3.6049030e+003  0.0000000e+000
  3.6075030e+003  0.0000000e+000
  3.6101080e+003  0.0000000e+000
  3.6127170e+003  0.0000000e+000
  3.6153290e+003  0.0000000e+000
  3.6179450e+003  0.0000000e+000
  3.6205650e+003  0.0000000e+000
  3.6231880e+003  0.0000000e+000
  3.6258160e+003  0.0000000e+000
  3.6284470e+003  0.0000000e+000
  3.6310820e+003  0.0000000e+000
  3.6337210e+003  0.0000000e+000
  3.6363640e+003  0.0000000e+000
  3.6390100e+003  0.0000000e+000
  3.6416610e+003  0.0000000e+000
  3.6443150e+003  0.0000000e+000
  3.6469730e+003  0.0000000e+000
  3.6496350e+003  0.0000000e+000
  3.6523010e+003  0.0000000e+000
  3.6549710e+003  0.0000000e+000
  3.6576450e+003  0.0000000e+000
  3.6603220e+003  0.0000000e+000
  3.6630040e+003  0.0000000e+000
  3.6656890e+003  0.0000000e+000
  3.6683780e+003  0.0000000e+000
  3.6710720e+003  0.0000000e+000
  3.6737700e+003  0.0000000e+000
  3.6764700e+003  0.0000000e+000
  3.6791760e+003  0.0000000e+000
  3.6818850e+003  0.0000000e+000
  3.6845980e+003  0.0000000e+000
  3.6873160e+003  0.0000000e+000
  3.6900370e+003  0.0000000e+000
  3.6927620e+003  0.0000000e+000
  3.6954910e+003  0.0000000e+000
  3.6982250e+003  0.0000000e+000
  3.7009620e+003  0.0000000e+000
  3.7037040e+003  0.0000000e+000
  3.7064490e+003  0.0000000e+000
  3.7091990e+003  0.0000000e+000
  3.7119520e+003  0.0000000e+000
  3.7147100e+003  0.0000000e+000
  3.7174720e+003  0.0000000e+000
  3.7202380e+003  0.0000000e+000
  3.7230080e+003  0.0000000e+000
  3.7257820e+003  0.0000000e+000
  3.7285610e+003  0.0000000e+000
  3.7313430e+003  0.0000000e+000
  3.7341300e+003  0.0000000e+000
  3.7369210e+003  0.0000000e+000
  3.7397160e+003  0.0000000e+000
  3.7425150e+003  0.0000000e+000
  3.7453180e+003  0.0000000e+000
  3.7481260e+003  0.0000000e+000
  3.7509380e+003  0.0000000e+000
  3.7537540e+003  0.0000000e+000
  3.7565740e+003  0.0000000e+000
  3.7593980e+003  0.0000000e+000
  3.7622270e+003  0.0000000e+000
  3.7650600e+003  0.0000000e+000
  3.7678970e+003  0.0000000e+000
  3.7707390e+003  0.0000000e+000
  3.7735850e+003  0.0000000e+000
  3.7764350e+003  0.0000000e+000
  3.7792900e+003  0.0000000e+000
  3.7821480e+003  0.0000000e+000
  3.7850110e+003  0.0000000e+000
  3.7878790e+003  0.0000000e+000
  3.7907500e+003  0.0000000e+000
  3.7936270e+003  0.0000000e+000
  3.7965070e+003  0.0000000e+000
  3.7993920e+003  0.0000000e+000
  3.8022810e+003  0.0000000e+000
  3.8051750e+003  0.0000000e+000
  3.8080730e+003  0.0000000e+000
  3.8109760e+003  0.0000000e+000
  3.8138830e+003  0.0000000e+000
  3.8167940e+003  0.0000000e+000
  3.8197100e+003  0.0000000e+000
  3.8226300e+003  0.0000000e+000
  3.8255550e+003  0.0000000e+000
  3.8284840e+003  0.0000000e+000
  3.8314180e+003  0.0000000e+000
  3.8343560e+003  0.0000000e+000
  3.8372990e+003  0.0000000e+000
  3.8402460e+003  0.0000000e+000
  3.8431980e+003  0.0000000e+000
  3.8461540e+003  0.0000000e+000
  3.8491150e+003  0.0000000e+000
  3.8520800e+003  0.0000000e+000
  3.8550500e+003  0.0000000e+000
  3.8580250e+003  0.0000000e+000
  3.8610040e+003  0.0000000e+000
  3.8639880e+003  0.0000000e+000
  3.8669760e+003  0.0000000e+000
  3.8699690e+003  0.0000000e+000
  3.8729670e+003  0.0000000e+000
  3.8759690e+003  0.0000000e+000
  3.8789760e+003  0.0000000e+000
  3.8819880e+003  0.0000000e+000
  3.8850040e+003  0.0000000e+000
  3.8880250e+003  0.0000000e+000
  3.8910510e+003  0.0000000e+000
  3.8940810e+003  0.0000000e+000
  3.8971160e+003  0.0000000e+000
  3.9001560e+003  0.0000000e+000
  3.9032010e+003  0.0000000e+000
  3.9062500e+003  0.0000000e+000
  3.9093040e+003  0.0000000e+000
  3.9123630e+003  0.0000000e+000
  3.9154270e+003  0.0000000e+000
  3.9184950e+003  0.0000000e+000
  3.9215690e+003  0.0000000e+000
  3.9246470e+003  0.0000000e+000
  3.9277300e+003  0.0000000e+000
  3.9308180e+003  0.0000000e+000
  3.9339100e+003  0.0000000e+000
  3.9370080e+003  0.0000000e+000
  3.9401100e+003  0.0000000e+000
  3.9432180e+003  0.0000000e+000
  3.9463300e+003  0.0000000e+000
  3.9494470e+003  0.0000000e+000
  3.9525690e+003  0.0000000e+000
  3.9556960e+003  0.0000000e+000
  3.9588280e+003  0.0000000e+000
  3.9619650e+003  0.0000000e+000
  3.9651070e+003  0.0000000e+000
  3.9682540e+003  0.0000000e+000
  3.9714060e+003  0.0000000e+000
  3.9745630e+003  0.0000000e+000
  3.9777250e+003  0.0000000e+000
  3.9808920e+003  0.0000000e+000
  3.9840640e+003  0.0000000e+000
  3.9872410e+003  0.0000000e+000
  3.9904230e+003  0.0000000e+000
  3.9936100e+003  0.0000000e+000
  3.9968020e+003  0.0000000e+000
  4.0000000e+003  0.0000000e+000
