  1.6672220e+003  0.0000000e+000
  1.6677790e+003  0.0000000e+000
  1.6683350e+003  0.0000000e+000
  1.6688920e+003  0.0000000e+000
  1.6694490e+003  0.0000000e+000
  1.6700070e+003  0.0000000e+000
  1.6705650e+003  0.0000000e+000
  1.6711230e+003  0.0000000e+000
  1.6716820e+003  0.0000000e+000
  1.6722410e+003  0.0000000e+000
  1.6728000e+003  0.0000000e+000
  1.6733600e+003  0.0000000e+000
  1.6739200e+003  0.0000000e+000
  1.6744810e+003  0.0000000e+000
  1.6750420e+003  0.0000000e+000
  1.6756030e+003  0.0000000e+000
  1.6761650e+003  0.0000000e+000
  1.6767270e+003  0.0000000e+000
  1.6772900e+003  0.0000000e+000
  1.6778520e+003  0.0000000e+000
  1.6784160e+003  0.0000000e+000
  1.6789790e+003  0.0000000e+000
  1.6795430e+003  0.0000000e+000
  1.6801080e+003  0.0000000e+000
  1.6806720e+003  0.0000000e+000
  1.6812370e+003  0.0000000e+000
  1.6818030e+003  0.0000000e+000
  1.6823690e+003  0.0000000e+000
  1.6829350e+003  0.0000000e+000
  1.6835020e+003  0.0000000e+000
  1.6840690e+003  0.0000000e+000
  1.6846360e+003  0.0000000e+000
  1.6852040e+003  0.0000000e+000
  1.6857720e+003  0.0000000e+000
  1.6863410e+003  0.0000000e+000
  1.6869100e+003  0.0000000e+000
  1.6874790e+003  0.0000000e+000
  1.6880490e+003  0.0000000e+000
  1.6886190e+003  0.0000000e+000
  1.6891890e+003  0.0000000e+000
  1.6897600e+003  0.0000000e+000
  1.6903310e+003  0.0000000e+000
  1.6909030e+003  0.0000000e+000
  1.6914750e+003  0.0000000e+000
  1.6920470e+003  0.0000000e+000
  1.6926200e+003  0.0000000e+000
  1.6931930e+003  0.0000000e+000
  1.6937670e+003  0.0000000e+000
  1.6943410e+003  0.0000000e+000
  1.6949150e+003  0.0000000e+000
  1.6954900e+003  0.0000000e+000
  1.6960650e+003  0.0000000e+000
  1.6966410e+003  0.0000000e+000
  1.6972170e+003  0.0000000e+000
  1.6977930e+003  0.0000000e+000
  1.6983700e+003  0.0000000e+000
  1.6989470e+003  0.0000000e+000
  1.6995240e+003  0.0000000e+000
  1.7001020e+003  0.0000000e+000
  1.7006800e+003  0.0000000e+000
  1.7012590e+003  0.0000000e+000
  1.7018380e+003  0.0000000e+000
  1.7024170e+003  0.0000000e+000
  1.7029970e+003  0.0000000e+000
  1.7035780e+003  0.0000000e+000
  1.7041580e+003  0.0000000e+000
  1.7047390e+003  0.0000000e+000
  1.7053210e+003  0.0000000e+000
  1.7059020e+003  0.0000000e+000
  1.7064850e+003  0.0000000e+000
  1.7070670e+003  0.0000000e+000
  1.7076500e+003  0.0000000e+000
  1.7082340e+003  0.0000000e+000
  1.7088170e+003  0.0000000e+000
  1.7094020e+003  0.0000000e+000
  1.7099860e+003  0.0000000e+000
  1.7105710e+003  0.0000000e+000
  1.7111570e+003  0.0000000e+000
  1.7117430e+003  0.0000000e+000
  1.7123290e+003  0.0000000e+000
  1.7129150e+003  0.0000000e+000
  1.7135020e+003  0.0000000e+000
  1.7140900e+003  0.0000000e+000
  1.7146780e+003  0.0000000e+000
  1.7152660e+003  0.0000000e+000
  1.7158540e+003  0.0000000e+000
  1.7164430e+003  0.0000000e+000
  1.7170330e+003  0.0000000e+000
  1.7176230e+003  0.0000000e+000
  1.7182130e+003  0.0000000e+000
  1.7188040e+003  0.0000000e+000
  1.7193950e+003  0.0000000e+000
  1.7199860e+003  0.0000000e+000
  1.7205780e+003  0.0000000e+000
  1.7211700e+003  0.0000000e+000
  1.7217630e+003  0.0000000e+000
  1.7223560e+003  0.0000000e+000
  1.7229500e+003  0.0000000e+000
  1.7235440e+003  0.0000000e+000
  1.7241380e+003  0.0000000e+000
  1.7247330e+003  0.0000000e+000
  1.7253280e+003  0.0000000e+000
  1.7259230e+003  0.0000000e+000
  1.7265190e+003  0.0000000e+000
  1.7271160e+003  0.0000000e+000
  1.7277130e+003  0.0000000e+000
  1.7283100e+003  0.0000000e+000
  1.7289070e+003  0.0000000e+000
  1.7295050e+003  0.0000000e+000
  1.7301040e+003  0.0000000e+000
  1.7307030e+003  0.0000000e+000
  1.7313020e+003  0.0000000e+000
  1.7319020e+003  0.0000000e+000
  1.7325020e+003  0.0000000e+000
  1.7331020e+003  0.0000000e+000
  1.7337030e+003  0.0000000e+000
  1.7343050e+003  0.0000000e+000
  1.7349060e+003  0.0000000e+000
  1.7355080e+003  0.0000000e+000
  1.7361110e+003  0.0000000e+000
  1.7367140e+003  0.0000000e+000
  1.7373180e+003  0.0000000e+000
  1.7379210e+003  0.0000000e+000
  1.7385260e+003  0.0000000e+000
  1.7391300e+003  0.0000000e+000
  1.7397350e+003  0.0000000e+000
  1.7403410e+003  0.0000000e+000
  1.7409470e+003  0.0000000e+000
  1.7415530e+003  0.0000000e+000
  1.7421600e+003  0.0000000e+000
  1.7427680e+003  0.0000000e+000
  1.7433750e+003  0.0000000e+000
  1.7439830e+003  0.0000000e+000
  1.7445920e+003  0.0000000e+000
  1.7452010e+003  0.0000000e+000
  1.7458100e+003  0.0000000e+000
  1.7464200e+003  0.0000000e+000
  1.7470300e+003  0.0000000e+000
  1.7476410e+003  0.0000000e+000
  1.7482520e+003  0.0000000e+000
  1.7488630e+003  0.0000000e+000
  1.7494750e+003  0.0000000e+000
  1.7500870e+003  0.0000000e+000
  1.7507000e+003  0.0000000e+000
  1.7513130e+003  0.0000000e+000
  1.7519270e+003  0.0000000e+000
  1.7525410e+003  0.0000000e+000
  1.7531560e+003  0.0000000e+000
  1.7537710e+003  0.0000000e+000
  1.7543860e+003  0.0000000e+000
  1.7550020e+003  0.0000000e+000
  1.7556180e+003  0.0000000e+000
  1.7562350e+003  0.0000000e+000
  1.7568520e+003  0.0000000e+000
  1.7574690e+003  0.0000000e+000
  1.7580870e+003  0.0000000e+000
  1.7587060e+003  0.0000000e+000
  1.7593240e+003  0.0000000e+000
  1.7599440e+003  0.0000000e+000
  1.7605630e+003  0.0000000e+000
  1.7611830e+003  0.0000000e+000
  1.7618040e+003  0.0000000e+000
  1.7624250e+003  0.0000000e+000
  1.7630470e+003  0.0000000e+000
  1.7636680e+003  0.0000000e+000
  1.7642910e+003  0.0000000e+000
  1.7649140e+003  0.0000000e+000
  1.7655370e+003  0.0000000e+000
  1.7661600e+003  0.0000000e+000
  1.7667850e+003  0.0000000e+000
  1.7674090e+003  0.0000000e+000
  1.7680340e+003  0.0000000e+000
  1.7686590e+003  0.0000000e+000
  1.7692850e+003  0.0000000e+000
  1.7699110e+003  0.0000000e+000
  1.7705380e+003  0.0000000e+000
  1.7711650e+003  0.0000000e+000
  1.7717930e+003  0.0000000e+000
  1.7724220e+003  0.0000000e+000
  1.7730500e+003  0.0000000e+000
  1.7736790e+003  0.0000000e+000
  1.7743080e+003  0.0000000e+000
  1.7749380e+003  0.0000000e+000
  1.7755680e+003  0.0000000e+000
  1.7761990e+003  0.0000000e+000
  1.7768300e+003  0.0000000e+000
  1.7774620e+003  0.0000000e+000
  1.7780940e+003  0.0000000e+000
  1.7787260e+003  0.0000000e+000
  1.7793590e+003  0.0000000e+000
  1.7799930e+003  0.0000000e+000
  1.7806270e+003  0.0000000e+000
  1.7812610e+003  0.0000000e+000
  1.7818960e+003  0.0000000e+000
  1.7825310e+003  0.0000000e+000
  1.7831670e+003  0.0000000e+000
  1.7838030e+003  0.0000000e+000
  1.7844400e+003  0.0000000e+000
  1.7850770e+003  0.0000000e+000
  1.7857140e+003  0.0000000e+000
  1.7863520e+003  0.0000000e+000
  1.7869910e+003  0.0000000e+000
  1.7876300e+003  0.0000000e+000
  1.7882690e+003  0.0000000e+000
  1.7889090e+003  0.0000000e+000
  1.7895490e+003  0.0000000e+000
  1.7901900e+003  0.0000000e+000
  1.7908310e+003  0.0000000e+000
  1.7914730e+003  0.0000000e+000
  1.7921150e+003  0.0000000e+000
  1.7927580e+003  0.0000000e+000
  1.7934000e+003  0.0000000e+000
  1.7940440e+003  0.0000000e+000
  1.7946880e+003  0.0000000e+000
  1.7953320e+003  0.0000000e+000
  1.7959770e+003  0.0000000e+000
  1.7966220e+003  0.0000000e+000
  1.7972680e+003  0.0000000e+000
  1.7979140e+003  0.0000000e+000
  1.7985610e+003  0.0000000e+000
  1.7992080e+003  0.0000000e+000
  1.7998560e+003  0.0000000e+000
  1.8005040e+003  0.0000000e+000
  1.8011530e+003  0.0000000e+000
  1.8018020e+003  0.0000000e+000
  1.8024510e+003  0.0000000e+000
  1.8031010e+003  0.0000000e+000
  1.8037520e+003  0.0000000e+000
  1.8044030e+003  0.0000000e+000
  1.8050540e+003  0.0000000e+000
  1.8057060e+003  0.0000000e+000
  1.8063580e+003  0.0000000e+000
  1.8070110e+003  0.0000000e+000
  1.8076640e+003  0.0000000e+000
  1.8083180e+003  0.0000000e+000
  1.8089730e+003  0.0000000e+000
  1.8096270e+003  0.0000000e+000
  1.8102820e+003  0.0000000e+000
  1.8109380e+003  0.0000000e+000
  1.8115940e+003  0.0000000e+000
  1.8122510e+003  0.0000000e+000
  1.8129080e+003  0.0000000e+000
  1.8135650e+003  0.0000000e+000
  1.8142240e+003  0.0000000e+000
  1.8148820e+003  0.0000000e+000
  1.8155410e+003  0.0000000e+000
  1.8162000e+003  0.0000000e+000
  1.8168600e+003  0.0000000e+000
  1.8175210e+003  0.0000000e+000
  1.8181820e+003  0.0000000e+000
  1.8188430e+003  0.0000000e+000
  1.8195050e+003  0.0000000e+000
  1.8201670e+003  0.0000000e+000
  1.8208300e+003  0.0000000e+000
  1.8214940e+003  0.0000000e+000
  1.8221570e+003  0.0000000e+000
  1.8228220e+003  0.0000000e+000
  1.8234860e+003  0.0000000e+000
  1.8241520e+003  0.0000000e+000
  1.8248180e+003  0.0000000e+000
  1.8254840e+003  0.0000000e+000
  1.8261510e+003  0.0000000e+000
  1.8268180e+003  0.0000000e+000
  1.8274850e+003  0.0000000e+000
  1.8281540e+003  0.0000000e+000
  1.8288220e+003  0.0000000e+000
  1.8294910e+003  0.0000000e+000
  1.8301610e+003  0.0000000e+000
  1.8308310e+003  0.0000000e+000
  1.8315020e+003  0.0000000e+000
  1.8321730e+003  0.0000000e+000
  1.8328450e+003  0.0000000e+000
  1.8335170e+003  0.0000000e+000
  1.8341890e+003  0.0000000e+000
  1.8348620e+003  0.0000000e+000
  1.8355360e+003  0.0000000e+000
  1.8362100e+003  0.0000000e+000
  1.8368850e+003  0.0000000e+000
  1.8375600e+003  0.0000000e+000
  1.8382350e+003  0.0000000e+000
  1.8389110e+003  0.0000000e+000
  1.8395880e+003  0.0000000e+000
  1.8402650e+003  0.0000000e+000
  1.8409430e+003  0.0000000e+000
  1.8416210e+003  0.0000000e+000
  1.8422990e+003  0.0000000e+000
  1.8429780e+003  0.0000000e+000
  1.8436580e+003  0.0000000e+000
  1.8443380e+003  0.0000000e+000
  1.8450180e+003  0.0000000e+000
  1.8456990e+003  0.0000000e+000
  1.8463810e+003  0.0000000e+000
  1.8470630e+003  0.0000000e+000
  1.8477460e+003  0.0000000e+000
  1.8484290e+003  0.0000000e+000
  1.8491130e+003  0.0000000e+000
  1.8497970e+003  0.0000000e+000
  1.8504810e+003  0.0000000e+000
  1.8511660e+003  0.0000000e+000
  1.8518520e+003  0.0000000e+000
  1.8525380e+003  0.0000000e+000
  1.8532250e+003  0.0000000e+000
  1.8539120e+003  0.0000000e+000
  1.8546000e+003  0.0000000e+000
  1.8552880e+003  0.0000000e+000
  1.8559760e+003  0.0000000e+000
  1.8566650e+003  0.0000000e+000
  1.8573550e+003  0.0000000e+000
  1.8580450e+003  0.0000000e+000
  1.8587360e+003  0.0000000e+000
  1.8594270e+003  0.0000000e+000
  1.8601190e+003  0.0000000e+000
  1.8608110e+003  0.0000000e+000
  1.8615040e+003  0.0000000e+000
  1.8621970e+003  0.0000000e+000
  1.8628910e+003  0.0000000e+000
  1.8635850e+003  0.0000000e+000
  1.8642800e+003  0.0000000e+000
  1.8649760e+003  0.0000000e+000
  1.8656720e+003  0.0000000e+000
  1.8663680e+003  0.0000000e+000
  1.8670650e+003  0.0000000e+000
  1.8677620e+003  0.0000000e+000
  1.8684600e+003  0.0000000e+000
  1.8691590e+003  0.0000000e+000
  1.8698580e+003  0.0000000e+000
  1.8705570e+003  0.0000000e+000
  1.8712580e+003  0.0000000e+000
  1.8719580e+003  0.0000000e+000
  1.8726590e+003  0.0000000e+000
  1.8733610e+003  0.0000000e+000
  1.8740630e+003  0.0000000e+000
  1.8747660e+003  0.0000000e+000
  1.8754690e+003  0.0000000e+000
  1.8761730e+003  0.0000000e+000
  1.8768770e+003  0.0000000e+000
  1.8775820e+003  0.0000000e+000
  1.8782870e+003  0.0000000e+000
  1.8789930e+003  0.0000000e+000
  1.8796990e+003  0.0000000e+000
  1.8804060e+003  0.0000000e+000
  1.8811140e+003  0.0000000e+000
  1.8818220e+003  0.0000000e+000
  1.8825300e+003  0.0000000e+000
  1.8832390e+003  0.0000000e+000
  1.8839490e+003  0.0000000e+000
  1.8846590e+003  0.0000000e+000
  1.8853700e+003  0.0000000e+000
  1.8860810e+003  0.0000000e+000
  1.8867920e+003  0.0000000e+000
  1.8875050e+003  0.0000000e+000
  1.8882180e+003  0.0000000e+000
  1.8889310e+003  0.0000000e+000
  1.8896450e+003  0.0000000e+000
  1.8903590e+003  0.0000000e+000
  1.8910740e+003  0.0000000e+000
  1.8917900e+003  0.0000000e+000
  1.8925060e+003  0.0000000e+000
  1.8932220e+003  0.0000000e+000
  1.8939390e+003  0.0000000e+000
  1.8946570e+003  0.0000000e+000
  1.8953750e+003  0.0000000e+000
  1.8960940e+003  0.0000000e+000
  1.8968130e+003  0.0000000e+000
  1.8975330e+003  0.0000000e+000
  1.8982540e+003  0.0000000e+000
  1.8989750e+003  0.0000000e+000
  1.8996960e+003  0.0000000e+000
  1.9004180e+003  0.0000000e+000
  1.9011410e+003  0.0000000e+000
  1.9018640e+003  0.0000000e+000
  1.9025880e+003  0.0000000e+000
  1.9033120e+003  0.0000000e+000
  1.9040370e+003  0.0000000e+000
  1.9047620e+003  0.0000000e+000
  1.9054880e+003  0.0000000e+000
  1.9062140e+003  0.0000000e+000
  1.9069410e+003  0.0000000e+000
  1.9076690e+003  0.0000000e+000
  1.9083970e+003  0.0000000e+000
  1.9091260e+003  0.0000000e+000
  1.9098550e+003  0.0000000e+000
  1.9105850e+003  0.0000000e+000
  1.9113150e+003  0.0000000e+000
  1.9120460e+003  0.0000000e+000
  1.9127770e+003  0.0000000e+000
  1.9135090e+003  0.0000000e+000
  1.9142420e+003  0.0000000e+000
  1.9149750e+003  0.0000000e+000
  1.9157090e+003  0.0000000e+000
  1.9164430e+003  0.0000000e+000
  1.9171780e+003  0.0000000e+000
  1.9179130e+003  0.0000000e+000
  1.9186490e+003  0.0000000e+000
  1.9193860e+003  0.0000000e+000
  1.9201230e+003  0.0000000e+000
  1.9208610e+003  0.0000000e+000
  1.9215990e+003  0.0000000e+000
  1.9223380e+003  0.0000000e+000
  1.9230770e+003  0.0000000e+000
  1.9238170e+003  0.0000000e+000
  1.9245570e+003  0.0000000e+000
  1.9252980e+003  0.0000000e+000
  1.9260400e+003  0.0000000e+000
  1.9267820e+003  0.0000000e+000
  1.9275250e+003  0.0000000e+000
  1.9282680e+003  0.0000000e+000
  1.9290120e+003  0.0000000e+000
  1.9297570e+003  0.0000000e+000
  1.9305020e+003  0.0000000e+000
  1.9312480e+003  0.0000000e+000
  1.9319940e+003  0.0000000e+000
  1.9327410e+003  0.0000000e+000
  1.9334880e+003  0.0000000e+000
  1.9342360e+003  0.0000000e+000
  1.9349840e+003  0.0000000e+000
  1.9357340e+003  0.0000000e+000
  1.9364830e+003  0.0000000e+000
  1.9372340e+003  0.0000000e+000
  1.9379840e+003  0.0000000e+000
  1.9387360e+003  0.0000000e+000
  1.9394880e+003  0.0000000e+000
  1.9402410e+003  0.0000000e+000
  1.9409940e+003  0.0000000e+000
  1.9417480e+003  0.0000000e+000
  1.9425020e+003  0.0000000e+000
  1.9432570e+003  0.0000000e+000
  1.9440120e+003  0.0000000e+000
  1.9447690e+003  0.0000000e+000
  1.9455250e+003  0.0000000e+000
  1.9462830e+003  0.0000000e+000
  1.9470400e+003  0.0000000e+000
  1.9477990e+003  0.0000000e+000
  1.9485580e+003  0.0000000e+000
  1.9493180e+003  0.0000000e+000
  1.9500780e+003  0.0000000e+000
  1.9508390e+003  0.0000000e+000
  1.9516000e+003  0.0000000e+000
  1.9523620e+003  0.0000000e+000
  1.9531250e+003  0.0000000e+000
  1.9538880e+003  0.0000000e+000
  1.9546520e+003  0.0000000e+000
  1.9554170e+003  0.0000000e+000
  1.9561820e+003  0.0000000e+000
  1.9569480e+003  0.0000000e+000
  1.9577140e+003  0.0000000e+000
  1.9584800e+003  0.0000000e+000
  1.9592480e+003  0.0000000e+000
  1.9600160e+003  0.0000000e+000
  1.9607840e+003  0.0000000e+000
  1.9615540e+003  0.0000000e+000
  1.9623230e+003  0.0000000e+000
  1.9630940e+003  0.0000000e+000
  1.9638650e+003  0.0000000e+000
  1.9646360e+003  0.0000000e+000
  1.9654090e+003  0.0000000e+000
  1.9661820e+003  0.0000000e+000
  1.9669550e+003  0.0000000e+000
  1.9677290e+003  0.0000000e+000
  1.9685040e+003  0.0000000e+000
  1.9692800e+003  0.0000000e+000
  1.9700550e+003  0.0000000e+000
  1.9708320e+003  0.0000000e+000
  1.9716090e+003  0.0000000e+000
  1.9723860e+003  0.0000000e+000
  1.9731650e+003  0.0000000e+000
  1.9739440e+003  0.0000000e+000
  1.9747240e+003  0.0000000e+000
  1.9755040e+003  0.0000000e+000
  1.9762850e+003  0.0000000e+000
  1.9770660e+003  0.0000000e+000
  1.9778480e+003  0.0000000e+000
  1.9786310e+003  0.0000000e+000
  1.9794140e+003  0.0000000e+000
  1.9801980e+003  0.0000000e+000
  1.9809830e+003  0.0000000e+000
  1.9817680e+003  0.0000000e+000
  1.9825530e+003  0.0000000e+000
  1.9833400e+003  0.0000000e+000
  1.9841270e+003  0.0000000e+000
  1.9849150e+003  0.0000000e+000
  1.9857030e+003  0.0000000e+000
  1.9864920e+003  0.0000000e+000
  1.9872810e+003  0.0000000e+000
  1.9880720e+003  0.0000000e+000
  1.9888620e+003  0.0000000e+000
  1.9896540e+003  0.0000000e+000
  1.9904460e+003  0.0000000e+000
  1.9912390e+003  0.0000000e+000
  1.9920320e+003  0.0000000e+000
  1.9928260e+003  0.0000000e+000
  1.9936200e+003  0.0000000e+000
  1.9944160e+003  0.0000000e+000
  1.9952110e+003  0.0000000e+000
  1.9960080e+003  0.0000000e+000
  1.9968050e+003  0.0000000e+000
  1.9976030e+003  0.0000000e+000
  1.9984010e+003  0.0000000e+000
  1.9992000e+003  0.0000000e+000
  2.0000000e+003  7.5169031e-005
  2.0008000e+003  6.7799745e-005
  2.0016010e+003 -3.5217039e-005
  2.0024030e+003  3.2594919e-005
  2.0032050e+003  8.0132042e-005
  2.0040080e+003  4.9698647e-005
  2.0048120e+003  8.3179897e-005
  2.0056160e+003  2.0123140e-005
  2.0064200e+003  2.4948049e-005
  2.0072260e+003  1.2994006e-004
  2.0080320e+003  1.3136912e-005
  2.0088390e+003 -1.8420049e-005
  2.0096460e+003 -3.8567159e-006
  2.0104540e+003  7.8953773e-005
  2.0112630e+003  8.9776586e-005
  2.0120730e+003 -3.2106775e-005
  2.0128820e+003 -6.0247021e-005
  2.0136930e+003 -1.0624254e-004
  2.0145040e+003  5.3129053e-005
  2.0153160e+003  3.2702817e-005
  2.0161290e+003 -7.2032533e-005
  2.0169420e+003 -2.5278692e-005
  2.0177560e+003 -2.2127806e-005
  2.0185710e+003  2.4335002e-005
  2.0193860e+003  3.0894742e-005
  2.0202020e+003 -1.9136067e-005
  2.0210190e+003 -3.1361473e-005
  2.0218360e+003 -9.4927709e-005
  2.0226540e+003 -6.3118117e-005
  2.0234720e+003 -2.7051060e-006
  2.0242920e+003  3.4992618e-006
  2.0251110e+003  1.2077347e-005
  2.0259320e+003  1.0335883e-005
  2.0267530e+003  1.2260738e-004
  2.0275750e+003  5.7147441e-005
  2.0283980e+003  1.7200393e-004
  2.0292210e+003  9.6829419e-005
  2.0300450e+003  9.5306488e-005
  2.0308700e+003 -5.9759070e-005
  2.0316940e+003  7.3862509e-005
  2.0325200e+003 -4.0822538e-006
  2.0333470e+003  4.5439174e-005
  2.0341740e+003 -6.3128209e-005
  2.0350020e+003 -3.7386521e-006
  2.0358310e+003  7.8299367e-005
  2.0366600e+003 -7.1826951e-005
  2.0374900e+003 -4.2149561e-005
  2.0383200e+003  8.0569880e-005
  2.0391520e+003 -1.2999583e-005
  2.0399840e+003  6.3884276e-005
  2.0408160e+003  5.4663720e-005
  2.0416500e+003  4.4538094e-005
  2.0424840e+003 -1.5709957e-004
  2.0433180e+003 -1.2284137e-004
  2.0441540e+003 -1.4611981e-004
  2.0449900e+003  1.3823067e-004
  2.0458270e+003  3.6188092e-005
  2.0466640e+003  1.0151732e-004
  2.0475020e+003  2.7191714e-005
  2.0483410e+003 -2.4000241e-004
  2.0491800e+003  6.3064713e-006
  2.0500210e+003  1.6451180e-004
  2.0508620e+003  1.6760657e-004
  2.0517030e+003  1.0503539e-004
  2.0525450e+003  8.0635858e-005
  2.0533880e+003 -6.4847103e-005
  2.0542320e+003 -7.1569884e-005
  2.0550760e+003 -1.4316020e-004
  2.0559210e+003  1.7538804e-004
  2.0567670e+003  5.6155401e-005
  2.0576140e+003  2.6442323e-005
  2.0584600e+003 -6.6690482e-005
  2.0593080e+003  8.1948921e-005
  2.0601560e+003  1.1037321e-004
  2.0610060e+003  1.6137667e-005
  2.0618560e+003  1.1569613e-004
  2.0627060e+003  2.0694501e-004
  2.0635570e+003  2.2821994e-004
  2.0644100e+003  3.0230964e-005
  2.0652620e+003  7.5951219e-005
  2.0661160e+003  5.6553701e-005
  2.0669700e+003  8.1002683e-005
  2.0678250e+003 -6.8117828e-005
  2.0686800e+003 -2.2012919e-005
  2.0695370e+003  5.9536160e-005
  2.0703930e+003  4.0785308e-005
  2.0712510e+003  1.5199602e-004
  2.0721090e+003  4.1030429e-004
  2.0729690e+003  2.6248532e-004
  2.0738280e+003  6.3852305e-005
  2.0746890e+003  1.9270550e-004
  2.0755500e+003  2.2227326e-004
  2.0764120e+003  1.2955160e-004
  2.0772750e+003  1.1382942e-004
  2.0781380e+003 -3.9364473e-005
  2.0790020e+003  2.6902035e-004
  2.0798670e+003  1.7989727e-004
  2.0807320e+003  2.7304929e-004
  2.0815990e+003  1.9031807e-004
  2.0824660e+003  1.6953444e-004
  2.0833330e+003  2.1343605e-004
  2.0842020e+003  2.2782740e-004
  2.0850710e+003 -1.4501982e-004
  2.0859410e+003  5.2794196e-005
  2.0868120e+003 -1.1227948e-004
  2.0876830e+003 -2.0301485e-004
  2.0885550e+003 -3.6774413e-004
  2.0894270e+003 -4.0564925e-004
  2.0903010e+003  2.5718191e-004
  2.0911750e+003  1.5219438e-004
  2.0920500e+003  3.7160426e-004
  2.0929260e+003  2.1948830e-004
  2.0938020e+003 -1.5680805e-004
  2.0946790e+003 -1.2372906e-004
  2.0955570e+003 -1.7337651e-004
  2.0964360e+003  3.0093222e-005
  2.0973150e+003  1.5535972e-004
  2.0981960e+003  4.0351716e-004
  2.0990760e+003 -1.1330497e-004
  2.0999580e+003 -1.6429054e-004
  2.1008400e+003 -1.3462637e-004
  2.1017230e+003 -1.5116065e-004
  2.1026070e+003  5.6941953e-004
  2.1034920e+003  2.4163668e-004
  2.1043770e+003  2.0099169e-004
  2.1052630e+003 -3.0099138e-005
  2.1061500e+003 -2.3431852e-004
  2.1070380e+003  4.0601776e-004
  2.1079260e+003  4.3554866e-004
  2.1088150e+003  4.3687567e-005
  2.1097050e+003  1.1716022e-004
  2.1105950e+003  1.7001109e-004
  2.1114870e+003 -2.4971904e-004
  2.1123780e+003  3.5078498e-004
  2.1132710e+003  6.3644839e-004
  2.1141650e+003  3.2500134e-004
  2.1150590e+003  2.2101526e-006
  2.1159540e+003  2.9006094e-004
  2.1168500e+003 -2.6575240e-004
  2.1177470e+003 -4.9815059e-004
  2.1186440e+003  7.6512122e-005
  2.1195420e+003  8.4271822e-005
  2.1204410e+003  4.1426669e-004
  2.1213410e+003 -4.9255112e-005
  2.1222410e+003  4.2380259e-004
  2.1231420e+003  1.8625331e-005
  2.1240440e+003  1.1813608e-004
  2.1249470e+003  3.2380768e-004
  2.1258500e+003  1.2192086e-004
  2.1267540e+003  2.9139285e-004
  2.1276600e+003  3.0900483e-004
  2.1285650e+003  1.1222138e-004
  2.1294720e+003 -3.6012325e-006
  2.1303790e+003 -5.2971696e-004
  2.1312870e+003  4.5241750e-004
  2.1321960e+003  3.0819094e-004
  2.1331060e+003  4.7499588e-004
  2.1340160e+003  6.0249702e-004
  2.1349270e+003  6.1407761e-004
  2.1358390e+003  8.1178889e-004
  2.1367520e+003  1.0742141e-003
  2.1376660e+003  4.9579953e-004
  2.1385800e+003  2.9369601e-004
  2.1394960e+003  8.9137182e-005
  2.1404110e+003  3.0162034e-004
  2.1413280e+003  3.8874432e-004
  2.1422450e+003 -3.2345793e-005
  2.1431630e+003 -6.7043240e-004
  2.1440820e+003 -3.7853501e-004
  2.1450020e+003  4.2567533e-004
  2.1459230e+003  3.4662336e-004
  2.1468440e+003  8.3162991e-004
  2.1477660e+003  6.6730665e-004
  2.1486890e+003 -3.1403860e-004
  2.1496130e+003  1.0931162e-003
  2.1505380e+003  1.1137933e-003
  2.1514630e+003  7.0227811e-004
  2.1523890e+003  8.7584776e-004
  2.1533160e+003  6.8475149e-004
  2.1542440e+003  1.0615886e-003
  2.1551720e+003  4.7990095e-004
  2.1561020e+003 -2.4793539e-004
  2.1570320e+003  5.2755895e-005
  2.1579630e+003  3.3113742e-004
  2.1588950e+003  1.0229821e-003
  2.1598270e+003  1.1668243e-003
  2.1607610e+003  1.2378641e-003
  2.1616950e+003  4.1000903e-004
  2.1626300e+003  5.7683949e-004
  2.1635650e+003 -1.8990618e-004
  2.1645020e+003 -2.5335173e-004
  2.1654390e+003  1.7915091e-004
  2.1663780e+003  6.7963405e-004
  2.1673170e+003  1.3614394e-003
  2.1682570e+003  2.4619154e-004
  2.1691980e+003  2.5350088e-004
  2.1701390e+003  4.2837107e-004
  2.1710810e+003  8.4395433e-004
  2.1720240e+003  8.5579162e-004
  2.1729680e+003  7.6946721e-004
  2.1739130e+003  9.0551615e-004
  2.1748590e+003  2.1324905e-004
  2.1758050e+003  1.8580282e-003
  2.1767530e+003  1.2588318e-003
  2.1777000e+003  1.7526670e-003
  2.1786490e+003  1.6884351e-003
  2.1795990e+003  1.9333707e-003
  2.1805500e+003  1.4655014e-003
  2.1815010e+003  1.2552708e-003
  2.1824530e+003  4.6162819e-004
  2.1834060e+003  5.2489489e-005
  2.1843600e+003  6.5119058e-004
  2.1853150e+003  1.6958371e-003
  2.1862700e+003  1.3656159e-003
  2.1872270e+003  4.8930710e-004
  2.1881840e+003  2.0128684e-003
  2.1891420e+003  2.3589882e-003
  2.1901010e+003  2.5418235e-003
  2.1910600e+003  1.5199089e-003
  2.1920210e+003  1.6601402e-003
  2.1929820e+003  1.9417525e-003
  2.1939450e+003  2.1938183e-003
  2.1949080e+003  2.2346769e-003
  2.1958720e+003  2.5680051e-003
  2.1968360e+003  2.6999249e-003
  2.1978020e+003  3.4513155e-003
  2.1987690e+003  2.8612157e-003
  2.1997360e+003  2.6727999e-003
  2.2007040e+003  3.5556466e-003
  2.2016730e+003  4.7181216e-003
  2.2026430e+003  4.0304991e-003
  2.2036140e+003  5.7944735e-003
  2.2045860e+003  5.7478352e-003
  2.2055580e+003  6.9308276e-003
  2.2065310e+003  6.4658006e-003
  2.2075050e+003  6.9422731e-003
  2.2084810e+003  6.3583292e-003
  2.2094570e+003  7.3723854e-003
  2.2104330e+003  9.4689326e-003
  2.2114110e+003  9.8050609e-003
  2.2123890e+003  1.1094308e-002
  2.2133690e+003  1.1796178e-002
  2.2143490e+003  1.3012243e-002
  2.2153300e+003  1.4165927e-002
  2.2163120e+003  1.6825195e-002
  2.2172950e+003  1.9196194e-002
  2.2182790e+003  2.0325296e-002
  2.2192630e+003  2.2898830e-002
  2.2202490e+003  2.6482271e-002
  2.2212350e+003  2.9724782e-002
  2.2222220e+003  3.3094052e-002
  2.2232100e+003  3.8423598e-002
  2.2241990e+003  4.5429397e-002
  2.2251890e+003  5.1341087e-002
  2.2261800e+003  6.0652524e-002
  2.2271720e+003  7.0663393e-002
  2.2281640e+003  8.1078261e-002
  2.2291570e+003  9.4564371e-002
  2.2301520e+003  1.1332770e-001
  2.2311470e+003  1.3643310e-001
  2.2321430e+003  1.6189670e-001
  2.2331400e+003  1.9594210e-001
  2.2341380e+003  2.3429230e-001
  2.2351360e+003  2.8115130e-001
  2.2361360e+003  3.3607860e-001
  2.2371360e+003  3.9975500e-001
  2.2381380e+003  4.7283340e-001
  2.2391400e+003  5.5136980e-001
  2.2401430e+003  6.3307440e-001
  2.2411470e+003  7.1034290e-001
  2.2421520e+003  7.8369830e-001
  2.2431580e+003  8.5845760e-001
  2.2441650e+003  9.1021850e-001
  2.2451730e+003  9.4618170e-001
  2.2461810e+003  9.6988770e-001
  2.2471910e+003  9.8585900e-001
  2.2482010e+003  9.9467240e-001
  2.2492130e+003  9.9935600e-001
  2.2502250e+003  1.0000000e+000
  2.2512380e+003  9.9997000e-001
  2.2522520e+003  9.9331780e-001
  2.2532670e+003  9.9717110e-001
  2.2542830e+003  9.8039450e-001
  2.2553000e+003  9.5358180e-001
  2.2563180e+003  9.1467620e-001
  2.2573360e+003  8.6133660e-001
  2.2583560e+003  7.9534960e-001
  2.2593760e+003  7.2088650e-001
  2.2603980e+003  6.3865110e-001
  2.2614200e+003  5.5751990e-001
  2.2624430e+003  4.7869600e-001
  2.2634680e+003  4.1293830e-001
  2.2644930e+003  3.4852560e-001
  2.2655190e+003  2.9364380e-001
  2.2665460e+003  2.4593960e-001
  2.2675740e+003  2.0631940e-001
  2.2686030e+003  1.7466710e-001
  2.2696320e+003  1.4761540e-001
  2.2706630e+003  1.2333580e-001
  2.2716950e+003  1.0419370e-001
  2.2727270e+003  8.8401929e-002
  2.2737610e+003  7.0078276e-002
  2.2747950e+003  6.0269441e-002
  2.2758310e+003  5.2889820e-002
  2.2768670e+003  4.5227207e-002
  2.2779040e+003  3.9417442e-002
  2.2789430e+003  3.4566708e-002
  2.2799820e+003  3.1384882e-002
  2.2810220e+003  2.7742160e-002
  2.2820630e+003  2.4364801e-002
  2.2831050e+003  2.2281764e-002
  2.2841480e+003  1.8932045e-002
  2.2851920e+003  1.6068043e-002
  2.2862370e+003  1.4177141e-002
  2.2872830e+003  1.3277968e-002
  2.2883300e+003  1.2086340e-002
  2.2893770e+003  1.1516416e-002
  2.2904260e+003  1.0155211e-002
  2.2914760e+003  8.4387157e-003
  2.2925260e+003  8.6701196e-003
  2.2935780e+003  6.9033206e-003
  2.2946310e+003  7.6974346e-003
  2.2956840e+003  6.9709541e-003
  2.2967390e+003  6.6178227e-003
  2.2977940e+003  3.9429609e-003
  2.2988510e+003  5.8625196e-003
  2.2999080e+003  5.2388017e-003
  2.3009660e+003  3.9128573e-003
  2.3020260e+003  3.0601968e-003
  2.3030860e+003  2.0991487e-003
  2.3041470e+003  2.8632798e-003
  2.3052100e+003  2.1165162e-003
  2.3062730e+003  2.3567909e-003
  2.3073370e+003  3.2274579e-003
  2.3084030e+003  2.8384791e-003
  2.3094690e+003  2.0517157e-003
  2.3105360e+003  2.2333085e-003
  2.3116040e+003  9.2579634e-004
  2.3126740e+003  4.8883655e-004
  2.3137440e+003  5.3753651e-004
  2.3148150e+003  1.0508395e-003
  2.3158870e+003 -6.4597721e-004
  2.3169600e+003  1.6937674e-003
  2.3180340e+003  1.3321142e-003
  2.3191100e+003  1.0724807e-003
  2.3201860e+003  4.0712510e-003
  2.3212630e+003  2.5698147e-003
  2.3223410e+003  1.9765305e-003
  2.3234200e+003  4.2863653e-004
  2.3245000e+003  3.8376509e-004
  2.3255810e+003  1.5438745e-003
  2.3266640e+003  2.1873203e-003
  2.3277470e+003  2.8465281e-003
  2.3288310e+003  7.2471431e-004
  2.3299160e+003  1.7080099e-003
  2.3310020e+003  2.3277821e-003
  2.3320900e+003  1.1906297e-003
  2.3331780e+003  7.8209711e-004
  2.3342670e+003  1.6178500e-003
  2.3353570e+003  1.7355972e-003
  2.3364480e+003  3.8621826e-003
  2.3375410e+003  1.0267971e-003
  2.3386340e+003 -3.0121932e-004
  2.3397290e+003  3.0742122e-003
  2.3408240e+003  1.7127225e-003
  2.3419200e+003  3.0840784e-003
  2.3430180e+003 -4.9702317e-004
  2.3441160e+003  1.0405909e-004
  2.3452160e+003  1.3229274e-003
  2.3463160e+003  1.2176193e-004
  2.3474180e+003 -2.7429670e-004
  2.3485210e+003  2.8096276e-004
  2.3496240e+003 -2.9728079e-004
  2.3507290e+003 -8.9073139e-005
  2.3518340e+003  1.4709563e-003
  2.3529410e+003  2.6197399e-003
  2.3540490e+003 -1.3940567e-003
  2.3551580e+003 -8.1555784e-004
  2.3562680e+003 -1.8915185e-003
  2.3573780e+003  1.5988006e-003
  2.3584910e+003  8.8116206e-004
  2.3596040e+003 -4.8079339e-004
  2.3607180e+003  2.7534899e-003
  2.3618330e+003  2.5631431e-003
  2.3629490e+003  2.8808697e-004
  2.3640660e+003  1.1312028e-003
  2.3651840e+003 -1.8729359e-003
  2.3663040e+003  1.7068514e-003
  2.3674240e+003  2.1641257e-003
  2.3685460e+003  3.2673846e-004
  2.3696680e+003 -1.0929237e-003
  2.3707920e+003 -8.9957414e-004
  2.3719170e+003  3.9511255e-004
  2.3730420e+003  1.7690707e-005
  2.3741690e+003  1.1818443e-003
  2.3752970e+003 -7.0592767e-004
  2.3764260e+003  1.8298189e-003
  2.3775560e+003  4.0790520e-004
  2.3786870e+003  1.7680287e-003
  2.3798190e+003  1.1511280e-003
  2.3809520e+003  1.3252988e-003
  2.3820870e+003  1.2112583e-004
  2.3832220e+003  8.8198824e-005
  2.3843590e+003  2.5762097e-004
  2.3854960e+003 -1.6789103e-004
  2.3866350e+003  6.1223132e-006
  2.3877740e+003  7.2776352e-004
  2.3889160e+003  1.5093056e-003
  2.3900570e+003  9.0884790e-004
  2.3912000e+003  1.0016017e-003
  2.3923440e+003 -8.6971399e-005
  2.3934900e+003 -1.0836471e-003
  2.3946360e+003 -1.0368187e-003
  2.3957840e+003  2.0760598e-004
  2.3969320e+003  6.4217567e-004
  2.3980820e+003  7.4237952e-004
  2.3992320e+003 -9.0321578e-004
  2.4003840e+003  6.2754471e-004
  2.4015370e+003 -5.6633689e-005
  2.4026910e+003 -8.8496780e-004
  2.4038460e+003  7.0298044e-004
  2.4050020e+003  6.4313371e-004
  2.4061600e+003 -3.6917423e-004
  2.4073180e+003  8.2269293e-004
  2.4084780e+003 -4.7228497e-004
  2.4096380e+003  3.6483546e-004
  2.4108010e+003  3.6483005e-004
  2.4119630e+003 -9.4263622e-004
  2.4131270e+003 -2.6935624e-004
  2.4142920e+003 -1.3497581e-004
  2.4154590e+003  4.9973570e-004
  2.4166260e+003  8.0017070e-004
  2.4177950e+003  1.1170117e-004
  2.4189650e+003 -6.0765701e-004
  2.4201350e+003  1.9257171e-004
  2.4213070e+003  4.6984313e-004
  2.4224810e+003 -4.7670960e-004
  2.4236550e+003  1.6418830e-004
  2.4248300e+003  9.4085565e-004
  2.4260070e+003  4.3108655e-004
  2.4271850e+003  1.5677942e-003
  2.4283630e+003  8.2384341e-004
  2.4295430e+003  2.3274658e-004
  2.4307240e+003  6.1834004e-004
  2.4319070e+003  3.5316606e-007
  2.4330900e+003  8.8212016e-004
  2.4342750e+003 -1.5081021e-003
  2.4354600e+003  2.5068005e-004
  2.4366470e+003  2.1079826e-004
  2.4378350e+003  8.2529726e-004
  2.4390240e+003  5.2117615e-004
  2.4402150e+003  9.5397927e-004
  2.4414060e+003  9.3919807e-006
  2.4425990e+003 -3.0628673e-004
  2.4437930e+003  4.6483389e-004
  2.4449880e+003 -2.3875915e-004
  2.4461840e+003  3.3810473e-004
  2.4473810e+003 -4.2493816e-004
  2.4485800e+003  2.7683485e-004
  2.4497800e+003  3.8786311e-004
  2.4509800e+003 -9.4191160e-004
  2.4521820e+003  1.1108805e-003
  2.4533850e+003  2.7032789e-005
  2.4545900e+003  4.6607427e-004
  2.4557960e+003  5.6932640e-004
  2.4570020e+003 -1.0302942e-004
  2.4582100e+003  3.1302296e-004
  2.4594200e+003  1.5843538e-005
  2.4606300e+003 -6.7007780e-004
  2.4618420e+003 -4.8727714e-004
  2.4630540e+003 -1.1864884e-003
  2.4642680e+003  2.8078831e-004
  2.4654830e+003  1.1571868e-003
  2.4667000e+003  6.0077675e-004
  2.4679170e+003 -4.2722363e-004
  2.4691360e+003  7.4930285e-005
  2.4703560e+003  4.6040193e-005
  2.4715770e+003 -4.0043557e-005
  2.4727990e+003 -6.4251886e-005
  2.4740230e+003 -5.6007429e-004
  2.4752480e+003  1.5847214e-003
  2.4764730e+003 -1.4365074e-003
  2.4777010e+003  4.0312030e-004
  2.4789290e+003  3.5735092e-004
  2.4801590e+003  7.5322372e-004
  2.4813890e+003 -3.0293036e-004
  2.4826220e+003  1.0877220e-004
  2.4838550e+003 -3.2102800e-004
  2.4850890e+003  8.5747970e-004
  2.4863250e+003  1.0076154e-003
  2.4875620e+003  7.4539072e-005
  2.4888000e+003  2.3303562e-004
  2.4900400e+003  1.3267259e-004
  2.4912810e+003  1.9705865e-004
  2.4925220e+003  1.1083137e-004
  2.4937650e+003  2.9980396e-005
  2.4950100e+003  3.5775629e-005
  2.4962560e+003  1.7048369e-004
  2.4975020e+003 -2.3400279e-004
  2.4987510e+003 -3.4936095e-004
  2.5000000e+003  1.1509117e-004
  2.5012510e+003 -3.6340140e-004
  2.5025020e+003  4.2674161e-004
  2.5037560e+003  5.6178298e-005
  2.5050100e+003  2.1080600e-004
  2.5062660e+003  1.2912967e-003
  2.5075230e+003  1.1044027e-003
  2.5087810e+003  4.5577771e-004
  2.5100400e+003 -2.7846647e-004
  2.5113010e+003 -3.8818148e-004
  2.5125630e+003 -9.2354976e-006
  2.5138260e+003  9.4358070e-004
  2.5150910e+003  1.2393773e-005
  2.5163560e+003 -1.5129060e-004
  2.5176240e+003 -1.3688288e-004
  2.5188920e+003 -4.5780016e-005
  2.5201610e+003  5.4330629e-004
  2.5214320e+003  9.7518659e-004
  2.5227040e+003 -9.3891990e-004
  2.5239780e+003 -1.4144091e-004
  2.5252520e+003 -7.6816994e-004
  2.5265290e+003 -3.8804955e-004
  2.5278060e+003 -3.9246710e-004
  2.5290840e+003  2.8176955e-004
  2.5303650e+003  4.8322053e-004
  2.5316460e+003  5.0868024e-004
  2.5329280e+003  2.3509773e-004
  2.5342120e+003  6.7491892e-005
  2.5354970e+003 -6.6401268e-004
  2.5367830e+003 -1.3557859e-004
  2.5380710e+003  1.6370475e-004
  2.5393600e+003 -1.3471694e-003
  2.5406500e+003  1.7544330e-004
  2.5419420e+003  8.3467283e-004
  2.5432350e+003  1.8385655e-005
  2.5445290e+003 -4.5609043e-004
  2.5458250e+003  2.0837598e-004
  2.5471220e+003 -1.0331147e-004
  2.5484200e+003  4.9520109e-005
  2.5497190e+003 -8.9093449e-004
  2.5510200e+003  1.0376282e-004
  2.5523230e+003  3.7538284e-004
  2.5536260e+003 -2.4796341e-004
  2.5549310e+003  3.0154534e-004
  2.5562370e+003  2.4403307e-005
  2.5575450e+003  7.1466318e-004
  2.5588540e+003  2.3621228e-004
  2.5601640e+003 -1.6139183e-004
  2.5614750e+003 -1.0316159e-003
  2.5627880e+003  5.8266672e-004
  2.5641030e+003 -2.4949881e-004
  2.5654180e+003  2.1670586e-004
  2.5667350e+003  3.7373425e-004
  2.5680530e+003 -2.3013572e-004
  2.5693730e+003 -9.6893567e-004
  2.5706940e+003 -7.6605240e-004
  2.5720160e+003 -4.0941985e-004
  2.5733400e+003  1.9665921e-004
  2.5746650e+003  5.7538564e-004
  2.5759920e+003 -3.4869645e-005
  2.5773200e+003  1.7771705e-004
  2.5786490e+003 -2.4989588e-004
  2.5799790e+003  4.0732810e-004
  2.5813110e+003  8.3501689e-004
  2.5826450e+003 -6.9157315e-005
  2.5839790e+003  1.6145124e-004
  2.5853150e+003  4.5297824e-005
  2.5866530e+003 -2.2402006e-004
  2.5879920e+003  4.2496974e-004
  2.5893320e+003 -6.8705436e-004
  2.5906740e+003 -3.9107207e-004
  2.5920170e+003  9.5568137e-004
  2.5933610e+003 -2.4477483e-004
  2.5947070e+003  4.5712985e-004
  2.5960540e+003  3.3315699e-004
  2.5974030e+003  1.0240898e-004
  2.5987530e+003 -1.6279460e-004
  2.6001040e+003 -5.2753353e-004
  2.6014570e+003 -1.0350203e-004
  2.6028110e+003 -5.3887954e-005
  2.6041670e+003  3.8538163e-004
  2.6055240e+003  4.3344850e-004
  2.6068820e+003  3.4943450e-004
  2.6082420e+003  5.8069930e-004
  2.6096030e+003  8.3951966e-004
  2.6109660e+003  5.6466891e-004
  2.6123300e+003 -3.4518537e-004
  2.6136960e+003 -7.0376787e-005
  2.6150630e+003 -7.2823884e-004
  2.6164310e+003 -5.7095103e-004
  2.6178010e+003  4.3783532e-004
  2.6191720e+003 -1.3058381e-004
  2.6205450e+003 -1.0082402e-003
  2.6219190e+003  5.4803595e-004
  2.6232950e+003 -4.4575855e-004
  2.6246720e+003  3.4428176e-006
  2.6260500e+003  1.7255334e-004
  2.6274300e+003  4.5391507e-004
  2.6288120e+003  5.7119253e-004
  2.6301950e+003  1.2038323e-004
  2.6315790e+003  1.9711808e-005
  2.6329650e+003  2.2913258e-004
  2.6343520e+003  8.7733468e-004
  2.6357410e+003  1.2930243e-004
  2.6371310e+003  4.3882386e-004
  2.6385220e+003 -5.6862447e-004
  2.6399160e+003 -3.7798251e-004
  2.6413100e+003  2.0364794e-004
  2.6427060e+003 -1.2204093e-003
  2.6441040e+003  5.9234462e-004
  2.6455030e+003  8.5683761e-004
  2.6469030e+003  1.2233055e-003
  2.6483050e+003  2.3000855e-004
  2.6497080e+003 -3.9212636e-004
  2.6511140e+003 -4.3873340e-004
  2.6525200e+003 -8.0765669e-005
  2.6539280e+003  1.6549605e-004
  2.6553370e+003 -2.0637104e-004
  2.6567480e+003  8.3788740e-004
  2.6581600e+003  4.7489110e-004
  2.6595740e+003 -4.4206431e-004
  2.6609900e+003  4.5884404e-004
  2.6624070e+003 -3.8896533e-004
  2.6638250e+003  5.4058048e-005
  2.6652450e+003 -6.9440709e-004
  2.6666670e+003  7.4834493e-004
  2.6680900e+003  1.5416053e-004
  2.6695140e+003 -5.4700748e-004
  2.6709400e+003  3.7853108e-005
  2.6723680e+003 -2.0537678e-004
  2.6737970e+003  3.6986815e-004
  2.6752280e+003 -4.8850889e-005
  2.6766590e+003 -1.3802927e-004
  2.6780930e+003  4.3555425e-004
  2.6795280e+003  2.3903373e-004
  2.6809650e+003 -3.2953901e-004
  2.6824040e+003 -3.0305327e-004
  2.6838430e+003 -1.9448237e-004
  2.6852850e+003 -7.7343336e-004
  2.6867280e+003  2.3306577e-004
  2.6881720e+003  1.1696917e-004
  2.6896180e+003 -6.7015481e-004
  2.6910660e+003 -2.4232479e-004
  2.6925150e+003 -1.4006188e-004
  2.6939660e+003  3.3755493e-004
  2.6954180e+003 -3.0655021e-004
  2.6968720e+003 -3.3867144e-004
  2.6983270e+003  4.1625093e-004
  2.6997840e+003  5.5451912e-004
  2.7012430e+003 -1.0705926e-004
  2.7027030e+003  3.1463391e-004
  2.7041650e+003  1.5287730e-004
  2.7056280e+003  5.5218389e-004
  2.7070930e+003  2.0960375e-005
  2.7085590e+003  3.5977268e-004
  2.7100270e+003 -7.8978403e-005
  2.7114970e+003  1.5935312e-004
  2.7129680e+003  2.1295313e-004
  2.7144410e+003  2.3836614e-005
  2.7159150e+003  2.6064535e-004
  2.7173910e+003  1.2151683e-003
  2.7188690e+003  4.8119487e-004
  2.7203480e+003  1.3831462e-004
  2.7218290e+003 -5.2577583e-004
  2.7233120e+003  2.9959949e-004
  2.7247960e+003 -1.4278211e-004
  2.7262810e+003  1.0453162e-003
  2.7277690e+003 -1.3512012e-004
  2.7292580e+003 -1.2191093e-004
  2.7307480e+003  3.1407955e-004
  2.7322400e+003 -9.0792781e-004
  2.7337340e+003 -2.4203605e-004
  2.7352300e+003  6.5022078e-004
  2.7367270e+003  4.2743527e-004
  2.7382260e+003  7.3658931e-004
  2.7397260e+003  2.5282160e-004
  2.7412280e+003  2.5266959e-004
  2.7427320e+003 -1.6265476e-004
  2.7442370e+003  5.3949386e-004
  2.7457440e+003 -8.6611905e-004
  2.7472530e+003  2.1349854e-004
  2.7487630e+003  7.8952458e-004
  2.7502750e+003  6.2713603e-004
  2.7517890e+003 -3.0182549e-004
  2.7533040e+003 -8.3807507e-004
  2.7548210e+003  8.1888638e-006
  2.7563400e+003 -1.6373012e-004
  2.7578600e+003  6.4169028e-004
  2.7593820e+003 -5.7013769e-004
  2.7609060e+003  9.9523831e-004
  2.7624310e+003  1.1955832e-004
  2.7639580e+003 -1.2062620e-005
  2.7654870e+003  2.0149972e-004
  2.7670170e+003  6.4056279e-004
  2.7685490e+003  1.8224542e-004
  2.7700830e+003 -3.5615504e-004
  2.7716190e+003  7.4525474e-004
  2.7731560e+003 -1.9880950e-004
  2.7746950e+003  7.4330659e-005
  2.7762350e+003  6.6132226e-005
  2.7777780e+003  5.6462071e-004
  2.7793220e+003 -1.6444543e-004
  2.7808680e+003 -2.2040402e-004
  2.7824150e+003 -7.7396102e-004
  2.7839640e+003  4.9667485e-004
  2.7855150e+003  2.4332291e-004
  2.7870680e+003  2.2795708e-004
  2.7886230e+003 -7.7796151e-004
  2.7901780e+003  6.1152467e-005
  2.7917360e+003  1.4588420e-003
  2.7932960e+003 -8.0424937e-004
  2.7948570e+003  6.3856808e-004
  2.7964210e+003  1.8899573e-004
  2.7979860e+003  8.7420538e-004
  2.7995520e+003  2.2881458e-004
  2.8011210e+003 -9.8474331e-005
  2.8026900e+003  1.3772893e-004
  2.8042620e+003 -1.8326398e-005
  2.8058360e+003  5.2905962e-004
  2.8074120e+003 -1.2920893e-004
  2.8089890e+003 -8.4435561e-004
  2.8105680e+003  3.5853556e-004
  2.8121480e+003  2.9391248e-004
  2.8137310e+003 -4.5893650e-004
  2.8153150e+003  8.0048922e-005
  2.8169010e+003 -5.8695715e-004
  2.8184890e+003  6.6427521e-005
  2.8200790e+003 -1.2742569e-004
  2.8216700e+003  1.2138163e-004
  2.8232640e+003  8.6295395e-004
  2.8248590e+003  5.9417548e-004
  2.8264560e+003 -3.4542082e-004
  2.8280540e+003 -1.3565166e-004
  2.8296550e+003  5.0861569e-004
  2.8312570e+003  7.3280395e-004
  2.8328610e+003  3.2472485e-004
  2.8344670e+003  1.7710916e-005
  2.8360750e+003  1.4652114e-004
  2.8376850e+003 -1.7264967e-005
  2.8392960e+003  1.2516587e-003
  2.8409090e+003  9.2400714e-006
  2.8425240e+003 -2.7759765e-005
  2.8441410e+003  6.8214221e-004
  2.8457600e+003 -1.9966000e-004
  2.8473800e+003  4.6365921e-004
  2.8490030e+003  1.1563456e-003
  2.8506270e+003  1.5027847e-003
  2.8522530e+003  3.2768308e-004
  2.8538810e+003  5.6641229e-004
  2.8555110e+003 -2.6953174e-004
  2.8571430e+003  6.3125516e-004
  2.8587770e+003 -1.2644970e-004
  2.8604120e+003  7.6306773e-005
  2.8620490e+003 -5.2670224e-005
  2.8636880e+003 -2.3946937e-005
  2.8653300e+003  2.1835343e-005
  2.8669730e+003  1.8707459e-004
  2.8686170e+003 -8.4802938e-005
  2.8702640e+003 -4.3499758e-004
  2.8719130e+003  3.6066363e-004
  2.8735630e+003  1.3782558e-005
  2.8752160e+003 -1.6044920e-004
  2.8768700e+003 -6.9217099e-004
  2.8785260e+003 -9.7098795e-004
  2.8801840e+003  5.0157111e-004
  2.8818440e+003  4.4485994e-004
  2.8835060e+003 -3.7442434e-005
  2.8851700e+003 -1.0655808e-004
  2.8868360e+003 -7.7297183e-004
  2.8885040e+003  9.4739931e-005
  2.8901730e+003 -3.2349312e-004
  2.8918450e+003  1.4472513e-004
  2.8935190e+003  2.1341702e-004
  2.8951940e+003  6.0677750e-004
  2.8968720e+003  1.3713844e-004
  2.8985510e+003 -3.6960823e-004
  2.9002320e+003 -7.7389312e-005
  2.9019150e+003  3.5628080e-004
  2.9036000e+003  7.0897455e-004
  2.9052880e+003 -6.9321628e-004
  2.9069770e+003  5.2444002e-004
  2.9086680e+003 -1.7331389e-004
  2.9103610e+003 -1.2339901e-003
  2.9120560e+003 -7.7759515e-004
  2.9137530e+003  1.0837564e-003
  2.9154520e+003 -1.2634872e-004
  2.9171530e+003  1.9803685e-004
  2.9188560e+003 -3.3142735e-004
  2.9205610e+003 -3.0946100e-004
  2.9222680e+003  3.8509979e-004
  2.9239770e+003  5.3214538e-004
  2.9256880e+003 -1.2411237e-003
  2.9274010e+003  5.0988896e-005
  2.9291150e+003 -9.4932382e-004
  2.9308330e+003 -8.6313236e-004
  2.9325510e+003 -1.9314169e-004
  2.9342720e+003 -7.5497024e-005
  2.9359950e+003  3.5145102e-004
  2.9377200e+003 -1.7197448e-004
  2.9394480e+003 -2.6248419e-004
  2.9411760e+003 -1.1201864e-004
  2.9429070e+003 -3.1479643e-004
  2.9446410e+003 -2.4057427e-004
  2.9463760e+003  8.9131921e-005
  2.9481130e+003  4.0966319e-004
  2.9498520e+003  2.2840925e-004
  2.9515940e+003  3.4446653e-005
  2.9533370e+003  6.7548582e-004
  2.9550830e+003 -6.6000252e-004
  2.9568300e+003  9.0440444e-004
  2.9585800e+003  4.9398601e-004
  2.9603320e+003  5.6670449e-004
  2.9620850e+003 -1.6954902e-004
  2.9638410e+003 -6.9507374e-004
  2.9655990e+003 -1.6575394e-004
  2.9673590e+003 -1.4558918e-004
  2.9691210e+003 -2.1330190e-004
  2.9708850e+003  3.0026410e-004
  2.9726520e+003 -2.3756090e-004
  2.9744200e+003 -1.5339853e-004
  2.9761910e+003  5.4477790e-004
  2.9779630e+003 -2.1034188e-004
  2.9797380e+003  9.1090432e-004
  2.9815150e+003  4.9274514e-004
  2.9832930e+003 -4.2034537e-004
  2.9850750e+003  9.2064489e-005
  2.9868580e+003  6.1318243e-004
  2.9886430e+003 -4.4193273e-004
  2.9904300e+003 -8.3174738e-005
  2.9922200e+003  1.0083127e-003
  2.9940120e+003  5.7869570e-006
  2.9958060e+003 -2.1342780e-004
  2.9976020e+003  7.2273730e-007
  2.9994000e+003  1.6604093e-004
  3.0012000e+003  0.0000000e+000
  3.0030030e+003  0.0000000e+000
  3.0048080e+003  0.0000000e+000
  3.0066150e+003  0.0000000e+000
  3.0084240e+003  0.0000000e+000
  3.0102350e+003  0.0000000e+000
  3.0120480e+003  0.0000000e+000
  3.0138640e+003  0.0000000e+000
  3.0156820e+003  0.0000000e+000
  3.0175020e+003  0.0000000e+000
  3.0193240e+003  0.0000000e+000
  3.0211480e+003  0.0000000e+000
  3.0229750e+003  0.0000000e+000
  3.0248030e+003  0.0000000e+000
  3.0266350e+003  0.0000000e+000
  3.0284680e+003  0.0000000e+000
  3.0303030e+003  0.0000000e+000
  3.0321410e+003  0.0000000e+000
  3.0339800e+003  0.0000000e+000
  3.0358230e+003  0.0000000e+000
  3.0376670e+003  0.0000000e+000
  3.0395140e+003  0.0000000e+000
  3.0413630e+003  0.0000000e+000
  3.0432140e+003  0.0000000e+000
  3.0450670e+003  0.0000000e+000
  3.0469230e+003  0.0000000e+000
  3.0487810e+003  0.0000000e+000
  3.0506410e+003  0.0000000e+000
  3.0525030e+003  0.0000000e+000
  3.0543680e+003  0.0000000e+000
  3.0562350e+003  0.0000000e+000
  3.0581040e+003  0.0000000e+000
  3.0599760e+003  0.0000000e+000
  3.0618490e+003  0.0000000e+000
  3.0637260e+003  0.0000000e+000
  3.0656040e+003  0.0000000e+000
  3.0674850e+003  0.0000000e+000
  3.0693680e+003  0.0000000e+000
  3.0712530e+003  0.0000000e+000
  3.0731410e+003  0.0000000e+000
  3.0750310e+003  0.0000000e+000
  3.0769230e+003  0.0000000e+000
  3.0788180e+003  0.0000000e+000
  3.0807150e+003  0.0000000e+000
  3.0826140e+003  0.0000000e+000
  3.0845160e+003  0.0000000e+000
  3.0864200e+003  0.0000000e+000
  3.0883260e+003  0.0000000e+000
  3.0902350e+003  0.0000000e+000
  3.0921460e+003  0.0000000e+000
  3.0940590e+003  0.0000000e+000
  3.0959750e+003  0.0000000e+000
  3.0978940e+003  0.0000000e+000
  3.0998140e+003  0.0000000e+000
  3.1017370e+003  0.0000000e+000
  3.1036620e+003  0.0000000e+000
  3.1055900e+003  0.0000000e+000
  3.1075200e+003  0.0000000e+000
  3.1094530e+003  0.0000000e+000
  3.1113880e+003  0.0000000e+000
  3.1133250e+003  0.0000000e+000
  3.1152650e+003  0.0000000e+000
  3.1172070e+003  0.0000000e+000
  3.1191520e+003  0.0000000e+000
  3.1210990e+003  0.0000000e+000
  3.1230480e+003  0.0000000e+000
  3.1250000e+003  0.0000000e+000
  3.1269540e+003  0.0000000e+000
  3.1289110e+003  0.0000000e+000
  3.1308700e+003  0.0000000e+000
  3.1328320e+003  0.0000000e+000
  3.1347960e+003  0.0000000e+000
  3.1367630e+003  0.0000000e+000
  3.1387320e+003  0.0000000e+000
  3.1407040e+003  0.0000000e+000
  3.1426780e+003  0.0000000e+000
  3.1446540e+003  0.0000000e+000
  3.1466330e+003  0.0000000e+000
  3.1486150e+003  0.0000000e+000
  3.1505990e+003  0.0000000e+000
  3.1525850e+003  0.0000000e+000
  3.1545740e+003  0.0000000e+000
  3.1565660e+003  0.0000000e+000
  3.1585600e+003  0.0000000e+000
  3.1605560e+003  0.0000000e+000
  3.1625550e+003  0.0000000e+000
  3.1645570e+003  0.0000000e+000
  3.1665610e+003  0.0000000e+000
  3.1685680e+003  0.0000000e+000
  3.1705770e+003  0.0000000e+000
  3.1725890e+003  0.0000000e+000
  3.1746030e+003  0.0000000e+000
  3.1766200e+003  0.0000000e+000
  3.1786400e+003  0.0000000e+000
  3.1806620e+003  0.0000000e+000
  3.1826860e+003  0.0000000e+000
  3.1847130e+003  0.0000000e+000
  3.1867430e+003  0.0000000e+000
  3.1887760e+003  0.0000000e+000
  3.1908100e+003  0.0000000e+000
  3.1928480e+003  0.0000000e+000
  3.1948880e+003  0.0000000e+000
  3.1969310e+003  0.0000000e+000
  3.1989760e+003  0.0000000e+000
  3.2010240e+003  0.0000000e+000
  3.2030750e+003  0.0000000e+000
  3.2051280e+003  0.0000000e+000
  3.2071840e+003  0.0000000e+000
  3.2092430e+003  0.0000000e+000
  3.2113040e+003  0.0000000e+000
  3.2133680e+003  0.0000000e+000
  3.2154340e+003  0.0000000e+000
  3.2175030e+003  0.0000000e+000
  3.2195750e+003  0.0000000e+000
  3.2216490e+003  0.0000000e+000
  3.2237270e+003  0.0000000e+000
  3.2258070e+003  0.0000000e+000
  3.2278890e+003  0.0000000e+000
  3.2299740e+003  0.0000000e+000
  3.2320620e+003  0.0000000e+000
  3.2341530e+003  0.0000000e+000
  3.2362460e+003  0.0000000e+000
  3.2383420e+003  0.0000000e+000
  3.2404410e+003  0.0000000e+000
  3.2425420e+003  0.0000000e+000
  3.2446460e+003  0.0000000e+000
  3.2467530e+003  0.0000000e+000
  3.2488630e+003  0.0000000e+000
  3.2509750e+003  0.0000000e+000
  3.2530910e+003  0.0000000e+000
  3.2552080e+003  0.0000000e+000
  3.2573290e+003  0.0000000e+000
  3.2594520e+003  0.0000000e+000
  3.2615790e+003  0.0000000e+000
  3.2637080e+003  0.0000000e+000
  3.2658390e+003  0.0000000e+000
  3.2679740e+003  0.0000000e+000
  3.2701110e+003  0.0000000e+000
  3.2722510e+003  0.0000000e+000
  3.2743940e+003  0.0000000e+000
  3.2765400e+003  0.0000000e+000
  3.2786880e+003  0.0000000e+000
  3.2808400e+003  0.0000000e+000
  3.2829940e+003  0.0000000e+000
  3.2851510e+003  0.0000000e+000
  3.2873110e+003  0.0000000e+000
  3.2894740e+003  0.0000000e+000
  3.2916390e+003  0.0000000e+000
  3.2938080e+003  0.0000000e+000
  3.2959790e+003  0.0000000e+000
  3.2981530e+003  0.0000000e+000
  3.3003300e+003  0.0000000e+000
  3.3025100e+003  0.0000000e+000
  3.3046930e+003  0.0000000e+000
  3.3068780e+003  0.0000000e+000
  3.3090670e+003  0.0000000e+000
  3.3112580e+003  0.0000000e+000
  3.3134530e+003  0.0000000e+000
  3.3156500e+003  0.0000000e+000
  3.3178500e+003  0.0000000e+000
  3.3200530e+003  0.0000000e+000
  3.3222590e+003  0.0000000e+000
  3.3244680e+003  0.0000000e+000
  3.3266800e+003  0.0000000e+000
  3.3288950e+003  0.0000000e+000
  3.3311130e+003  0.0000000e+000
  3.3333330e+003  0.0000000e+000
  3.3355570e+003  0.0000000e+000
  3.3377840e+003  0.0000000e+000
  3.3400130e+003  0.0000000e+000
  3.3422460e+003  0.0000000e+000
  3.3444820e+003  0.0000000e+000
  3.3467200e+003  0.0000000e+000
  3.3489620e+003  0.0000000e+000
  3.3512070e+003  0.0000000e+000
  3.3534540e+003  0.0000000e+000
  3.3557050e+003  0.0000000e+000
  3.3579580e+003  0.0000000e+000
  3.3602150e+003  0.0000000e+000
  3.3624750e+003  0.0000000e+000
  3.3647380e+003  0.0000000e+000
  3.3670030e+003  0.0000000e+000
  3.3692720e+003  0.0000000e+000
  3.3715440e+003  0.0000000e+000
  3.3738190e+003  0.0000000e+000
  3.3760970e+003  0.0000000e+000
  3.3783780e+003  0.0000000e+000
  3.3806630e+003  0.0000000e+000
  3.3829500e+003  0.0000000e+000
  3.3852400e+003  0.0000000e+000
  3.3875340e+003  0.0000000e+000
  3.3898310e+003  0.0000000e+000
  3.3921300e+003  0.0000000e+000
  3.3944330e+003  0.0000000e+000
  3.3967390e+003  0.0000000e+000
  3.3990480e+003  0.0000000e+000
  3.4013610e+003  0.0000000e+000
  3.4036760e+003  0.0000000e+000
  3.4059940e+003  0.0000000e+000
  3.4083160e+003  0.0000000e+000
  3.4106410e+003  0.0000000e+000
  3.4129690e+003  0.0000000e+000
  3.4153010e+003  0.0000000e+000
  3.4176350e+003  0.0000000e+000
  3.4199730e+003  0.0000000e+000
  3.4223130e+003  0.0000000e+000
  3.4246570e+003  0.0000000e+000
  3.4270050e+003  0.0000000e+000
  3.4293550e+003  0.0000000e+000
  3.4317090e+003  0.0000000e+000
  3.4340660e+003  0.0000000e+000
  3.4364260e+003  0.0000000e+000
  3.4387900e+003  0.0000000e+000
  3.4411560e+003  0.0000000e+000
  3.4435260e+003  0.0000000e+000
  3.4458990e+003  0.0000000e+000
  3.4482760e+003  0.0000000e+000
  3.4506560e+003  0.0000000e+000
  3.4530390e+003  0.0000000e+000
  3.4554250e+003  0.0000000e+000
  3.4578150e+003  0.0000000e+000
  3.4602080e+003  0.0000000e+000
  3.4626040e+003  0.0000000e+000
  3.4650040e+003  0.0000000e+000
  3.4674060e+003  0.0000000e+000
  3.4698130e+003  0.0000000e+000
  3.4722220e+003  0.0000000e+000
  3.4746350e+003  0.0000000e+000
  3.4770520e+003  0.0000000e+000
  3.4794710e+003  0.0000000e+000
  3.4818940e+003  0.0000000e+000
  3.4843210e+003  0.0000000e+000
  3.4867500e+003  0.0000000e+000
  3.4891840e+003  0.0000000e+000
  3.4916200e+003  0.0000000e+000
  3.4940600e+003  0.0000000e+000
  3.4965040e+003  0.0000000e+000
  3.4989500e+003  0.0000000e+000
  3.5014010e+003  0.0000000e+000
  3.5038540e+003  0.0000000e+000
  3.5063110e+003  0.0000000e+000
  3.5087720e+003  0.0000000e+000
  3.5112360e+003  0.0000000e+000
  3.5137040e+003  0.0000000e+000
  3.5161740e+003  0.0000000e+000
  3.5186490e+003  0.0000000e+000
  3.5211270e+003  0.0000000e+000
  3.5236080e+003  0.0000000e+000
  3.5260930e+003  0.0000000e+000
  3.5285810e+003  0.0000000e+000
  3.5310730e+003  0.0000000e+000
  3.5335690e+003  0.0000000e+000
  3.5360680e+003  0.0000000e+000
  3.5385710e+003  0.0000000e+000
  3.5410770e+003  0.0000000e+000
  3.5435860e+003  0.0000000e+000
  3.5460990e+003  0.0000000e+000
  3.5486160e+003  0.0000000e+000
  3.5511360e+003  0.0000000e+000
  3.5536600e+003  0.0000000e+000
  3.5561880e+003  0.0000000e+000
  3.5587190e+003  0.0000000e+000
  3.5612530e+003  0.0000000e+000
  3.5637920e+003  0.0000000e+000
  3.5663340e+003  0.0000000e+000
  3.5688790e+003  0.0000000e+000
  3.5714290e+003  0.0000000e+000
  3.5739810e+003  0.0000000e+000
  3.5765380e+003  0.0000000e+000
  3.5790980e+003  0.0000000e+000
  3.5816620e+003  0.0000000e+000
  3.5842290e+003  0.0000000e+000
  3.5868010e+003  0.0000000e+000
  3.5893750e+003  0.0000000e+000
  3.5919540e+003  0.0000000e+000
  3.5945360e+003  0.0000000e+000
  3.5971220e+003  0.0000000e+000
  3.5997120e+003  0.0000000e+000
  3.6023050e+003  0.0000000e+000
  3.6049030e+003  0.0000000e+000
  3.6075030e+003  0.0000000e+000
  3.6101080e+003  0.0000000e+000
  3.6127170e+003  0.0000000e+000
  3.6153290e+003  0.0000000e+000
  3.6179450e+003  0.0000000e+000
  3.6205650e+003  0.0000000e+000
  3.6231880e+003  0.0000000e+000
  3.6258160e+003  0.0000000e+000
  3.6284470e+003  0.0000000e+000
  3.6310820e+003  0.0000000e+000
  3.6337210e+003  0.0000000e+000
  3.6363640e+003  0.0000000e+000
  3.6390100e+003  0.0000000e+000
  3.6416610e+003  0.0000000e+000
  3.6443150e+003  0.0000000e+000
  3.6469730e+003  0.0000000e+000
  3.6496350e+003  0.0000000e+000
  3.6523010e+003  0.0000000e+000
  3.6549710e+003  0.0000000e+000
  3.6576450e+003  0.0000000e+000
  3.6603220e+003  0.0000000e+000
  3.6630040e+003  0.0000000e+000
  3.6656890e+003  0.0000000e+000
  3.6683780e+003  0.0000000e+000
  3.6710720e+003  0.0000000e+000
  3.6737700e+003  0.0000000e+000
  3.6764700e+003  0.0000000e+000
  3.6791760e+003  0.0000000e+000
  3.6818850e+003  0.0000000e+000
  3.6845980e+003  0.0000000e+000
  3.6873160e+003  0.0000000e+000
  3.6900370e+003  0.0000000e+000
  3.6927620e+003  0.0000000e+000
  3.6954910e+003  0.0000000e+000
  3.6982250e+003  0.0000000e+000
  3.7009620e+003  0.0000000e+000
  3.7037040e+003  0.0000000e+000
  3.7064490e+003  0.0000000e+000
  3.7091990e+003  0.0000000e+000
  3.7119520e+003  0.0000000e+000
  3.7147100e+003  0.0000000e+000
  3.7174720e+003  0.0000000e+000
  3.7202380e+003  0.0000000e+000
  3.7230080e+003  0.0000000e+000
  3.7257820e+003  0.0000000e+000
  3.7285610e+003  0.0000000e+000
  3.7313430e+003  0.0000000e+000
  3.7341300e+003  0.0000000e+000
  3.7369210e+003  0.0000000e+000
  3.7397160e+003  0.0000000e+000
  3.7425150e+003  0.0000000e+000
  3.7453180e+003  0.0000000e+000
  3.7481260e+003  0.0000000e+000
  3.7509380e+003  0.0000000e+000
  3.7537540e+003  0.0000000e+000
  3.7565740e+003  0.0000000e+000
  3.7593980e+003  0.0000000e+000
  3.7622270e+003  0.0000000e+000
  3.7650600e+003  0.0000000e+000
  3.7678970e+003  0.0000000e+000
  3.7707390e+003  0.0000000e+000
  3.7735850e+003  0.0000000e+000
  3.7764350e+003  0.0000000e+000
  3.7792900e+003  0.0000000e+000
  3.7821480e+003  0.0000000e+000
  3.7850110e+003  0.0000000e+000
  3.7878790e+003  0.0000000e+000
  3.7907500e+003  0.0000000e+000
  3.7936270e+003  0.0000000e+000
  3.7965070e+003  0.0000000e+000
  3.7993920e+003  0.0000000e+000
  3.8022810e+003  0.0000000e+000
  3.8051750e+003  0.0000000e+000
  3.8080730e+003  0.0000000e+000
  3.8109760e+003  0.0000000e+000
  3.8138830e+003  0.0000000e+000
  3.8167940e+003  0.0000000e+000
  3.8197100e+003  0.0000000e+000
  3.8226300e+003  0.0000000e+000
  3.8255550e+003  0.0000000e+000
  3.8284840e+003  0.0000000e+000
  3.8314180e+003  0.0000000e+000
  3.8343560e+003  0.0000000e+000
  3.8372990e+003  0.0000000e+000
  3.8402460e+003  0.0000000e+000
  3.8431980e+003  0.0000000e+000
  3.8461540e+003  0.0000000e+000
  3.8491150e+003  0.0000000e+000
  3.8520800e+003  0.0000000e+000
  3.8550500e+003  0.0000000e+000
  3.8580250e+003  0.0000000e+000
  3.8610040e+003  0.0000000e+000
  3.8639880e+003  0.0000000e+000
  3.8669760e+003  0.0000000e+000
  3.8699690e+003  0.0000000e+000
  3.8729670e+003  0.0000000e+000
  3.8759690e+003  0.0000000e+000
  3.8789760e+003  0.0000000e+000
  3.8819880e+003  0.0000000e+000
  3.8850040e+003  0.0000000e+000
  3.8880250e+003  0.0000000e+000
  3.8910510e+003  0.0000000e+000
  3.8940810e+003  0.0000000e+000
  3.8971160e+003  0.0000000e+000
  3.9001560e+003  0.0000000e+000
  3.9032010e+003  0.0000000e+000
  3.9062500e+003  0.0000000e+000
  3.9093040e+003  0.0000000e+000
  3.9123630e+003  0.0000000e+000
  3.9154270e+003  0.0000000e+000
  3.9184950e+003  0.0000000e+000
  3.9215690e+003  0.0000000e+000
  3.9246470e+003  0.0000000e+000
  3.9277300e+003  0.0000000e+000
  3.9308180e+003  0.0000000e+000
  3.9339100e+003  0.0000000e+000
  3.9370080e+003  0.0000000e+000
  3.9401100e+003  0.0000000e+000
  3.9432180e+003  0.0000000e+000
  3.9463300e+003  0.0000000e+000
  3.9494470e+003  0.0000000e+000
  3.9525690e+003  0.0000000e+000
  3.9556960e+003  0.0000000e+000
  3.9588280e+003  0.0000000e+000
  3.9619650e+003  0.0000000e+000
  3.9651070e+003  0.0000000e+000
  3.9682540e+003  0.0000000e+000
  3.9714060e+003  0.0000000e+000
  3.9745630e+003  0.0000000e+000
  3.9777250e+003  0.0000000e+000
  3.9808920e+003  0.0000000e+000
  3.9840640e+003  0.0000000e+000
  3.9872410e+003  0.0000000e+000
  3.9904230e+003  0.0000000e+000
  3.9936100e+003  0.0000000e+000
  3.9968020e+003  0.0000000e+000
  4.0000000e+003  0.0000000e+000
