680.0 0.0002871
681.0 0.0006699
682.0 0.001153
683.0 0.001713
684.0 0.002316
685.0 0.002943
686.0 0.003577
687.0 0.00419
688.0 0.004763
689.0 0.005305
690.0 0.005844
691.0 0.006404
692.0 0.007
693.0 0.007636
694.0 0.008286
695.0 0.008895
696.0 0.009432
697.0 0.009927
698.0 0.01045
699.0 0.01105
700.0 0.01174
701.0 0.01248
702.0 0.01319
703.0 0.01383
704.0 0.01435
705.0 0.01467
706.0 0.01482
707.0 0.01492
708.0 0.01514
709.0 0.01551
710.0 0.01596
711.0 0.01637
712.0 0.01667
713.0 0.01689
714.0 0.01718
715.0 0.0177
716.0 0.01846
717.0 0.01929
718.0 0.01996
719.0 0.02033
720.0 0.02048
721.0 0.02058
722.0 0.02085
723.0 0.02143
724.0 0.0224
725.0 0.02369
726.0 0.02514
727.0 0.02658
728.0 0.02789
729.0 0.02902
730.0 0.03006
731.0 0.03107
732.0 0.03198
733.0 0.03269
734.0 0.03313
735.0 0.03343
736.0 0.03367
737.0 0.03392
738.0 0.03412
739.0 0.03417
740.0 0.03403
741.0 0.03373
742.0 0.03336
743.0 0.03307
744.0 0.033
745.0 0.03321
746.0 0.03366
747.0 0.03438
748.0 0.03557
749.0 0.03756
750.0 0.04043
751.0 0.04379
752.0 0.04706
753.0 0.04973
754.0 0.05164
755.0 0.0531
756.0 0.05445
757.0 0.05596
758.0 0.05772
759.0 0.05966
760.0 0.06176
761.0 0.06394
762.0 0.06605
763.0 0.06778
764.0 0.06901
765.0 0.06977
766.0 0.07038
767.0 0.07113
768.0 0.07225
769.0 0.07393
770.0 0.07628
771.0 0.0793
772.0 0.08275
773.0 0.08614
774.0 0.08917
775.0 0.09175
776.0 0.09414
777.0 0.09654
778.0 0.09906
779.0 0.1017
780.0 0.1047
781.0 0.1083
782.0 0.1128
783.0 0.1184
784.0 0.1256
785.0 0.1348
786.0 0.1462
787.0 0.1601
788.0 0.1767
789.0 0.1973
790.0 0.222
791.0 0.2518
792.0 0.2862
793.0 0.3241
794.0 0.3642
795.0 0.4049
796.0 0.4443
797.0 0.4805
798.0 0.512
799.0 0.538
800.0 0.5592
801.0 0.5754
802.0 0.5877
803.0 0.5966
804.0 0.6047
805.0 0.6142
806.0 0.6273
807.0 0.6446
808.0 0.6662
809.0 0.691
810.0 0.7185
811.0 0.7479
812.0 0.7793
813.0 0.8118
814.0 0.8437
815.0 0.8726
816.0 0.8944
817.0 0.9089
818.0 0.9151
819.0 0.9164
820.0 0.9151
821.0 0.9138
822.0 0.9142
823.0 0.9164
824.0 0.9201
825.0 0.9248
826.0 0.9307
827.0 0.9382
828.0 0.9482
829.0 0.9603
830.0 0.9734
831.0 0.9855
832.0 0.9949
833.0 0.9994
834.0 0.998
835.0 0.9879
836.0 0.97
837.0 0.9452
838.0 0.9172
839.0 0.8898
840.0 0.8673
841.0 0.8507
842.0 0.8412
843.0 0.836
844.0 0.8327
845.0 0.8283
846.0 0.8214
847.0 0.8113
848.0 0.7999
849.0 0.7883
850.0 0.7772
851.0 0.7659
852.0 0.753
853.0 0.7379
854.0 0.7207
855.0 0.702
856.0 0.6829
857.0 0.664
858.0 0.6457
859.0 0.628
860.0 0.6116
861.0 0.5964
862.0 0.5823
863.0 0.5691
864.0 0.5567
865.0 0.5444
866.0 0.5324
867.0 0.5202
868.0 0.5074
869.0 0.4935
870.0 0.4778
871.0 0.4602
872.0 0.4402
873.0 0.418
874.0 0.3939
875.0 0.3679
876.0 0.3406
877.0 0.3125
878.0 0.2846
879.0 0.2575
880.0 0.232
881.0 0.2084
882.0 0.1875
883.0 0.1692
884.0 0.1533
885.0 0.1396
886.0 0.128
887.0 0.1177
888.0 0.1086
889.0 0.1006
890.0 0.09368
891.0 0.0877
892.0 0.08263
893.0 0.0784
894.0 0.07476
895.0 0.07149
896.0 0.06851
897.0 0.06575
898.0 0.06321
899.0 0.06087
900.0 0.05874
901.0 0.05682
902.0 0.05508
903.0 0.05343
904.0 0.05182
905.0 0.05016
906.0 0.04844
907.0 0.04667
908.0 0.04489
909.0 0.04316
910.0 0.04153
911.0 0.04003
912.0 0.03864
913.0 0.03733
914.0 0.03607
915.0 0.03483
916.0 0.0336
917.0 0.03239
918.0 0.03122
919.0 0.03009
920.0 0.02903
921.0 0.02807
922.0 0.02718
923.0 0.0264
924.0 0.02573
925.0 0.02516
926.0 0.0247
927.0 0.02434
928.0 0.02405
929.0 0.02382
930.0 0.02362
931.0 0.02344
932.0 0.02325
933.0 0.02306
934.0 0.02284
935.0 0.02259
936.0 0.02232
937.0 0.02204
938.0 0.02175
939.0 0.02148
940.0 0.02124
941.0 0.02103
942.0 0.02085
943.0 0.02069
944.0 0.02054
945.0 0.02039
946.0 0.02021
947.0 0.02
948.0 0.01974
949.0 0.01944
950.0 0.01911
951.0 0.01875
952.0 0.01839
953.0 0.01804
954.0 0.01771
955.0 0.01737
956.0 0.01703
957.0 0.01666
958.0 0.01626
959.0 0.0158
960.0 0.01531
961.0 0.01479
962.0 0.01425
963.0 0.01371
964.0 0.01316
965.0 0.01261
966.0 0.01209
967.0 0.01159
968.0 0.01112
969.0 0.01069
970.0 0.01031
971.0 0.009984
972.0 0.009712
973.0 0.009491
974.0 0.009312
975.0 0.009163
976.0 0.009034
977.0 0.008912
978.0 0.008787
979.0 0.008653
980.0 0.008503
981.0 0.008334
982.0 0.008147
983.0 0.007939
984.0 0.00771
985.0 0.00746
986.0 0.00719
987.0 0.006903
988.0 0.006606
989.0 0.006305
990.0 0.006009
991.0 0.005726
992.0 0.005458
993.0 0.005207
994.0 0.004974
995.0 0.004761
996.0 0.004571
997.0 0.004408
998.0 0.004278
999.0 0.004185
1000.0 0.004133
1001.0 0.004128
1002.0 0.004169
1003.0 0.004237
1004.0 0.004325
1005.0 0.004421
1006.0 0.004513
1007.0 0.004589
1008.0 0.004639
1009.0 0.004655
1010.0 0.004632
1011.0 0.004571
1012.0 0.004475
1013.0 0.004351
1014.0 0.00421
1015.0 0.00406
1016.0 0.003916
1017.0 0.003786
1018.0 0.00368
1019.0 0.003601
1020.0 0.00355
1021.0 0.003525
1022.0 0.003519
1023.0 0.003526
1024.0 0.003538
1025.0 0.00355
1026.0 0.003559
1027.0 0.003564
