  1.6672220e+003  0.0000000e+000
  1.6677790e+003  0.0000000e+000
  1.6683350e+003  0.0000000e+000
  1.6688920e+003  0.0000000e+000
  1.6694490e+003  0.0000000e+000
  1.6700070e+003  0.0000000e+000
  1.6705650e+003  0.0000000e+000
  1.6711230e+003  0.0000000e+000
  1.6716820e+003  0.0000000e+000
  1.6722410e+003  0.0000000e+000
  1.6728000e+003  0.0000000e+000
  1.6733600e+003  0.0000000e+000
  1.6739200e+003  0.0000000e+000
  1.6744810e+003  0.0000000e+000
  1.6750420e+003  0.0000000e+000
  1.6756030e+003  0.0000000e+000
  1.6761650e+003  0.0000000e+000
  1.6767270e+003  0.0000000e+000
  1.6772900e+003  0.0000000e+000
  1.6778520e+003  0.0000000e+000
  1.6784160e+003  0.0000000e+000
  1.6789790e+003  0.0000000e+000
  1.6795430e+003  0.0000000e+000
  1.6801080e+003  0.0000000e+000
  1.6806720e+003  0.0000000e+000
  1.6812370e+003  0.0000000e+000
  1.6818030e+003  0.0000000e+000
  1.6823690e+003  0.0000000e+000
  1.6829350e+003  0.0000000e+000
  1.6835020e+003  0.0000000e+000
  1.6840690e+003  0.0000000e+000
  1.6846360e+003  0.0000000e+000
  1.6852040e+003  0.0000000e+000
  1.6857720e+003  0.0000000e+000
  1.6863410e+003  0.0000000e+000
  1.6869100e+003  0.0000000e+000
  1.6874790e+003  0.0000000e+000
  1.6880490e+003  0.0000000e+000
  1.6886190e+003  0.0000000e+000
  1.6891890e+003  0.0000000e+000
  1.6897600e+003  0.0000000e+000
  1.6903310e+003  0.0000000e+000
  1.6909030e+003  0.0000000e+000
  1.6914750e+003  0.0000000e+000
  1.6920470e+003  0.0000000e+000
  1.6926200e+003  0.0000000e+000
  1.6931930e+003  0.0000000e+000
  1.6937670e+003  0.0000000e+000
  1.6943410e+003  0.0000000e+000
  1.6949150e+003  0.0000000e+000
  1.6954900e+003  0.0000000e+000
  1.6960650e+003  0.0000000e+000
  1.6966410e+003  0.0000000e+000
  1.6972170e+003  0.0000000e+000
  1.6977930e+003  0.0000000e+000
  1.6983700e+003  0.0000000e+000
  1.6989470e+003  0.0000000e+000
  1.6995240e+003  0.0000000e+000
  1.7001020e+003  0.0000000e+000
  1.7006800e+003  0.0000000e+000
  1.7012590e+003  0.0000000e+000
  1.7018380e+003  0.0000000e+000
  1.7024170e+003  0.0000000e+000
  1.7029970e+003  0.0000000e+000
  1.7035780e+003  0.0000000e+000
  1.7041580e+003  0.0000000e+000
  1.7047390e+003  0.0000000e+000
  1.7053210e+003  0.0000000e+000
  1.7059020e+003  0.0000000e+000
  1.7064850e+003  0.0000000e+000
  1.7070670e+003  0.0000000e+000
  1.7076500e+003  0.0000000e+000
  1.7082340e+003  0.0000000e+000
  1.7088170e+003  0.0000000e+000
  1.7094020e+003  0.0000000e+000
  1.7099860e+003  0.0000000e+000
  1.7105710e+003  0.0000000e+000
  1.7111570e+003  0.0000000e+000
  1.7117430e+003  0.0000000e+000
  1.7123290e+003  0.0000000e+000
  1.7129150e+003  0.0000000e+000
  1.7135020e+003  0.0000000e+000
  1.7140900e+003  0.0000000e+000
  1.7146780e+003  0.0000000e+000
  1.7152660e+003  0.0000000e+000
  1.7158540e+003  0.0000000e+000
  1.7164430e+003  0.0000000e+000
  1.7170330e+003  0.0000000e+000
  1.7176230e+003  0.0000000e+000
  1.7182130e+003  0.0000000e+000
  1.7188040e+003  0.0000000e+000
  1.7193950e+003  0.0000000e+000
  1.7199860e+003  0.0000000e+000
  1.7205780e+003  0.0000000e+000
  1.7211700e+003  0.0000000e+000
  1.7217630e+003  0.0000000e+000
  1.7223560e+003  0.0000000e+000
  1.7229500e+003  0.0000000e+000
  1.7235440e+003  0.0000000e+000
  1.7241380e+003  0.0000000e+000
  1.7247330e+003  0.0000000e+000
  1.7253280e+003  0.0000000e+000
  1.7259230e+003  0.0000000e+000
  1.7265190e+003  0.0000000e+000
  1.7271160e+003  0.0000000e+000
  1.7277130e+003  0.0000000e+000
  1.7283100e+003  0.0000000e+000
  1.7289070e+003  0.0000000e+000
  1.7295050e+003  0.0000000e+000
  1.7301040e+003  0.0000000e+000
  1.7307030e+003  0.0000000e+000
  1.7313020e+003  0.0000000e+000
  1.7319020e+003  0.0000000e+000
  1.7325020e+003  0.0000000e+000
  1.7331020e+003  0.0000000e+000
  1.7337030e+003  0.0000000e+000
  1.7343050e+003  0.0000000e+000
  1.7349060e+003  0.0000000e+000
  1.7355080e+003  0.0000000e+000
  1.7361110e+003  0.0000000e+000
  1.7367140e+003  0.0000000e+000
  1.7373180e+003  0.0000000e+000
  1.7379210e+003  0.0000000e+000
  1.7385260e+003  0.0000000e+000
  1.7391300e+003  0.0000000e+000
  1.7397350e+003  0.0000000e+000
  1.7403410e+003  0.0000000e+000
  1.7409470e+003  0.0000000e+000
  1.7415530e+003  0.0000000e+000
  1.7421600e+003  0.0000000e+000
  1.7427680e+003  0.0000000e+000
  1.7433750e+003  0.0000000e+000
  1.7439830e+003  0.0000000e+000
  1.7445920e+003  0.0000000e+000
  1.7452010e+003  0.0000000e+000
  1.7458100e+003  0.0000000e+000
  1.7464200e+003  0.0000000e+000
  1.7470300e+003  0.0000000e+000
  1.7476410e+003  0.0000000e+000
  1.7482520e+003  0.0000000e+000
  1.7488630e+003  0.0000000e+000
  1.7494750e+003  0.0000000e+000
  1.7500870e+003  0.0000000e+000
  1.7507000e+003  0.0000000e+000
  1.7513130e+003  0.0000000e+000
  1.7519270e+003  0.0000000e+000
  1.7525410e+003  0.0000000e+000
  1.7531560e+003  0.0000000e+000
  1.7537710e+003  0.0000000e+000
  1.7543860e+003  0.0000000e+000
  1.7550020e+003  0.0000000e+000
  1.7556180e+003  0.0000000e+000
  1.7562350e+003  0.0000000e+000
  1.7568520e+003  0.0000000e+000
  1.7574690e+003  0.0000000e+000
  1.7580870e+003  0.0000000e+000
  1.7587060e+003  0.0000000e+000
  1.7593240e+003  0.0000000e+000
  1.7599440e+003  0.0000000e+000
  1.7605630e+003  0.0000000e+000
  1.7611830e+003  0.0000000e+000
  1.7618040e+003  0.0000000e+000
  1.7624250e+003  0.0000000e+000
  1.7630470e+003  0.0000000e+000
  1.7636680e+003  0.0000000e+000
  1.7642910e+003  0.0000000e+000
  1.7649140e+003  0.0000000e+000
  1.7655370e+003  0.0000000e+000
  1.7661600e+003  0.0000000e+000
  1.7667850e+003  0.0000000e+000
  1.7674090e+003  0.0000000e+000
  1.7680340e+003  0.0000000e+000
  1.7686590e+003  0.0000000e+000
  1.7692850e+003  0.0000000e+000
  1.7699110e+003  0.0000000e+000
  1.7705380e+003  0.0000000e+000
  1.7711650e+003  0.0000000e+000
  1.7717930e+003  0.0000000e+000
  1.7724220e+003  0.0000000e+000
  1.7730500e+003  0.0000000e+000
  1.7736790e+003  0.0000000e+000
  1.7743080e+003  0.0000000e+000
  1.7749380e+003  0.0000000e+000
  1.7755680e+003  0.0000000e+000
  1.7761990e+003  0.0000000e+000
  1.7768300e+003  0.0000000e+000
  1.7774620e+003  0.0000000e+000
  1.7780940e+003  0.0000000e+000
  1.7787260e+003  0.0000000e+000
  1.7793590e+003  0.0000000e+000
  1.7799930e+003  0.0000000e+000
  1.7806270e+003  0.0000000e+000
  1.7812610e+003  0.0000000e+000
  1.7818960e+003  0.0000000e+000
  1.7825310e+003  0.0000000e+000
  1.7831670e+003  0.0000000e+000
  1.7838030e+003  0.0000000e+000
  1.7844400e+003  0.0000000e+000
  1.7850770e+003  0.0000000e+000
  1.7857140e+003  0.0000000e+000
  1.7863520e+003  0.0000000e+000
  1.7869910e+003  0.0000000e+000
  1.7876300e+003  0.0000000e+000
  1.7882690e+003  0.0000000e+000
  1.7889090e+003  0.0000000e+000
  1.7895490e+003  0.0000000e+000
  1.7901900e+003  0.0000000e+000
  1.7908310e+003  0.0000000e+000
  1.7914730e+003  0.0000000e+000
  1.7921150e+003  0.0000000e+000
  1.7927580e+003  0.0000000e+000
  1.7934000e+003  0.0000000e+000
  1.7940440e+003  0.0000000e+000
  1.7946880e+003  0.0000000e+000
  1.7953320e+003  0.0000000e+000
  1.7959770e+003  0.0000000e+000
  1.7966220e+003  0.0000000e+000
  1.7972680e+003  0.0000000e+000
  1.7979140e+003  0.0000000e+000
  1.7985610e+003  0.0000000e+000
  1.7992080e+003  0.0000000e+000
  1.7998560e+003  0.0000000e+000
  1.8005040e+003  0.0000000e+000
  1.8011530e+003  0.0000000e+000
  1.8018020e+003  0.0000000e+000
  1.8024510e+003  0.0000000e+000
  1.8031010e+003  0.0000000e+000
  1.8037520e+003  0.0000000e+000
  1.8044030e+003  0.0000000e+000
  1.8050540e+003  0.0000000e+000
  1.8057060e+003  0.0000000e+000
  1.8063580e+003  0.0000000e+000
  1.8070110e+003  0.0000000e+000
  1.8076640e+003  0.0000000e+000
  1.8083180e+003  0.0000000e+000
  1.8089730e+003  0.0000000e+000
  1.8096270e+003  0.0000000e+000
  1.8102820e+003  0.0000000e+000
  1.8109380e+003  0.0000000e+000
  1.8115940e+003  0.0000000e+000
  1.8122510e+003  0.0000000e+000
  1.8129080e+003  0.0000000e+000
  1.8135650e+003  0.0000000e+000
  1.8142240e+003  0.0000000e+000
  1.8148820e+003  0.0000000e+000
  1.8155410e+003  0.0000000e+000
  1.8162000e+003  0.0000000e+000
  1.8168600e+003  0.0000000e+000
  1.8175210e+003  0.0000000e+000
  1.8181820e+003  0.0000000e+000
  1.8188430e+003  0.0000000e+000
  1.8195050e+003  0.0000000e+000
  1.8201670e+003  0.0000000e+000
  1.8208300e+003  0.0000000e+000
  1.8214940e+003  0.0000000e+000
  1.8221570e+003  0.0000000e+000
  1.8228220e+003  0.0000000e+000
  1.8234860e+003  0.0000000e+000
  1.8241520e+003  0.0000000e+000
  1.8248180e+003  0.0000000e+000
  1.8254840e+003  0.0000000e+000
  1.8261510e+003  0.0000000e+000
  1.8268180e+003  0.0000000e+000
  1.8274850e+003  0.0000000e+000
  1.8281540e+003  0.0000000e+000
  1.8288220e+003  0.0000000e+000
  1.8294910e+003  0.0000000e+000
  1.8301610e+003  0.0000000e+000
  1.8308310e+003  0.0000000e+000
  1.8315020e+003  0.0000000e+000
  1.8321730e+003  0.0000000e+000
  1.8328450e+003  0.0000000e+000
  1.8335170e+003  0.0000000e+000
  1.8341890e+003  0.0000000e+000
  1.8348620e+003  0.0000000e+000
  1.8355360e+003  0.0000000e+000
  1.8362100e+003  0.0000000e+000
  1.8368850e+003  0.0000000e+000
  1.8375600e+003  0.0000000e+000
  1.8382350e+003  0.0000000e+000
  1.8389110e+003  0.0000000e+000
  1.8395880e+003  0.0000000e+000
  1.8402650e+003  0.0000000e+000
  1.8409430e+003  0.0000000e+000
  1.8416210e+003  0.0000000e+000
  1.8422990e+003  0.0000000e+000
  1.8429780e+003  0.0000000e+000
  1.8436580e+003  0.0000000e+000
  1.8443380e+003  0.0000000e+000
  1.8450180e+003  0.0000000e+000
  1.8456990e+003  0.0000000e+000
  1.8463810e+003  0.0000000e+000
  1.8470630e+003  0.0000000e+000
  1.8477460e+003  0.0000000e+000
  1.8484290e+003  0.0000000e+000
  1.8491130e+003  0.0000000e+000
  1.8497970e+003  0.0000000e+000
  1.8504810e+003  0.0000000e+000
  1.8511660e+003  0.0000000e+000
  1.8518520e+003  0.0000000e+000
  1.8525380e+003  0.0000000e+000
  1.8532250e+003  0.0000000e+000
  1.8539120e+003  0.0000000e+000
  1.8546000e+003  0.0000000e+000
  1.8552880e+003  0.0000000e+000
  1.8559760e+003  0.0000000e+000
  1.8566650e+003  0.0000000e+000
  1.8573550e+003  0.0000000e+000
  1.8580450e+003  0.0000000e+000
  1.8587360e+003  0.0000000e+000
  1.8594270e+003  0.0000000e+000
  1.8601190e+003  0.0000000e+000
  1.8608110e+003  0.0000000e+000
  1.8615040e+003  0.0000000e+000
  1.8621970e+003  0.0000000e+000
  1.8628910e+003  0.0000000e+000
  1.8635850e+003  0.0000000e+000
  1.8642800e+003  0.0000000e+000
  1.8649760e+003  0.0000000e+000
  1.8656720e+003  0.0000000e+000
  1.8663680e+003  0.0000000e+000
  1.8670650e+003  0.0000000e+000
  1.8677620e+003  0.0000000e+000
  1.8684600e+003  0.0000000e+000
  1.8691590e+003  0.0000000e+000
  1.8698580e+003  0.0000000e+000
  1.8705570e+003  0.0000000e+000
  1.8712580e+003  0.0000000e+000
  1.8719580e+003  0.0000000e+000
  1.8726590e+003  0.0000000e+000
  1.8733610e+003  0.0000000e+000
  1.8740630e+003  0.0000000e+000
  1.8747660e+003  0.0000000e+000
  1.8754690e+003  0.0000000e+000
  1.8761730e+003  0.0000000e+000
  1.8768770e+003  0.0000000e+000
  1.8775820e+003  0.0000000e+000
  1.8782870e+003  0.0000000e+000
  1.8789930e+003  0.0000000e+000
  1.8796990e+003  0.0000000e+000
  1.8804060e+003  0.0000000e+000
  1.8811140e+003  0.0000000e+000
  1.8818220e+003  0.0000000e+000
  1.8825300e+003  0.0000000e+000
  1.8832390e+003  0.0000000e+000
  1.8839490e+003  0.0000000e+000
  1.8846590e+003  0.0000000e+000
  1.8853700e+003  0.0000000e+000
  1.8860810e+003  0.0000000e+000
  1.8867920e+003  0.0000000e+000
  1.8875050e+003  0.0000000e+000
  1.8882180e+003  0.0000000e+000
  1.8889310e+003  0.0000000e+000
  1.8896450e+003  0.0000000e+000
  1.8903590e+003  0.0000000e+000
  1.8910740e+003  0.0000000e+000
  1.8917900e+003  0.0000000e+000
  1.8925060e+003  0.0000000e+000
  1.8932220e+003  0.0000000e+000
  1.8939390e+003  0.0000000e+000
  1.8946570e+003  0.0000000e+000
  1.8953750e+003  0.0000000e+000
  1.8960940e+003  0.0000000e+000
  1.8968130e+003  0.0000000e+000
  1.8975330e+003  0.0000000e+000
  1.8982540e+003  0.0000000e+000
  1.8989750e+003  0.0000000e+000
  1.8996960e+003  0.0000000e+000
  1.9004180e+003  0.0000000e+000
  1.9011410e+003  0.0000000e+000
  1.9018640e+003  0.0000000e+000
  1.9025880e+003  0.0000000e+000
  1.9033120e+003  0.0000000e+000
  1.9040370e+003  0.0000000e+000
  1.9047620e+003  0.0000000e+000
  1.9054880e+003  0.0000000e+000
  1.9062140e+003  0.0000000e+000
  1.9069410e+003  0.0000000e+000
  1.9076690e+003  0.0000000e+000
  1.9083970e+003  0.0000000e+000
  1.9091260e+003  0.0000000e+000
  1.9098550e+003  0.0000000e+000
  1.9105850e+003  0.0000000e+000
  1.9113150e+003  0.0000000e+000
  1.9120460e+003  0.0000000e+000
  1.9127770e+003  0.0000000e+000
  1.9135090e+003  0.0000000e+000
  1.9142420e+003  0.0000000e+000
  1.9149750e+003  0.0000000e+000
  1.9157090e+003  0.0000000e+000
  1.9164430e+003  0.0000000e+000
  1.9171780e+003  0.0000000e+000
  1.9179130e+003  0.0000000e+000
  1.9186490e+003  0.0000000e+000
  1.9193860e+003  0.0000000e+000
  1.9201230e+003  0.0000000e+000
  1.9208610e+003  0.0000000e+000
  1.9215990e+003  0.0000000e+000
  1.9223380e+003  0.0000000e+000
  1.9230770e+003  0.0000000e+000
  1.9238170e+003  0.0000000e+000
  1.9245570e+003  0.0000000e+000
  1.9252980e+003  0.0000000e+000
  1.9260400e+003  0.0000000e+000
  1.9267820e+003  0.0000000e+000
  1.9275250e+003  0.0000000e+000
  1.9282680e+003  0.0000000e+000
  1.9290120e+003  0.0000000e+000
  1.9297570e+003  0.0000000e+000
  1.9305020e+003  0.0000000e+000
  1.9312480e+003  0.0000000e+000
  1.9319940e+003  0.0000000e+000
  1.9327410e+003  0.0000000e+000
  1.9334880e+003  0.0000000e+000
  1.9342360e+003  0.0000000e+000
  1.9349840e+003  0.0000000e+000
  1.9357340e+003  0.0000000e+000
  1.9364830e+003  0.0000000e+000
  1.9372340e+003  0.0000000e+000
  1.9379840e+003  0.0000000e+000
  1.9387360e+003  0.0000000e+000
  1.9394880e+003  0.0000000e+000
  1.9402410e+003  0.0000000e+000
  1.9409940e+003  0.0000000e+000
  1.9417480e+003  0.0000000e+000
  1.9425020e+003  0.0000000e+000
  1.9432570e+003  0.0000000e+000
  1.9440120e+003  0.0000000e+000
  1.9447690e+003  0.0000000e+000
  1.9455250e+003  0.0000000e+000
  1.9462830e+003  0.0000000e+000
  1.9470400e+003  0.0000000e+000
  1.9477990e+003  0.0000000e+000
  1.9485580e+003  0.0000000e+000
  1.9493180e+003  0.0000000e+000
  1.9500780e+003  0.0000000e+000
  1.9508390e+003  0.0000000e+000
  1.9516000e+003  0.0000000e+000
  1.9523620e+003  0.0000000e+000
  1.9531250e+003  0.0000000e+000
  1.9538880e+003  0.0000000e+000
  1.9546520e+003  0.0000000e+000
  1.9554170e+003  0.0000000e+000
  1.9561820e+003  0.0000000e+000
  1.9569480e+003  0.0000000e+000
  1.9577140e+003  0.0000000e+000
  1.9584800e+003  0.0000000e+000
  1.9592480e+003  0.0000000e+000
  1.9600160e+003  0.0000000e+000
  1.9607840e+003  0.0000000e+000
  1.9615540e+003  0.0000000e+000
  1.9623230e+003  0.0000000e+000
  1.9630940e+003  0.0000000e+000
  1.9638650e+003  0.0000000e+000
  1.9646360e+003  0.0000000e+000
  1.9654090e+003  0.0000000e+000
  1.9661820e+003  0.0000000e+000
  1.9669550e+003  0.0000000e+000
  1.9677290e+003  0.0000000e+000
  1.9685040e+003  0.0000000e+000
  1.9692800e+003  0.0000000e+000
  1.9700550e+003  0.0000000e+000
  1.9708320e+003  0.0000000e+000
  1.9716090e+003  0.0000000e+000
  1.9723860e+003  0.0000000e+000
  1.9731650e+003  0.0000000e+000
  1.9739440e+003  0.0000000e+000
  1.9747240e+003  0.0000000e+000
  1.9755040e+003  0.0000000e+000
  1.9762850e+003  0.0000000e+000
  1.9770660e+003  0.0000000e+000
  1.9778480e+003  0.0000000e+000
  1.9786310e+003  0.0000000e+000
  1.9794140e+003  0.0000000e+000
  1.9801980e+003  0.0000000e+000
  1.9809830e+003  0.0000000e+000
  1.9817680e+003  0.0000000e+000
  1.9825530e+003  0.0000000e+000
  1.9833400e+003  0.0000000e+000
  1.9841270e+003  0.0000000e+000
  1.9849150e+003  0.0000000e+000
  1.9857030e+003  0.0000000e+000
  1.9864920e+003  0.0000000e+000
  1.9872810e+003  0.0000000e+000
  1.9880720e+003  0.0000000e+000
  1.9888620e+003  0.0000000e+000
  1.9896540e+003  0.0000000e+000
  1.9904460e+003  0.0000000e+000
  1.9912390e+003  0.0000000e+000
  1.9920320e+003  0.0000000e+000
  1.9928260e+003  0.0000000e+000
  1.9936200e+003  0.0000000e+000
  1.9944160e+003  0.0000000e+000
  1.9952110e+003  0.0000000e+000
  1.9960080e+003  0.0000000e+000
  1.9968050e+003  0.0000000e+000
  1.9976030e+003  0.0000000e+000
  1.9984010e+003  0.0000000e+000
  1.9992000e+003  0.0000000e+000
  2.0000000e+003  3.7083065e-004
  2.0008000e+003  1.5082610e-004
  2.0016010e+003  1.5915230e-004
  2.0024030e+003 -8.3573368e-006
  2.0032050e+003 -6.0675633e-005
  2.0040080e+003 -1.0808959e-004
  2.0048120e+003  7.7972785e-005
  2.0056160e+003  2.8090706e-004
  2.0064200e+003 -2.4925524e-004
  2.0072260e+003 -8.3781968e-005
  2.0080320e+003  2.5817848e-004
  2.0088390e+003  1.2514042e-004
  2.0096460e+003 -6.3895066e-005
  2.0104540e+003 -3.1265875e-004
  2.0112630e+003 -3.3105098e-004
  2.0120730e+003  2.2430863e-004
  2.0128820e+003  1.8134713e-004
  2.0136930e+003 -2.1159534e-004
  2.0145040e+003  1.0481544e-004
  2.0153160e+003  1.3145790e-004
  2.0161290e+003  3.6993275e-005
  2.0169420e+003 -4.0022100e-005
  2.0177560e+003 -3.9823011e-005
  2.0185710e+003 -1.6268995e-004
  2.0193860e+003 -2.6356574e-007
  2.0202020e+003  3.5500940e-004
  2.0210190e+003 -1.8651056e-004
  2.0218360e+003 -1.6551977e-004
  2.0226540e+003 -1.0134344e-004
  2.0234720e+003 -2.1551979e-004
  2.0242920e+003 -2.9875295e-007
  2.0251110e+003 -4.3175107e-005
  2.0259320e+003  1.3138326e-004
  2.0267530e+003  2.5066675e-004
  2.0275750e+003  1.8277447e-004
  2.0283980e+003 -3.0995300e-004
  2.0292210e+003 -2.7570693e-004
  2.0300450e+003  7.6175056e-005
  2.0308700e+003  1.2526511e-004
  2.0316940e+003  6.0056255e-004
  2.0325200e+003  4.5231842e-005
  2.0333470e+003 -5.2971409e-005
  2.0341740e+003  1.9680960e-004
  2.0350020e+003  4.8127089e-004
  2.0358310e+003  4.7499314e-004
  2.0366600e+003  2.3373874e-004
  2.0374900e+003  2.6402235e-004
  2.0383200e+003  2.4406267e-004
  2.0391520e+003  1.6614504e-004
  2.0399840e+003 -1.1433824e-004
  2.0408160e+003 -7.4630814e-005
  2.0416500e+003  3.3853296e-004
  2.0424840e+003  2.9631666e-004
  2.0433180e+003  3.6296435e-004
  2.0441540e+003 -2.8968832e-004
  2.0449900e+003 -7.9889514e-004
  2.0458270e+003 -1.6105753e-004
  2.0466640e+003 -4.5083027e-005
  2.0475020e+003  6.3699234e-004
  2.0483410e+003 -6.0010916e-005
  2.0491800e+003  2.0282285e-004
  2.0500210e+003  5.9305585e-004
  2.0508620e+003 -1.4450570e-004
  2.0517030e+003  4.4193704e-004
  2.0525450e+003 -1.8736240e-004
  2.0533880e+003 -7.8278856e-004
  2.0542320e+003  1.7442022e-005
  2.0550760e+003  1.1357944e-003
  2.0559210e+003 -3.9104911e-004
  2.0567670e+003 -7.2979774e-006
  2.0576140e+003  3.0743703e-004
  2.0584600e+003  1.0405310e-003
  2.0593080e+003  1.5056091e-004
  2.0601560e+003  6.3305983e-005
  2.0610060e+003  7.3040725e-004
  2.0618560e+003  2.2632399e-004
  2.0627060e+003 -3.4828259e-005
  2.0635570e+003  6.4660679e-004
  2.0644100e+003  8.8791171e-004
  2.0652620e+003  1.0638910e-003
  2.0661160e+003  4.7213983e-004
  2.0669700e+003  3.8462228e-004
  2.0678250e+003  4.9718871e-004
  2.0686800e+003  3.2800986e-004
  2.0695370e+003 -6.0739479e-004
  2.0703930e+003 -2.6728853e-004
  2.0712510e+003 -2.5910983e-004
  2.0721090e+003 -1.4103428e-004
  2.0729690e+003  1.2189746e-003
  2.0738280e+003  8.4906780e-005
  2.0746890e+003 -2.5187936e-004
  2.0755500e+003  1.1027409e-003
  2.0764120e+003  6.1463559e-004
  2.0772750e+003 -4.3704396e-004
  2.0781380e+003 -1.0509958e-003
  2.0790020e+003  3.0089001e-004
  2.0798670e+003  1.0424600e-003
  2.0807320e+003  6.1151583e-004
  2.0815990e+003 -4.3613929e-004
  2.0824660e+003  1.7647484e-004
  2.0833330e+003 -3.3475790e-004
  2.0842020e+003  2.4478213e-004
  2.0850710e+003  1.9651006e-003
  2.0859410e+003  1.2639345e-003
  2.0868120e+003  3.3232439e-004
  2.0876830e+003 -1.1639640e-004
  2.0885550e+003  4.5005276e-005
  2.0894270e+003  3.0329320e-004
  2.0903010e+003 -4.3235248e-004
  2.0911750e+003  5.0946797e-004
  2.0920500e+003  1.6242490e-003
  2.0929260e+003  4.1271051e-004
  2.0938020e+003  6.9585710e-004
  2.0946790e+003  1.9898305e-003
  2.0955570e+003  5.8546674e-004
  2.0964360e+003 -7.6465093e-004
  2.0973150e+003 -1.0239052e-004
  2.0981960e+003  1.1389443e-003
  2.0990760e+003  7.5961254e-004
  2.0999580e+003  7.4255670e-004
  2.1008400e+003  1.3591229e-003
  2.1017230e+003  1.4900035e-003
  2.1026070e+003 -9.3661848e-004
  2.1034920e+003  2.9795626e-004
  2.1043770e+003  1.5962917e-003
  2.1052630e+003  9.0796326e-004
  2.1061500e+003  4.1210921e-003
  2.1070380e+003  1.2670006e-003
  2.1079260e+003 -9.8084100e-004
  2.1088150e+003  5.3840893e-004
  2.1097050e+003  2.2654708e-003
  2.1105950e+003 -2.3813298e-004
  2.1114870e+003  1.9764383e-003
  2.1123780e+003 -1.4515647e-004
  2.1132710e+003  1.5130623e-004
  2.1141650e+003  4.3428331e-004
  2.1150590e+003 -2.3939789e-003
  2.1159540e+003  8.9946996e-005
  2.1168500e+003  5.2926748e-004
  2.1177470e+003  1.9582464e-004
  2.1186440e+003  2.9158429e-004
  2.1195420e+003  3.2323992e-004
  2.1204410e+003  1.0987773e-003
  2.1213410e+003 -2.1702081e-003
  2.1222410e+003  1.2006147e-003
  2.1231420e+003 -6.2144391e-004
  2.1240440e+003 -2.7378863e-003
  2.1249470e+003 -1.4248226e-003
  2.1258500e+003 -2.4472459e-003
  2.1267540e+003  7.1136176e-004
  2.1276600e+003 -1.0314480e-004
  2.1285650e+003 -2.5397989e-003
  2.1294720e+003  1.2409347e-003
  2.1303790e+003  3.7699044e-003
  2.1312870e+003  2.1430424e-003
  2.1321960e+003  1.9870016e-003
  2.1331060e+003  2.8336146e-003
  2.1340160e+003  8.6102722e-004
  2.1349270e+003 -5.2754276e-005
  2.1358390e+003 -1.7081613e-003
  2.1367520e+003 -4.6115033e-003
  2.1376660e+003 -3.1075373e-003
  2.1385800e+003 -1.3123924e-003
  2.1394960e+003  1.1277822e-003
  2.1404110e+003  1.1655515e-003
  2.1413280e+003  2.8544229e-003
  2.1422450e+003  4.6893694e-003
  2.1431630e+003  1.2493341e-003
  2.1440820e+003  1.6014333e-003
  2.1450020e+003  2.8173819e-003
  2.1459230e+003 -7.1870041e-004
  2.1468440e+003  1.1143637e-003
  2.1477660e+003 -2.2720853e-004
  2.1486890e+003  1.8704371e-003
  2.1496130e+003  1.4503816e-003
  2.1505380e+003 -2.3954101e-003
  2.1514630e+003  1.7510778e-004
  2.1523890e+003 -3.1543276e-003
  2.1533160e+003 -2.7072744e-003
  2.1542440e+003 -1.5942836e-005
  2.1551720e+003  1.9644733e-004
  2.1561020e+003 -1.8076930e-004
  2.1570320e+003 -9.5520675e-004
  2.1579630e+003 -1.4033216e-003
  2.1588950e+003  2.2164398e-004
  2.1598270e+003 -3.8604900e-005
  2.1607610e+003  5.7761571e-003
  2.1616950e+003 -4.8833801e-005
  2.1626300e+003 -4.8823850e-004
  2.1635650e+003 -7.5947341e-005
  2.1645020e+003  2.4004197e-003
  2.1654390e+003  1.9983945e-003
  2.1663780e+003 -1.7769800e-003
  2.1673170e+003 -4.9908669e-003
  2.1682570e+003  2.4741463e-004
  2.1691980e+003  1.6369643e-004
  2.1701390e+003  7.2218897e-004
  2.1710810e+003  1.6173988e-003
  2.1720240e+003 -1.0272810e-003
  2.1729680e+003  3.5368226e-004
  2.1739130e+003  1.0229106e-003
  2.1748590e+003  6.9631649e-005
  2.1758050e+003  2.7755061e-003
  2.1767530e+003 -6.7205622e-004
  2.1777000e+003  2.5349557e-003
  2.1786490e+003  1.6415814e-003
  2.1795990e+003 -6.5956134e-005
  2.1805500e+003 -2.3758234e-003
  2.1815010e+003  1.2959376e-003
  2.1824530e+003  2.2156502e-003
  2.1834060e+003  5.2784663e-003
  2.1843600e+003  1.2741633e-003
  2.1853150e+003  2.1854194e-003
  2.1862700e+003  4.4588041e-003
  2.1872270e+003 -4.9283600e-004
  2.1881840e+003 -3.3018917e-003
  2.1891420e+003  5.0411106e-004
  2.1901010e+003  4.3332581e-003
  2.1910600e+003  2.6206127e-003
  2.1920210e+003 -7.0544367e-004
  2.1929820e+003 -1.0676889e-003
  2.1939450e+003  1.8987274e-003
  2.1949080e+003 -9.6521975e-004
  2.1958720e+003 -5.2744665e-005
  2.1968360e+003  3.8929103e-004
  2.1978020e+003  4.0659779e-003
  2.1987690e+003 -2.9026766e-004
  2.1997360e+003  1.9193671e-003
  2.2007040e+003 -9.0161571e-004
  2.2016730e+003  2.8339762e-003
  2.2026430e+003  3.2977221e-004
  2.2036140e+003 -2.2164939e-003
  2.2045860e+003  6.5294174e-003
  2.2055580e+003  2.7961545e-003
  2.2065310e+003 -1.9485147e-003
  2.2075050e+003  3.2174846e-003
  2.2084810e+003  2.9607043e-003
  2.2094570e+003  1.1302532e-003
  2.2104330e+003  4.0457137e-003
  2.2114110e+003  2.6362746e-003
  2.2123890e+003 -2.9494468e-004
  2.2133690e+003  9.9113653e-004
  2.2143490e+003 -3.1145203e-003
  2.2153300e+003 -3.1147868e-004
  2.2163120e+003 -8.1481138e-004
  2.2172950e+003  4.8380201e-003
  2.2182790e+003  1.8642879e-004
  2.2192630e+003 -4.7899154e-003
  2.2202490e+003 -8.3580363e-004
  2.2212350e+003  1.8158897e-003
  2.2222220e+003  4.0784888e-003
  2.2232100e+003  4.7967713e-003
  2.2241990e+003  3.4953759e-003
  2.2251890e+003 -5.2289519e-004
  2.2261800e+003 -1.1717217e-003
  2.2271720e+003 -1.0003215e-003
  2.2281640e+003  3.7203517e-003
  2.2291570e+003  3.7729584e-005
  2.2301520e+003 -2.8430747e-003
  2.2311470e+003  2.0548871e-003
  2.2321430e+003  3.4695342e-003
  2.2331400e+003  1.7515274e-003
  2.2341380e+003 -1.5389592e-003
  2.2351360e+003 -1.5662748e-003
  2.2361360e+003  5.0656809e-003
  2.2371360e+003 -1.9652008e-003
  2.2381380e+003  4.5604939e-003
  2.2391400e+003  1.6594622e-003
  2.2401430e+003 -2.8262455e-003
  2.2411470e+003  3.1841649e-003
  2.2421520e+003  6.0934218e-004
  2.2431580e+003 -2.1758231e-003
  2.2441650e+003  2.7290962e-003
  2.2451730e+003  1.0980362e-004
  2.2461810e+003 -2.0577165e-003
  2.2471910e+003 -1.8621291e-004
  2.2482010e+003  3.1423268e-003
  2.2492130e+003  1.6028737e-003
  2.2502250e+003  2.2109554e-003
  2.2512380e+003  1.3575375e-003
  2.2522520e+003 -8.7625207e-004
  2.2532670e+003 -2.5143737e-003
  2.2542830e+003  2.6864822e-003
  2.2553000e+003 -1.4213786e-003
  2.2563180e+003  1.3890167e-003
  2.2573360e+003  1.7532996e-003
  2.2583560e+003 -1.1928311e-003
  2.2593760e+003 -3.6574816e-003
  2.2603980e+003  2.4806701e-003
  2.2614200e+003 -1.3528233e-003
  2.2624430e+003 -2.2521682e-004
  2.2634680e+003  5.0819814e-003
  2.2644930e+003  8.6864689e-004
  2.2655190e+003  5.8474956e-004
  2.2665460e+003 -5.0634881e-003
  2.2675740e+003 -2.1691455e-003
  2.2686030e+003 -2.0159925e-004
  2.2696320e+003  3.0422912e-003
  2.2706630e+003 -1.5817772e-004
  2.2716950e+003  5.8953109e-004
  2.2727270e+003  3.2317201e-003
  2.2737610e+003  2.4813712e-003
  2.2747950e+003 -1.3263758e-003
  2.2758310e+003 -9.5641194e-004
  2.2768670e+003  7.7264925e-004
  2.2779040e+003  2.3144523e-004
  2.2789430e+003  3.3636659e-004
  2.2799820e+003  5.0010602e-004
  2.2810220e+003  3.2249279e-003
  2.2820630e+003  1.6073999e-003
  2.2831050e+003 -1.0899589e-003
  2.2841480e+003  1.8444568e-003
  2.2851920e+003 -7.0586643e-004
  2.2862370e+003  4.8184372e-003
  2.2872830e+003  3.1752742e-003
  2.2883300e+003  9.5574034e-004
  2.2893770e+003 -6.2490115e-004
  2.2904260e+003 -5.6236249e-004
  2.2914760e+003  5.1846155e-003
  2.2925260e+003  2.1514592e-004
  2.2935780e+003  2.1920924e-003
  2.2946310e+003 -7.5573166e-006
  2.2956840e+003  2.1680330e-003
  2.2967390e+003  7.1978121e-004
  2.2977940e+003  1.5546187e-003
  2.2988510e+003  8.6881890e-004
  2.2999080e+003  1.4707405e-003
  2.3009660e+003 -2.8913424e-003
  2.3020260e+003  1.3156991e-003
  2.3030860e+003  3.3570419e-003
  2.3041470e+003 -7.4218435e-004
  2.3052100e+003 -1.3807189e-003
  2.3062730e+003 -2.8057590e-003
  2.3073370e+003  1.5738053e-003
  2.3084030e+003  3.8930252e-003
  2.3094690e+003 -5.0708617e-004
  2.3105360e+003  6.3808000e-004
  2.3116040e+003  2.2470644e-003
  2.3126740e+003  5.2431375e-003
  2.3137440e+003  1.5112595e-003
  2.3148150e+003 -9.8392344e-004
  2.3158870e+003 -1.8420764e-003
  2.3169600e+003 -1.9551730e-003
  2.3180340e+003  1.4613225e-003
  2.3191100e+003 -1.5641387e-003
  2.3201860e+003 -3.2792429e-003
  2.3212630e+003  2.8415634e-003
  2.3223410e+003  1.3021891e-003
  2.3234200e+003  4.9967216e-003
  2.3245000e+003  5.4364107e-003
  2.3255810e+003 -3.9882571e-003
  2.3266640e+003 -5.6338310e-003
  2.3277470e+003 -9.2844595e-005
  2.3288310e+003 -1.0192724e-002
  2.3299160e+003  4.6646511e-003
  2.3310020e+003  3.5707251e-004
  2.3320900e+003 -3.0338432e-004
  2.3331780e+003  4.6715490e-003
  2.3342670e+003 -2.3070404e-003
  2.3353570e+003  3.3485983e-003
  2.3364480e+003 -1.1715178e-003
  2.3375410e+003  1.7043322e-003
  2.3386340e+003 -4.0175079e-004
  2.3397290e+003 -2.5747684e-003
  2.3408240e+003  3.6364540e-003
  2.3419200e+003  2.2884065e-003
  2.3430180e+003  3.4204696e-003
  2.3441160e+003  2.4271244e-003
  2.3452160e+003  5.5704342e-004
  2.3463160e+003 -2.6298342e-003
  2.3474180e+003  2.0651494e-003
  2.3485210e+003  3.9610430e-003
  2.3496240e+003 -3.1984823e-003
  2.3507290e+003 -6.6981057e-004
  2.3518340e+003  6.6889409e-004
  2.3529410e+003 -3.1524049e-003
  2.3540490e+003  4.0520485e-003
  2.3551580e+003 -8.2502291e-003
  2.3562680e+003 -9.4911400e-003
  2.3573780e+003 -2.4986549e-003
  2.3584910e+003  5.9079402e-004
  2.3596040e+003  5.9286519e-003
  2.3607180e+003 -1.9469539e-003
  2.3618330e+003  2.9508977e-003
  2.3629490e+003 -4.8179640e-003
  2.3640660e+003 -2.9067849e-003
  2.3651840e+003  5.5820553e-004
  2.3663040e+003  4.0178355e-003
  2.3674240e+003 -2.3646555e-003
  2.3685460e+003 -7.6694152e-004
  2.3696680e+003 -1.9787028e-003
  2.3707920e+003 -2.0490144e-003
  2.3719170e+003  1.0268461e-003
  2.3730420e+003  3.6195928e-004
  2.3741690e+003  2.1554230e-004
  2.3752970e+003  3.2378507e-003
  2.3764260e+003 -2.6129680e-003
  2.3775560e+003 -8.6232909e-004
  2.3786870e+003 -3.3353202e-003
  2.3798190e+003  4.7349506e-003
  2.3809520e+003  2.8908849e-003
  2.3820870e+003 -4.2791475e-004
  2.3832220e+003 -3.0592098e-003
  2.3843590e+003  1.2875256e-003
  2.3854960e+003  2.0266203e-003
  2.3866350e+003  4.7952379e-003
  2.3877740e+003  2.2691092e-003
  2.3889160e+003  3.5920592e-003
  2.3900570e+003  1.7188363e-003
  2.3912000e+003  1.0781267e-003
  2.3923440e+003  3.8327151e-003
  2.3934900e+003  2.5290546e-003
  2.3946360e+003  1.4614471e-004
  2.3957840e+003 -2.3307754e-003
  2.3969320e+003  1.8531010e-003
  2.3980820e+003  3.6276898e-003
  2.3992320e+003 -4.9139879e-004
  2.4003840e+003 -2.2656254e-004
  2.4015370e+003  2.3799555e-003
  2.4026910e+003  2.4785316e-003
  2.4038460e+003 -4.4853694e-004
  2.4050020e+003  3.6153069e-004
  2.4061600e+003  5.1190131e-003
  2.4073180e+003  3.3879969e-003
  2.4084780e+003  2.7765294e-003
  2.4096380e+003  2.2404061e-003
  2.4108010e+003  2.4585030e-003
  2.4119630e+003  8.9793617e-004
  2.4131270e+003  1.5145156e-003
  2.4142920e+003  3.7101274e-003
  2.4154590e+003  6.0887230e-003
  2.4166260e+003  8.2944491e-004
  2.4177950e+003 -1.5426456e-004
  2.4189650e+003  1.1576659e-003
  2.4201350e+003  5.7384344e-003
  2.4213070e+003  1.0158210e-003
  2.4224810e+003  4.8065322e-004
  2.4236550e+003  2.9936640e-003
  2.4248300e+003  5.6474619e-003
  2.4260070e+003  3.9207612e-004
  2.4271850e+003 -1.8563702e-004
  2.4283630e+003  6.0575027e-003
  2.4295430e+003  1.7382106e-003
  2.4307240e+003  7.9554543e-003
  2.4319070e+003  4.1211816e-003
  2.4330900e+003 -4.3782038e-003
  2.4342750e+003 -1.3768260e-003
  2.4354600e+003  1.5751135e-003
  2.4366470e+003 -7.2371349e-004
  2.4378350e+003  2.6780590e-003
  2.4390240e+003  3.9906707e-003
  2.4402150e+003  3.2815572e-003
  2.4414060e+003  6.0315891e-003
  2.4425990e+003  9.6259394e-004
  2.4437930e+003 -2.4305331e-004
  2.4449880e+003 -6.5722567e-004
  2.4461840e+003  7.1931012e-005
  2.4473810e+003  4.3295398e-003
  2.4485800e+003  2.3953107e-003
  2.4497800e+003 -4.6896869e-003
  2.4509800e+003  1.9594673e-003
  2.4521820e+003 -6.0657530e-005
  2.4533850e+003  3.9012092e-003
  2.4545900e+003  6.6611392e-004
  2.4557960e+003  3.8021661e-003
  2.4570020e+003  4.6005030e-003
  2.4582100e+003  2.4736228e-003
  2.4594200e+003  2.9658044e-003
  2.4606300e+003  5.9033055e-003
  2.4618420e+003  4.0878556e-003
  2.4630540e+003  5.9169708e-003
  2.4642680e+003 -3.4401168e-003
  2.4654830e+003 -3.1213134e-003
  2.4667000e+003  8.2715601e-003
  2.4679170e+003  2.0715958e-003
  2.4691360e+003  4.4010160e-003
  2.4703560e+003  6.8741054e-003
  2.4715770e+003  3.5898769e-003
  2.4727990e+003  1.6889452e-003
  2.4740230e+003  3.4466684e-003
  2.4752480e+003  3.2183826e-003
  2.4764730e+003  4.1404632e-003
  2.4777010e+003  1.8015028e-003
  2.4789290e+003  5.3899223e-003
  2.4801590e+003  5.0252681e-003
  2.4813890e+003  7.3580081e-003
  2.4826220e+003  5.8453577e-003
  2.4838550e+003  4.5964890e-003
  2.4850890e+003  5.3411541e-003
  2.4863250e+003  9.0194996e-003
  2.4875620e+003  8.1281336e-003
  2.4888000e+003  5.7609105e-003
  2.4900400e+003  4.8195436e-003
  2.4912810e+003  3.7362839e-003
  2.4925220e+003  7.0362352e-003
  2.4937650e+003  6.9170278e-003
  2.4950100e+003  6.0981666e-003
  2.4962560e+003  2.6327230e-003
  2.4975020e+003  6.8896762e-003
  2.4987510e+003  6.7946357e-003
  2.5000000e+003  6.5223151e-003
  2.5012510e+003  1.4761861e-002
  2.5025020e+003  1.3525198e-002
  2.5037560e+003  6.1583961e-003
  2.5050100e+003  4.5491299e-003
  2.5062660e+003  1.2484406e-002
  2.5075230e+003  1.2454475e-002
  2.5087810e+003  6.2991697e-003
  2.5100400e+003  7.9473015e-003
  2.5113010e+003  6.5319776e-003
  2.5125630e+003  8.6582331e-003
  2.5138260e+003  7.7639548e-003
  2.5150910e+003  1.0810060e-002
  2.5163560e+003  6.6644023e-003
  2.5176240e+003  7.4988725e-003
  2.5188920e+003  1.0743298e-002
  2.5201610e+003  8.9419037e-003
  2.5214320e+003  9.0633612e-003
  2.5227040e+003  1.1853947e-002
  2.5239780e+003  9.0130912e-003
  2.5252520e+003  9.7665535e-003
  2.5265290e+003  1.3599826e-002
  2.5278060e+003  9.7944997e-003
  2.5290840e+003  1.1020145e-002
  2.5303650e+003  1.3141497e-002
  2.5316460e+003  1.2772889e-002
  2.5329280e+003  1.5429780e-002
  2.5342120e+003  1.2106441e-002
  2.5354970e+003  1.2840252e-002
  2.5367830e+003  1.4741876e-002
  2.5380710e+003  1.0129415e-002
  2.5393600e+003  1.8492477e-002
  2.5406500e+003  1.8854348e-002
  2.5419420e+003  1.6445644e-002
  2.5432350e+003  1.5803587e-002
  2.5445290e+003  1.6811455e-002
  2.5458250e+003  2.2829810e-002
  2.5471220e+003  2.3673175e-002
  2.5484200e+003  1.9034440e-002
  2.5497190e+003  2.6078628e-002
  2.5510200e+003  2.2006286e-002
  2.5523230e+003  2.3505559e-002
  2.5536260e+003  2.3815265e-002
  2.5549310e+003  2.7940098e-002
  2.5562370e+003  2.7637936e-002
  2.5575450e+003  2.4951430e-002
  2.5588540e+003  2.7761424e-002
  2.5601640e+003  2.9066084e-002
  2.5614750e+003  3.3389308e-002
  2.5627880e+003  3.4968708e-002
  2.5641030e+003  3.2027196e-002
  2.5654180e+003  3.3430375e-002
  2.5667350e+003  3.8456902e-002
  2.5680530e+003  3.8342450e-002
  2.5693730e+003  4.1914016e-002
  2.5706940e+003  4.0992152e-002
  2.5720160e+003  4.5335751e-002
  2.5733400e+003  5.0553106e-002
  2.5746650e+003  5.3968109e-002
  2.5759920e+003  5.1382452e-002
  2.5773200e+003  5.7372984e-002
  2.5786490e+003  5.9764087e-002
  2.5799790e+003  5.8464378e-002
  2.5813110e+003  6.9560714e-002
  2.5826450e+003  7.5289316e-002
  2.5839790e+003  8.3648622e-002
  2.5853150e+003  8.5209548e-002
  2.5866530e+003  9.0420932e-002
  2.5879920e+003  9.8648384e-002
  2.5893320e+003  1.0818590e-001
  2.5906740e+003  1.1679930e-001
  2.5920170e+003  1.1624960e-001
  2.5933610e+003  1.2852330e-001
  2.5947070e+003  1.3129160e-001
  2.5960540e+003  1.4643760e-001
  2.5974030e+003  1.5897260e-001
  2.5987530e+003  1.7423840e-001
  2.6001040e+003  1.8878440e-001
  2.6014570e+003  2.0169570e-001
  2.6028110e+003  2.1782180e-001
  2.6041670e+003  2.3924070e-001
  2.6055240e+003  2.5049080e-001
  2.6068820e+003  2.6742510e-001
  2.6082420e+003  2.9779650e-001
  2.6096030e+003  3.2085740e-001
  2.6109660e+003  3.4586650e-001
  2.6123300e+003  3.7699740e-001
  2.6136960e+003  4.0379120e-001
  2.6150630e+003  4.3841830e-001
  2.6164310e+003  4.7732880e-001
  2.6178010e+003  5.1278500e-001
  2.6191720e+003  5.2841780e-001
  2.6205450e+003  5.7018260e-001
  2.6219190e+003  6.0471140e-001
  2.6232950e+003  6.4669420e-001
  2.6246720e+003  6.8958600e-001
  2.6260500e+003  7.3300110e-001
  2.6274300e+003  7.7085080e-001
  2.6288120e+003  8.1157280e-001
  2.6301950e+003  8.4503170e-001
  2.6315790e+003  8.7184820e-001
  2.6329650e+003  9.7054990e-001
  2.6343520e+003  9.7984920e-001
  2.6357410e+003  9.9085190e-001
  2.6371310e+003  9.9950130e-001
  2.6385220e+003  1.0000000e+000
  2.6399160e+003  9.9617370e-001
  2.6413100e+003  9.8866640e-001
  2.6427060e+003  9.7887600e-001
  2.6441040e+003  9.6346590e-001
  2.6455030e+003  9.5125560e-001
  2.6469030e+003  9.3564670e-001
  2.6483050e+003  9.3612030e-001
  2.6497080e+003  9.2608710e-001
  2.6511140e+003  9.2117610e-001
  2.6525200e+003  9.1216340e-001
  2.6539280e+003  9.0501220e-001
  2.6553370e+003  8.9730980e-001
  2.6567480e+003  8.9399530e-001
  2.6581600e+003  8.9125940e-001
  2.6595740e+003  8.8539670e-001
  2.6609900e+003  8.7633870e-001
  2.6624070e+003  8.7289520e-001
  2.6638250e+003  8.6961810e-001
  2.6652450e+003  8.7026950e-001
  2.6666670e+003  8.6703560e-001
  2.6680900e+003  8.6661260e-001
  2.6695140e+003  8.6824570e-001
  2.6709400e+003  8.7126370e-001
  2.6723680e+003  8.7180040e-001
  2.6737970e+003  8.7902730e-001
  2.6752280e+003  8.7292710e-001
  2.6766590e+003  8.7306880e-001
  2.6780930e+003  8.7848510e-001
  2.6795280e+003  8.6832420e-001
  2.6809650e+003  8.6576970e-001
  2.6824040e+003  8.6629970e-001
  2.6838430e+003  8.6110090e-001
  2.6852850e+003  8.4428760e-001
  2.6867280e+003  8.3662090e-001
  2.6881720e+003  8.2265690e-001
  2.6896180e+003  7.9697350e-001
  2.6910660e+003  7.7526760e-001
  2.6925150e+003  7.5720420e-001
  2.6939660e+003  7.2952320e-001
  2.6954180e+003  6.9630920e-001
  2.6968720e+003  6.6329880e-001
  2.6983270e+003  6.3098320e-001
  2.6997840e+003  5.9990170e-001
  2.7012430e+003  5.6675500e-001
  2.7027030e+003  5.2686660e-001
  2.7041650e+003  4.8946470e-001
  2.7056280e+003  4.5619000e-001
  2.7070930e+003  4.1799820e-001
  2.7085590e+003  3.8980300e-001
  2.7100270e+003  3.5845680e-001
  2.7114970e+003  3.2956620e-001
  2.7129680e+003  3.0812830e-001
  2.7144410e+003  2.7484330e-001
  2.7159150e+003  2.5451470e-001
  2.7173910e+003  2.3322320e-001
  2.7188690e+003  2.1645190e-001
  2.7203480e+003  1.9812050e-001
  2.7218290e+003  1.7973050e-001
  2.7233120e+003  1.6659490e-001
  2.7247960e+003  1.5585700e-001
  2.7262810e+003  1.4206300e-001
  2.7277690e+003  1.2922060e-001
  2.7292580e+003  1.1603140e-001
  2.7307480e+003  1.0925800e-001
  2.7322400e+003  1.0161950e-001
  2.7337340e+003  9.4793521e-002
  2.7352300e+003  8.5734501e-002
  2.7367270e+003  7.8500606e-002
  2.7382260e+003  7.2305515e-002
  2.7397260e+003  6.7666441e-002
  2.7412280e+003  6.1783951e-002
  2.7427320e+003  5.9543379e-002
  2.7442370e+003  5.4949719e-002
  2.7457440e+003  5.3487327e-002
  2.7472530e+003  4.7857087e-002
  2.7487630e+003  4.2981159e-002
  2.7502750e+003  3.8808439e-002
  2.7517890e+003  3.8841501e-002
  2.7533040e+003  3.5597172e-002
  2.7548210e+003  3.2697629e-002
  2.7563400e+003  3.4569003e-002
  2.7578600e+003  3.3785064e-002
  2.7593820e+003  3.0018395e-002
  2.7609060e+003  2.7086934e-002
  2.7624310e+003  2.3837386e-002
  2.7639580e+003  2.2637382e-002
  2.7654870e+003  2.2214837e-002
  2.7670170e+003  2.2490438e-002
  2.7685490e+003  2.2617158e-002
  2.7700830e+003  1.9754022e-002
  2.7716190e+003  1.9689091e-002
  2.7731560e+003  1.9567380e-002
  2.7746950e+003  1.5131825e-002
  2.7762350e+003  1.5438507e-002
  2.7777780e+003  1.4823507e-002
  2.7793220e+003  1.6984545e-002
  2.7808680e+003  1.3087596e-002
  2.7824150e+003  1.2986486e-002
  2.7839640e+003  1.1722407e-002
  2.7855150e+003  1.1010695e-002
  2.7870680e+003  8.8746138e-003
  2.7886230e+003  1.0978137e-002
  2.7901780e+003  1.2325154e-002
  2.7917360e+003  9.6319448e-003
  2.7932960e+003  1.0327639e-002
  2.7948570e+003  7.3417746e-003
  2.7964210e+003  9.5253987e-003
  2.7979860e+003  7.4065216e-003
  2.7995520e+003  9.7366422e-003
  2.8011210e+003  1.0809117e-002
  2.8026900e+003  6.7696986e-003
  2.8042620e+003  9.3268733e-003
  2.8058360e+003  4.1159587e-003
  2.8074120e+003  4.6824515e-003
  2.8089890e+003  4.5553353e-003
  2.8105680e+003  3.9564827e-003
  2.8121480e+003  8.0188923e-003
  2.8137310e+003  8.6710583e-003
  2.8153150e+003  8.4487461e-003
  2.8169010e+003  4.9669393e-003
  2.8184890e+003  4.8510353e-003
  2.8200790e+003  6.9636484e-003
  2.8216700e+003  4.7342340e-003
  2.8232640e+003  3.7547725e-003
  2.8248590e+003  3.3214593e-003
  2.8264560e+003  2.6186029e-003
  2.8280540e+003  8.5326303e-003
  2.8296550e+003 -3.6636053e-004
  2.8312570e+003  2.5128119e-003
  2.8328610e+003  4.1655824e-003
  2.8344670e+003 -1.5455921e-003
  2.8360750e+003  6.1042132e-003
  2.8376850e+003  2.5194078e-003
  2.8392960e+003  1.8554309e-003
  2.8409090e+003  1.0323812e-003
  2.8425240e+003 -4.7437628e-004
  2.8441410e+003 -2.8737926e-005
  2.8457600e+003  1.2743257e-003
  2.8473800e+003  4.3928423e-003
  2.8490030e+003  2.8187644e-003
  2.8506270e+003  2.1987958e-003
  2.8522530e+003  6.3084094e-003
  2.8538810e+003  4.5581176e-003
  2.8555110e+003 -2.7574406e-003
  2.8571430e+003  7.1967719e-005
  2.8587770e+003 -2.3608850e-003
  2.8604120e+003  4.3225912e-003
  2.8620490e+003  6.5716668e-003
  2.8636880e+003  2.3083843e-004
  2.8653300e+003  2.7754365e-003
  2.8669730e+003  1.7855181e-003
  2.8686170e+003 -7.7385153e-004
  2.8702640e+003  2.7039265e-003
  2.8719130e+003  1.5271574e-003
  2.8735630e+003  3.7421158e-004
  2.8752160e+003  5.9757321e-003
  2.8768700e+003  1.9594105e-003
  2.8785260e+003 -1.9072137e-003
  2.8801840e+003  2.4828811e-003
  2.8818440e+003  3.2593727e-003
  2.8835060e+003  3.2748026e-004
  2.8851700e+003  2.4538362e-004
  2.8868360e+003  1.1936240e-003
  2.8885040e+003 -9.3842646e-005
  2.8901730e+003  7.9683517e-004
  2.8918450e+003  2.7197450e-003
  2.8935190e+003  2.6478206e-003
  2.8951940e+003  1.4776372e-003
  2.8968720e+003 -2.9545873e-003
  2.8985510e+003  8.5478713e-004
  2.9002320e+003  7.7998266e-004
  2.9019150e+003  1.9078805e-003
  2.9036000e+003  1.5289901e-003
  2.9052880e+003  1.0201561e-003
  2.9069770e+003  3.0106562e-003
  2.9086680e+003 -2.7280110e-003
  2.9103610e+003  2.0184508e-003
  2.9120560e+003  1.7126703e-003
  2.9137530e+003  3.3113537e-003
  2.9154520e+003 -7.0952240e-004
  2.9171530e+003  4.2653335e-003
  2.9188560e+003 -6.5765815e-004
  2.9205610e+003  5.6890270e-004
  2.9222680e+003  1.1174708e-003
  2.9239770e+003  9.5747906e-004
  2.9256880e+003 -1.3069300e-003
  2.9274010e+003  3.8439846e-003
  2.9291150e+003  9.4274756e-006
  2.9308330e+003  8.4425753e-004
  2.9325510e+003  1.3929218e-003
  2.9342720e+003  3.7465192e-004
  2.9359950e+003  1.5779411e-003
  2.9377200e+003  1.1542599e-003
  2.9394480e+003  5.0367513e-003
  2.9411760e+003 -1.4299259e-003
  2.9429070e+003  9.5859187e-004
  2.9446410e+003  1.0289034e-003
  2.9463760e+003  1.0572710e-003
  2.9481130e+003  3.5594942e-003
  2.9498520e+003  1.8500129e-003
  2.9515940e+003  2.0237740e-004
  2.9533370e+003 -2.3172486e-003
  2.9550830e+003  1.9497211e-003
  2.9568300e+003  1.5731385e-003
  2.9585800e+003 -1.7452398e-003
  2.9603320e+003 -2.0074737e-003
  2.9620850e+003  1.8984510e-004
  2.9638410e+003  1.6391875e-003
  2.9655990e+003  9.0506679e-004
  2.9673590e+003 -2.3974231e-003
  2.9691210e+003 -2.8398111e-003
  2.9708850e+003 -3.6419898e-003
  2.9726520e+003  7.3421729e-004
  2.9744200e+003 -7.3744421e-004
  2.9761910e+003  1.8382915e-003
  2.9779630e+003 -7.2362000e-004
  2.9797380e+003  1.8637888e-003
  2.9815150e+003  2.2078911e-004
  2.9832930e+003 -6.8352866e-004
  2.9850750e+003 -1.1207935e-004
  2.9868580e+003 -1.7621890e-003
  2.9886430e+003  1.0571707e-003
  2.9904300e+003 -2.4303624e-003
  2.9922200e+003  3.5524453e-004
  2.9940120e+003  2.1731344e-003
  2.9958060e+003  3.7394851e-004
  2.9976020e+003  3.1892657e-003
  2.9994000e+003  4.6468587e-004
  3.0012000e+003  0.0000000e+000
  3.0030030e+003  0.0000000e+000
  3.0048080e+003  0.0000000e+000
  3.0066150e+003  0.0000000e+000
  3.0084240e+003  0.0000000e+000
  3.0102350e+003  0.0000000e+000
  3.0120480e+003  0.0000000e+000
  3.0138640e+003  0.0000000e+000
  3.0156820e+003  0.0000000e+000
  3.0175020e+003  0.0000000e+000
  3.0193240e+003  0.0000000e+000
  3.0211480e+003  0.0000000e+000
  3.0229750e+003  0.0000000e+000
  3.0248030e+003  0.0000000e+000
  3.0266350e+003  0.0000000e+000
  3.0284680e+003  0.0000000e+000
  3.0303030e+003  0.0000000e+000
  3.0321410e+003  0.0000000e+000
  3.0339800e+003  0.0000000e+000
  3.0358230e+003  0.0000000e+000
  3.0376670e+003  0.0000000e+000
  3.0395140e+003  0.0000000e+000
  3.0413630e+003  0.0000000e+000
  3.0432140e+003  0.0000000e+000
  3.0450670e+003  0.0000000e+000
  3.0469230e+003  0.0000000e+000
  3.0487810e+003  0.0000000e+000
  3.0506410e+003  0.0000000e+000
  3.0525030e+003  0.0000000e+000
  3.0543680e+003  0.0000000e+000
  3.0562350e+003  0.0000000e+000
  3.0581040e+003  0.0000000e+000
  3.0599760e+003  0.0000000e+000
  3.0618490e+003  0.0000000e+000
  3.0637260e+003  0.0000000e+000
  3.0656040e+003  0.0000000e+000
  3.0674850e+003  0.0000000e+000
  3.0693680e+003  0.0000000e+000
  3.0712530e+003  0.0000000e+000
  3.0731410e+003  0.0000000e+000
  3.0750310e+003  0.0000000e+000
  3.0769230e+003  0.0000000e+000
  3.0788180e+003  0.0000000e+000
  3.0807150e+003  0.0000000e+000
  3.0826140e+003  0.0000000e+000
  3.0845160e+003  0.0000000e+000
  3.0864200e+003  0.0000000e+000
  3.0883260e+003  0.0000000e+000
  3.0902350e+003  0.0000000e+000
  3.0921460e+003  0.0000000e+000
  3.0940590e+003  0.0000000e+000
  3.0959750e+003  0.0000000e+000
  3.0978940e+003  0.0000000e+000
  3.0998140e+003  0.0000000e+000
  3.1017370e+003  0.0000000e+000
  3.1036620e+003  0.0000000e+000
  3.1055900e+003  0.0000000e+000
  3.1075200e+003  0.0000000e+000
  3.1094530e+003  0.0000000e+000
  3.1113880e+003  0.0000000e+000
  3.1133250e+003  0.0000000e+000
  3.1152650e+003  0.0000000e+000
  3.1172070e+003  0.0000000e+000
  3.1191520e+003  0.0000000e+000
  3.1210990e+003  0.0000000e+000
  3.1230480e+003  0.0000000e+000
  3.1250000e+003  0.0000000e+000
  3.1269540e+003  0.0000000e+000
  3.1289110e+003  0.0000000e+000
  3.1308700e+003  0.0000000e+000
  3.1328320e+003  0.0000000e+000
  3.1347960e+003  0.0000000e+000
  3.1367630e+003  0.0000000e+000
  3.1387320e+003  0.0000000e+000
  3.1407040e+003  0.0000000e+000
  3.1426780e+003  0.0000000e+000
  3.1446540e+003  0.0000000e+000
  3.1466330e+003  0.0000000e+000
  3.1486150e+003  0.0000000e+000
  3.1505990e+003  0.0000000e+000
  3.1525850e+003  0.0000000e+000
  3.1545740e+003  0.0000000e+000
  3.1565660e+003  0.0000000e+000
  3.1585600e+003  0.0000000e+000
  3.1605560e+003  0.0000000e+000
  3.1625550e+003  0.0000000e+000
  3.1645570e+003  0.0000000e+000
  3.1665610e+003  0.0000000e+000
  3.1685680e+003  0.0000000e+000
  3.1705770e+003  0.0000000e+000
  3.1725890e+003  0.0000000e+000
  3.1746030e+003  0.0000000e+000
  3.1766200e+003  0.0000000e+000
  3.1786400e+003  0.0000000e+000
  3.1806620e+003  0.0000000e+000
  3.1826860e+003  0.0000000e+000
  3.1847130e+003  0.0000000e+000
  3.1867430e+003  0.0000000e+000
  3.1887760e+003  0.0000000e+000
  3.1908100e+003  0.0000000e+000
  3.1928480e+003  0.0000000e+000
  3.1948880e+003  0.0000000e+000
  3.1969310e+003  0.0000000e+000
  3.1989760e+003  0.0000000e+000
  3.2010240e+003  0.0000000e+000
  3.2030750e+003  0.0000000e+000
  3.2051280e+003  0.0000000e+000
  3.2071840e+003  0.0000000e+000
  3.2092430e+003  0.0000000e+000
  3.2113040e+003  0.0000000e+000
  3.2133680e+003  0.0000000e+000
  3.2154340e+003  0.0000000e+000
  3.2175030e+003  0.0000000e+000
  3.2195750e+003  0.0000000e+000
  3.2216490e+003  0.0000000e+000
  3.2237270e+003  0.0000000e+000
  3.2258070e+003  0.0000000e+000
  3.2278890e+003  0.0000000e+000
  3.2299740e+003  0.0000000e+000
  3.2320620e+003  0.0000000e+000
  3.2341530e+003  0.0000000e+000
  3.2362460e+003  0.0000000e+000
  3.2383420e+003  0.0000000e+000
  3.2404410e+003  0.0000000e+000
  3.2425420e+003  0.0000000e+000
  3.2446460e+003  0.0000000e+000
  3.2467530e+003  0.0000000e+000
  3.2488630e+003  0.0000000e+000
  3.2509750e+003  0.0000000e+000
  3.2530910e+003  0.0000000e+000
  3.2552080e+003  0.0000000e+000
  3.2573290e+003  0.0000000e+000
  3.2594520e+003  0.0000000e+000
  3.2615790e+003  0.0000000e+000
  3.2637080e+003  0.0000000e+000
  3.2658390e+003  0.0000000e+000
  3.2679740e+003  0.0000000e+000
  3.2701110e+003  0.0000000e+000
  3.2722510e+003  0.0000000e+000
  3.2743940e+003  0.0000000e+000
  3.2765400e+003  0.0000000e+000
  3.2786880e+003  0.0000000e+000
  3.2808400e+003  0.0000000e+000
  3.2829940e+003  0.0000000e+000
  3.2851510e+003  0.0000000e+000
  3.2873110e+003  0.0000000e+000
  3.2894740e+003  0.0000000e+000
  3.2916390e+003  0.0000000e+000
  3.2938080e+003  0.0000000e+000
  3.2959790e+003  0.0000000e+000
  3.2981530e+003  0.0000000e+000
  3.3003300e+003  0.0000000e+000
  3.3025100e+003  0.0000000e+000
  3.3046930e+003  0.0000000e+000
  3.3068780e+003  0.0000000e+000
  3.3090670e+003  0.0000000e+000
  3.3112580e+003  0.0000000e+000
  3.3134530e+003  0.0000000e+000
  3.3156500e+003  0.0000000e+000
  3.3178500e+003  0.0000000e+000
  3.3200530e+003  0.0000000e+000
  3.3222590e+003  0.0000000e+000
  3.3244680e+003  0.0000000e+000
  3.3266800e+003  0.0000000e+000
  3.3288950e+003  0.0000000e+000
  3.3311130e+003  0.0000000e+000
  3.3333330e+003  0.0000000e+000
  3.3355570e+003  0.0000000e+000
  3.3377840e+003  0.0000000e+000
  3.3400130e+003  0.0000000e+000
  3.3422460e+003  0.0000000e+000
  3.3444820e+003  0.0000000e+000
  3.3467200e+003  0.0000000e+000
  3.3489620e+003  0.0000000e+000
  3.3512070e+003  0.0000000e+000
  3.3534540e+003  0.0000000e+000
  3.3557050e+003  0.0000000e+000
  3.3579580e+003  0.0000000e+000
  3.3602150e+003  0.0000000e+000
  3.3624750e+003  0.0000000e+000
  3.3647380e+003  0.0000000e+000
  3.3670030e+003  0.0000000e+000
  3.3692720e+003  0.0000000e+000
  3.3715440e+003  0.0000000e+000
  3.3738190e+003  0.0000000e+000
  3.3760970e+003  0.0000000e+000
  3.3783780e+003  0.0000000e+000
  3.3806630e+003  0.0000000e+000
  3.3829500e+003  0.0000000e+000
  3.3852400e+003  0.0000000e+000
  3.3875340e+003  0.0000000e+000
  3.3898310e+003  0.0000000e+000
  3.3921300e+003  0.0000000e+000
  3.3944330e+003  0.0000000e+000
  3.3967390e+003  0.0000000e+000
  3.3990480e+003  0.0000000e+000
  3.4013610e+003  0.0000000e+000
  3.4036760e+003  0.0000000e+000
  3.4059940e+003  0.0000000e+000
  3.4083160e+003  0.0000000e+000
  3.4106410e+003  0.0000000e+000
  3.4129690e+003  0.0000000e+000
  3.4153010e+003  0.0000000e+000
  3.4176350e+003  0.0000000e+000
  3.4199730e+003  0.0000000e+000
  3.4223130e+003  0.0000000e+000
  3.4246570e+003  0.0000000e+000
  3.4270050e+003  0.0000000e+000
  3.4293550e+003  0.0000000e+000
  3.4317090e+003  0.0000000e+000
  3.4340660e+003  0.0000000e+000
  3.4364260e+003  0.0000000e+000
  3.4387900e+003  0.0000000e+000
  3.4411560e+003  0.0000000e+000
  3.4435260e+003  0.0000000e+000
  3.4458990e+003  0.0000000e+000
  3.4482760e+003  0.0000000e+000
  3.4506560e+003  0.0000000e+000
  3.4530390e+003  0.0000000e+000
  3.4554250e+003  0.0000000e+000
  3.4578150e+003  0.0000000e+000
  3.4602080e+003  0.0000000e+000
  3.4626040e+003  0.0000000e+000
  3.4650040e+003  0.0000000e+000
  3.4674060e+003  0.0000000e+000
  3.4698130e+003  0.0000000e+000
  3.4722220e+003  0.0000000e+000
  3.4746350e+003  0.0000000e+000
  3.4770520e+003  0.0000000e+000
  3.4794710e+003  0.0000000e+000
  3.4818940e+003  0.0000000e+000
  3.4843210e+003  0.0000000e+000
  3.4867500e+003  0.0000000e+000
  3.4891840e+003  0.0000000e+000
  3.4916200e+003  0.0000000e+000
  3.4940600e+003  0.0000000e+000
  3.4965040e+003  0.0000000e+000
  3.4989500e+003  0.0000000e+000
  3.5014010e+003  0.0000000e+000
  3.5038540e+003  0.0000000e+000
  3.5063110e+003  0.0000000e+000
  3.5087720e+003  0.0000000e+000
  3.5112360e+003  0.0000000e+000
  3.5137040e+003  0.0000000e+000
  3.5161740e+003  0.0000000e+000
  3.5186490e+003  0.0000000e+000
  3.5211270e+003  0.0000000e+000
  3.5236080e+003  0.0000000e+000
  3.5260930e+003  0.0000000e+000
  3.5285810e+003  0.0000000e+000
  3.5310730e+003  0.0000000e+000
  3.5335690e+003  0.0000000e+000
  3.5360680e+003  0.0000000e+000
  3.5385710e+003  0.0000000e+000
  3.5410770e+003  0.0000000e+000
  3.5435860e+003  0.0000000e+000
  3.5460990e+003  0.0000000e+000
  3.5486160e+003  0.0000000e+000
  3.5511360e+003  0.0000000e+000
  3.5536600e+003  0.0000000e+000
  3.5561880e+003  0.0000000e+000
  3.5587190e+003  0.0000000e+000
  3.5612530e+003  0.0000000e+000
  3.5637920e+003  0.0000000e+000
  3.5663340e+003  0.0000000e+000
  3.5688790e+003  0.0000000e+000
  3.5714290e+003  0.0000000e+000
  3.5739810e+003  0.0000000e+000
  3.5765380e+003  0.0000000e+000
  3.5790980e+003  0.0000000e+000
  3.5816620e+003  0.0000000e+000
  3.5842290e+003  0.0000000e+000
  3.5868010e+003  0.0000000e+000
  3.5893750e+003  0.0000000e+000
  3.5919540e+003  0.0000000e+000
  3.5945360e+003  0.0000000e+000
  3.5971220e+003  0.0000000e+000
  3.5997120e+003  0.0000000e+000
  3.6023050e+003  0.0000000e+000
  3.6049030e+003  0.0000000e+000
  3.6075030e+003  0.0000000e+000
  3.6101080e+003  0.0000000e+000
  3.6127170e+003  0.0000000e+000
  3.6153290e+003  0.0000000e+000
  3.6179450e+003  0.0000000e+000
  3.6205650e+003  0.0000000e+000
  3.6231880e+003  0.0000000e+000
  3.6258160e+003  0.0000000e+000
  3.6284470e+003  0.0000000e+000
  3.6310820e+003  0.0000000e+000
  3.6337210e+003  0.0000000e+000
  3.6363640e+003  0.0000000e+000
  3.6390100e+003  0.0000000e+000
  3.6416610e+003  0.0000000e+000
  3.6443150e+003  0.0000000e+000
  3.6469730e+003  0.0000000e+000
  3.6496350e+003  0.0000000e+000
  3.6523010e+003  0.0000000e+000
  3.6549710e+003  0.0000000e+000
  3.6576450e+003  0.0000000e+000
  3.6603220e+003  0.0000000e+000
  3.6630040e+003  0.0000000e+000
  3.6656890e+003  0.0000000e+000
  3.6683780e+003  0.0000000e+000
  3.6710720e+003  0.0000000e+000
  3.6737700e+003  0.0000000e+000
  3.6764700e+003  0.0000000e+000
  3.6791760e+003  0.0000000e+000
  3.6818850e+003  0.0000000e+000
  3.6845980e+003  0.0000000e+000
  3.6873160e+003  0.0000000e+000
  3.6900370e+003  0.0000000e+000
  3.6927620e+003  0.0000000e+000
  3.6954910e+003  0.0000000e+000
  3.6982250e+003  0.0000000e+000
  3.7009620e+003  0.0000000e+000
  3.7037040e+003  0.0000000e+000
  3.7064490e+003  0.0000000e+000
  3.7091990e+003  0.0000000e+000
  3.7119520e+003  0.0000000e+000
  3.7147100e+003  0.0000000e+000
  3.7174720e+003  0.0000000e+000
  3.7202380e+003  0.0000000e+000
  3.7230080e+003  0.0000000e+000
  3.7257820e+003  0.0000000e+000
  3.7285610e+003  0.0000000e+000
  3.7313430e+003  0.0000000e+000
  3.7341300e+003  0.0000000e+000
  3.7369210e+003  0.0000000e+000
  3.7397160e+003  0.0000000e+000
  3.7425150e+003  0.0000000e+000
  3.7453180e+003  0.0000000e+000
  3.7481260e+003  0.0000000e+000
  3.7509380e+003  0.0000000e+000
  3.7537540e+003  0.0000000e+000
  3.7565740e+003  0.0000000e+000
  3.7593980e+003  0.0000000e+000
  3.7622270e+003  0.0000000e+000
  3.7650600e+003  0.0000000e+000
  3.7678970e+003  0.0000000e+000
  3.7707390e+003  0.0000000e+000
  3.7735850e+003  0.0000000e+000
  3.7764350e+003  0.0000000e+000
  3.7792900e+003  0.0000000e+000
  3.7821480e+003  0.0000000e+000
  3.7850110e+003  0.0000000e+000
  3.7878790e+003  0.0000000e+000
  3.7907500e+003  0.0000000e+000
  3.7936270e+003  0.0000000e+000
  3.7965070e+003  0.0000000e+000
  3.7993920e+003  0.0000000e+000
  3.8022810e+003  0.0000000e+000
  3.8051750e+003  0.0000000e+000
  3.8080730e+003  0.0000000e+000
  3.8109760e+003  0.0000000e+000
  3.8138830e+003  0.0000000e+000
  3.8167940e+003  0.0000000e+000
  3.8197100e+003  0.0000000e+000
  3.8226300e+003  0.0000000e+000
  3.8255550e+003  0.0000000e+000
  3.8284840e+003  0.0000000e+000
  3.8314180e+003  0.0000000e+000
  3.8343560e+003  0.0000000e+000
  3.8372990e+003  0.0000000e+000
  3.8402460e+003  0.0000000e+000
  3.8431980e+003  0.0000000e+000
  3.8461540e+003  0.0000000e+000
  3.8491150e+003  0.0000000e+000
  3.8520800e+003  0.0000000e+000
  3.8550500e+003  0.0000000e+000
  3.8580250e+003  0.0000000e+000
  3.8610040e+003  0.0000000e+000
  3.8639880e+003  0.0000000e+000
  3.8669760e+003  0.0000000e+000
  3.8699690e+003  0.0000000e+000
  3.8729670e+003  0.0000000e+000
  3.8759690e+003  0.0000000e+000
  3.8789760e+003  0.0000000e+000
  3.8819880e+003  0.0000000e+000
  3.8850040e+003  0.0000000e+000
  3.8880250e+003  0.0000000e+000
  3.8910510e+003  0.0000000e+000
  3.8940810e+003  0.0000000e+000
  3.8971160e+003  0.0000000e+000
  3.9001560e+003  0.0000000e+000
  3.9032010e+003  0.0000000e+000
  3.9062500e+003  0.0000000e+000
  3.9093040e+003  0.0000000e+000
  3.9123630e+003  0.0000000e+000
  3.9154270e+003  0.0000000e+000
  3.9184950e+003  0.0000000e+000
  3.9215690e+003  0.0000000e+000
  3.9246470e+003  0.0000000e+000
  3.9277300e+003  0.0000000e+000
  3.9308180e+003  0.0000000e+000
  3.9339100e+003  0.0000000e+000
  3.9370080e+003  0.0000000e+000
  3.9401100e+003  0.0000000e+000
  3.9432180e+003  0.0000000e+000
  3.9463300e+003  0.0000000e+000
  3.9494470e+003  0.0000000e+000
  3.9525690e+003  0.0000000e+000
  3.9556960e+003  0.0000000e+000
  3.9588280e+003  0.0000000e+000
  3.9619650e+003  0.0000000e+000
  3.9651070e+003  0.0000000e+000
  3.9682540e+003  0.0000000e+000
  3.9714060e+003  0.0000000e+000
  3.9745630e+003  0.0000000e+000
  3.9777250e+003  0.0000000e+000
  3.9808920e+003  0.0000000e+000
  3.9840640e+003  0.0000000e+000
  3.9872410e+003  0.0000000e+000
  3.9904230e+003  0.0000000e+000
  3.9936100e+003  0.0000000e+000
  3.9968020e+003  0.0000000e+000
  4.0000000e+003  0.0000000e+000
