  2.1000000e+003  1.0573800e-001
  2.1002000e+003  1.1622900e-001
  2.1004000e+003  1.2378600e-001
  2.1006000e+003  1.2216500e-001
  2.1008000e+003  1.0759800e-001
  2.1010000e+003  8.1324000e-002
  2.1012000e+003  4.9853000e-002
  2.1014000e+003  2.1052000e-002
  2.1016000e+003  5.2400000e-004
  2.1018000e+003 -1.1253000e-002
  2.1020000e+003 -1.7070000e-002
  2.1022000e+003 -1.8763000e-002
  2.1024000e+003 -1.4233000e-002
  2.1026000e+003  4.5200000e-004
  2.1028000e+003  2.6273000e-002
  2.1030000e+003  5.6791000e-002
  2.1032000e+003  7.9941000e-002
  2.1034000e+003  8.3947000e-002
  2.1036000e+003  6.5779000e-002
  2.1038000e+003  3.2329000e-002
  2.1040000e+003 -2.2880000e-003
  2.1042000e+003 -2.5939000e-002
  2.1044000e+003 -3.3855000e-002
  2.1046000e+003 -3.0636000e-002
  2.1048000e+003 -2.5415000e-002
  2.1050000e+003 -2.5653000e-002
  2.1052000e+003 -3.3831000e-002
  2.1054000e+003 -4.6873000e-002
  2.1056000e+003 -5.9747000e-002
  2.1058000e+003 -6.7591000e-002
  2.1060000e+003 -6.6757000e-002
  2.1062000e+003 -5.4478000e-002
  2.1064000e+003 -2.9373000e-002
  2.1066000e+003  7.2000000e-003
  2.1068000e+003  5.0234000e-002
  2.1070000e+003  9.2434000e-002
  2.1072000e+003  1.2834000e-001
  2.1074000e+003  1.5671200e-001
  2.1076000e+003  1.8167400e-001
  2.1078000e+003  2.0868700e-001
  2.1080000e+003  2.3953900e-001
  2.1082000e+003  2.7008000e-001
  2.1084000e+003  2.9325400e-001
  2.1086000e+003  3.0410200e-001
  2.1088000e+003  3.0395900e-001
  2.1090000e+003  2.9819000e-001
  2.1092000e+003  2.9218100e-001
  2.1094000e+003  2.8696000e-001
  2.1096000e+003  2.7923500e-001
  2.1098000e+003  2.6443000e-001
  2.1100000e+003  2.3980100e-001
  2.1102000e+003  2.0582600e-001
  2.1104000e+003  1.6574800e-001
  2.1106000e+003  1.2419200e-001
  2.1108000e+003  8.5878000e-002
  2.1110000e+003  5.5670000e-002
  2.1112000e+003  3.6334000e-002
  2.1114000e+003  2.6535000e-002
  2.1116000e+003  1.9764000e-002
  2.1118000e+003  7.9150000e-003
  2.1120000e+003 -1.3971000e-002
  2.1122000e+003 -4.3845000e-002
  2.1124000e+003 -7.3909000e-002
  2.1126000e+003 -9.5844000e-002
  2.1128000e+003 -1.0528500e-001
  2.1130000e+003 -1.0373500e-001
  2.1132000e+003 -9.6344000e-002
  2.1134000e+003 -8.8953000e-002
  2.1136000e+003 -8.5425000e-002
  2.1138000e+003 -8.8405000e-002
  2.1140000e+003 -9.9349000e-002
  2.1142000e+003 -1.1737300e-001
  2.1144000e+003 -1.3751900e-001
  2.1146000e+003 -1.4982200e-001
  2.1148000e+003 -1.4474300e-001
  2.1150000e+003 -1.1842200e-001
  2.1152000e+003 -7.7414000e-002
  2.1154000e+003 -3.5929000e-002
  2.1156000e+003 -8.7020000e-003
  2.1158000e+003 -2.5740000e-003
  2.1160000e+003 -1.3017000e-002
  2.1162000e+003 -2.7918000e-002
  2.1164000e+003 -3.5476000e-002
  2.1166000e+003 -3.1113000e-002
  2.1168000e+003 -1.8429000e-002
  2.1170000e+003 -4.5770000e-003
  2.1172000e+003  5.0780000e-003
  2.1174000e+003  9.7510000e-003
  2.1176000e+003  1.2302000e-002
  2.1178000e+003  1.5854000e-002
  2.1180000e+003  2.0670000e-002
  2.1182000e+003  2.4151000e-002
  2.1184000e+003  2.2649000e-002
  2.1186000e+003  1.3637000e-002
  2.1188000e+003 -3.2900000e-003
  2.1190000e+003 -2.5844000e-002
  2.1192000e+003 -4.9495000e-002
  2.1194000e+003 -6.9117000e-002
  2.1196000e+003 -8.0013000e-002
  2.1198000e+003 -7.8654000e-002
  2.1200000e+003 -6.4253000e-002
  2.1202000e+003 -3.8242000e-002
  2.1204000e+003 -4.6010000e-003
  2.1206000e+003  3.0136000e-002
  2.1208000e+003  5.8150000e-002
  2.1210000e+003  7.1787000e-002
  2.1212000e+003  6.7067000e-002
  2.1214000e+003  4.5728000e-002
  2.1216000e+003  1.6140000e-002
  2.1218000e+003 -1.0848000e-002
  2.1220000e+003 -2.7060000e-002
  2.1222000e+003 -3.2067000e-002
  2.1224000e+003 -3.2520000e-002
  2.1226000e+003 -3.6692000e-002
  2.1228000e+003 -4.7349000e-002
  2.1230000e+003 -5.8937000e-002
  2.1232000e+003 -6.0415000e-002
  2.1234000e+003 -4.1651000e-002
  2.1236000e+003 -1.2150000e-003
  2.1238000e+003  5.2857000e-002
  2.1240000e+003  1.0559500e-001
  2.1242000e+003  1.4405200e-001
  2.1244000e+003  1.6112300e-001
  2.1246000e+003  1.5792800e-001
  2.1248000e+003  1.3966500e-001
  2.1250000e+003  1.1146000e-001
  2.1252000e+003  7.5674000e-002
  2.1254000e+003  3.3259000e-002
  2.1256000e+003 -1.3136000e-002
  2.1258000e+003 -5.6052000e-002
  2.1260000e+003 -8.4471000e-002
  2.1262000e+003 -8.8357000e-002
  2.1264000e+003 -6.5398000e-002
  2.1266000e+003 -2.3078000e-002
  2.1268000e+003  2.3484000e-002
  2.1270000e+003  5.9533000e-002
  2.1272000e+003  7.7772000e-002
  2.1274000e+003  8.1324000e-002
  2.1276000e+003  8.0132000e-002
  2.1278000e+003  8.3565000e-002
  2.1280000e+003  9.4747000e-002
  2.1282000e+003  1.0836100e-001
  2.1284000e+003  1.1546600e-001
  2.1286000e+003  1.0964800e-001
  2.1288000e+003  9.0980000e-002
  2.1290000e+003  6.5851000e-002
  2.1292000e+003  4.3225000e-002
  2.1294000e+003  2.9349000e-002
  2.1296000e+003  2.5892000e-002
  2.1298000e+003  2.9206000e-002
  2.1300000e+003  3.3354000e-002
  2.1302000e+003  3.2091000e-002
  2.1304000e+003  2.0647000e-002
  2.1306000e+003 -2.1450000e-003
  2.1308000e+003 -3.3068000e-002
  2.1310000e+003 -6.5183000e-002
  2.1312000e+003 -8.9550000e-002
  2.1314000e+003 -9.9086000e-002
  2.1316000e+003 -9.1624000e-002
  2.1318000e+003 -7.0500000e-002
  2.1320000e+003 -4.2533000e-002
  2.1322000e+003 -1.3208000e-002
  2.1324000e+003  1.6307000e-002
  2.1326000e+003  4.8899000e-002
  2.1328000e+003  8.8238000e-002
  2.1330000e+003  1.3420500e-001
  2.1332000e+003  1.8095900e-001
  2.1334000e+003  2.1855800e-001
  2.1336000e+003  2.3727400e-001
  2.1338000e+003  2.3171900e-001
  2.1340000e+003  2.0351400e-001
  2.1342000e+003  1.5933500e-001
  2.1344000e+003  1.0886100e-001
  2.1346000e+003  5.9676000e-002
  2.1348000e+003  1.5568000e-002
  2.1350000e+003 -2.3889000e-002
  2.1352000e+003 -6.0915000e-002
  2.1354000e+003 -9.6035000e-002
  2.1356000e+003 -1.2598000e-001
  2.1358000e+003 -1.4505300e-001
  2.1360000e+003 -1.4860600e-001
  2.1362000e+003 -1.3718600e-001
  2.1364000e+003 -1.1754000e-001
  2.1366000e+003 -9.8299000e-002
  2.1368000e+003 -8.5234000e-002
  2.1370000e+003 -7.5769000e-002
  2.1372000e+003 -6.1893000e-002
  2.1374000e+003 -3.6025000e-002
  2.1376000e+003  1.0960000e-003
  2.1378000e+003  3.9339000e-002
  2.1380000e+003  6.3467000e-002
  2.1382000e+003  6.4468000e-002
  2.1384000e+003  4.4369000e-002
  2.1386000e+003  1.6689000e-002
  2.1388000e+003 -2.8610000e-003
  2.1390000e+003 -5.1730000e-003
  2.1392000e+003  7.5810000e-003
  2.1394000e+003  2.4724000e-002
  2.1396000e+003  3.4928000e-002
  2.1398000e+003  3.2973000e-002
  2.1400000e+003  2.1862000e-002
  2.1402000e+003  9.2020000e-003
  2.1404000e+003  2.2410000e-003
  2.1406000e+003  3.7430000e-003
  2.1408000e+003  1.2540000e-002
  2.1410000e+003  2.5296000e-002
  2.1412000e+003  3.8123000e-002
  2.1414000e+003  4.6753000e-002
  2.1416000e+003  4.7063000e-002
  2.1418000e+003  3.7002000e-002
  2.1420000e+003  1.8143000e-002
  2.1422000e+003 -2.2410000e-003
  2.1424000e+003 -1.4185000e-002
  2.1426000e+003 -1.0013000e-002
  2.1428000e+003  1.0061000e-002
  2.1430000e+003  3.7956000e-002
  2.1432000e+003  6.2084000e-002
  2.1434000e+003  7.4768000e-002
  2.1436000e+003  7.5554000e-002
  2.1438000e+003  7.0214000e-002
  2.1440000e+003  6.5708000e-002
  2.1442000e+003  6.7138000e-002
  2.1444000e+003  7.7772000e-002
  2.1446000e+003  9.9825000e-002
  2.1448000e+003  1.3442000e-001
  2.1450000e+003  1.7876600e-001
  2.1452000e+003  2.2351700e-001
  2.1454000e+003  2.5475000e-001
  2.1456000e+003  2.5956600e-001
  2.1458000e+003  2.3581900e-001
  2.1460000e+003  1.9299900e-001
  2.1462000e+003  1.4786700e-001
  2.1464000e+003  1.1379700e-001
  2.1466000e+003  9.4914000e-002
  2.1468000e+003  8.6045000e-002
  2.1470000e+003  7.9631000e-002
  2.1472000e+003  7.2550000e-002
  2.1474000e+003  6.7925000e-002
  2.1476000e+003  7.1835000e-002
  2.1478000e+003  8.6832000e-002
  2.1480000e+003  1.0867100e-001
  2.1482000e+003  1.2807800e-001
  2.1484000e+003  1.3523100e-001
  2.1486000e+003  1.2559800e-001
  2.1488000e+003  1.0151800e-001
  2.1490000e+003  7.1239000e-002
  2.1492000e+003  4.5394000e-002
  2.1494000e+003  3.1113000e-002
  2.1496000e+003  2.9110000e-002
  2.1498000e+003  3.3307000e-002
  2.1500000e+003  3.5357000e-002
  2.1502000e+003  3.0422000e-002
  2.1504000e+003  2.0742000e-002
  2.1506000e+003  1.4042000e-002
  2.1508000e+003  1.8739000e-002
  2.1510000e+003  3.6501000e-002
  2.1512000e+003  6.0153000e-002
  2.1514000e+003  7.6699000e-002
  2.1516000e+003  7.5507000e-002
  2.1518000e+003  5.5027000e-002
  2.1520000e+003  2.4676000e-002
  2.1522000e+003 -3.5700000e-004
  2.1524000e+003 -7.3670000e-003
  2.1526000e+003  7.6770000e-003
  2.1528000e+003  3.7384000e-002
  2.1530000e+003  6.7949000e-002
  2.1532000e+003  8.5663000e-002
  2.1534000e+003  8.4805000e-002
  2.1536000e+003  6.9379000e-002
  2.1538000e+003  5.0806000e-002
  2.1540000e+003  4.0650000e-002
  2.1542000e+003  4.4369000e-002
  2.1544000e+003  5.8054000e-002
  2.1546000e+003  7.1382000e-002
  2.1548000e+003  7.3933000e-002
  2.1550000e+003  6.1821000e-002
  2.1552000e+003  4.0555000e-002
  2.1554000e+003  2.1505000e-002
  2.1556000e+003  1.4901000e-002
  2.1558000e+003  2.2935000e-002
  2.1560000e+003  3.8504000e-002
  2.1562000e+003  4.9018000e-002
  2.1564000e+003  4.5418000e-002
  2.1566000e+003  2.7441000e-002
  2.1568000e+003  4.4820000e-003
  2.1570000e+003 -1.0943000e-002
  2.1572000e+003 -9.5840000e-003
  2.1574000e+003  9.2020000e-003
  2.1576000e+003  3.8528000e-002
  2.1578000e+003  6.8140000e-002
  2.1580000e+003  9.0813000e-002
  2.1582000e+003  1.0414100e-001
  2.1584000e+003  1.0895700e-001
  2.1586000e+003  1.0511800e-001
  2.1588000e+003  8.9192000e-002
  2.1590000e+003  5.6028000e-002
  2.1592000e+003  4.1240000e-003
  2.1594000e+003 -5.9962000e-002
  2.1596000e+003 -1.2025800e-001
  2.1598000e+003 -1.5766600e-001
  2.1600000e+003 -1.5945400e-001
  2.1602000e+003 -1.2609900e-001
  2.1604000e+003 -7.2193000e-002
  2.1606000e+003 -1.7499000e-002
  2.1608000e+003  2.2292000e-002
  2.1610000e+003  4.2939000e-002
  2.1612000e+003  4.9066000e-002
  2.1614000e+003  4.7969000e-002
  2.1616000e+003  4.2557000e-002
  2.1618000e+003  3.0612000e-002
  2.1620000e+003  8.5590000e-003
  2.1622000e+003 -2.2339000e-002
  2.1624000e+003 -5.5050000e-002
  2.1626000e+003 -7.9655000e-002
  2.1628000e+003 -8.9764000e-002
  2.1630000e+003 -8.4733000e-002
  2.1632000e+003 -6.8902000e-002
  2.1634000e+003 -4.7230000e-002
  2.1636000e+003 -2.3007000e-002
  2.1638000e+003  3.2180000e-003
  2.1640000e+003  3.0303000e-002
  2.1642000e+003  5.5146000e-002
  2.1644000e+003  7.2884000e-002
  2.1646000e+003  7.9846000e-002
  2.1648000e+003  7.5602000e-002
  2.1650000e+003  6.5135000e-002
  2.1652000e+003  5.5742000e-002
  2.1654000e+003  5.2881000e-002
  2.1656000e+003  5.6457000e-002
  2.1658000e+003  6.0749000e-002
  2.1660000e+003  5.6695000e-002
  2.1662000e+003  3.7884000e-002
  2.1664000e+003  5.7450000e-003
  2.1666000e+003 -2.8610000e-002
  2.1668000e+003 -4.7469000e-002
  2.1670000e+003 -3.4832000e-002
  2.1672000e+003  1.5187000e-002
  2.1674000e+003  9.2077000e-002
  2.1676000e+003  1.7223300e-001
  2.1678000e+003  2.2702200e-001
  2.1680000e+003  2.3777400e-001
  2.1682000e+003  2.0413300e-001
  2.1684000e+003  1.4550600e-001
  2.1686000e+003  9.0599000e-002
  2.1688000e+003  6.3037000e-002
  2.1690000e+003  7.0834000e-002
  2.1692000e+003  1.0230500e-001
  2.1694000e+003  1.3577900e-001
  2.1696000e+003  1.5037000e-001
  2.1698000e+003  1.3871100e-001
  2.1700000e+003  1.0716900e-001
  2.1702000e+003  7.2598000e-002
  2.1704000e+003  5.1116000e-002
  2.1706000e+003  5.1259000e-002
  2.1708000e+003  7.0428000e-002
  2.1710000e+003  9.8681000e-002
  2.1712000e+003  1.2440600e-001
  2.1714000e+003  1.3875900e-001
  2.1716000e+003  1.3847300e-001
  2.1718000e+003  1.2500200e-001
  2.1720000e+003  1.0337800e-001
  2.1722000e+003  8.0609000e-002
  2.1724000e+003  6.4468000e-002
  2.1726000e+003  5.9413000e-002
  2.1728000e+003  6.3848000e-002
  2.1730000e+003  7.0548000e-002
  2.1732000e+003  6.9475000e-002
  2.1734000e+003  5.4073000e-002
  2.1736000e+003  2.5510000e-002
  2.1738000e+003 -7.1040000e-003
  2.1740000e+003 -3.2448000e-002
  2.1742000e+003 -4.1842000e-002
  2.1744000e+003 -3.3617000e-002
  2.1746000e+003 -1.1229000e-002
  2.1748000e+003  1.9764000e-002
  2.1750000e+003  5.4121000e-002
  2.1752000e+003  8.7022000e-002
  2.1754000e+003  1.1301000e-001
  2.1756000e+003  1.2776800e-001
  2.1758000e+003  1.3008100e-001
  2.1760000e+003  1.2316700e-001
  2.1762000e+003  1.1410700e-001
  2.1764000e+003  1.0972000e-001
  2.1766000e+003  1.1365400e-001
  2.1768000e+003  1.2423900e-001
  2.1770000e+003  1.3597000e-001
  2.1772000e+003  1.4216800e-001
  2.1774000e+003  1.3890200e-001
  2.1776000e+003  1.2626600e-001
  2.1778000e+003  1.0876600e-001
  2.1780000e+003  9.3984000e-002
  2.1782000e+003  8.9883000e-002
  2.1784000e+003  1.0087400e-001
  2.1786000e+003  1.2478800e-001
  2.1788000e+003  1.5335000e-001
  2.1790000e+003  1.7523700e-001
  2.1792000e+003  1.8231800e-001
  2.1794000e+003  1.7273400e-001
  2.1796000e+003  1.5208700e-001
  2.1798000e+003  1.3022400e-001
  2.1800000e+003  1.1706300e-001
  2.1802000e+003  1.1832700e-001
  2.1804000e+003  1.3320400e-001
  2.1806000e+003  1.5532900e-001
  2.1808000e+003  1.7418800e-001
  2.1810000e+003  1.7981500e-001
  2.1812000e+003  1.6624900e-001
  2.1814000e+003  1.3511100e-001
  2.1816000e+003  9.5725000e-002
  2.1818000e+003  6.1917000e-002
  2.1820000e+003  4.6324000e-002
  2.1822000e+003  5.4907000e-002
  2.1824000e+003  8.5377000e-002
  2.1826000e+003  1.2869800e-001
  2.1828000e+003  1.7437900e-001
  2.1830000e+003  2.1357500e-001
  2.1832000e+003  2.4161300e-001
  2.1834000e+003  2.5663300e-001
  2.1836000e+003  2.5842100e-001
  2.1838000e+003  2.4805000e-001
  2.1840000e+003  2.2881000e-001
  2.1842000e+003  2.0747100e-001
  2.1844000e+003  1.9280900e-001
  2.1846000e+003  1.9204600e-001
  2.1848000e+003  2.0756700e-001
  2.1850000e+003  2.3415000e-001
  2.1852000e+003  2.6268900e-001
  2.1854000e+003  2.8431400e-001
  2.1856000e+003  2.9609200e-001
  2.1858000e+003  3.0109800e-001
  2.1860000e+003  3.0598600e-001
  2.1862000e+003  3.1523700e-001
  2.1864000e+003  3.2820700e-001
  2.1866000e+003  3.3946000e-001
  2.1868000e+003  3.4282200e-001
  2.1870000e+003  3.3481100e-001
  2.1872000e+003  3.1638100e-001
  2.1874000e+003  2.9141900e-001
  2.1876000e+003  2.6435800e-001
  2.1878000e+003  2.3856100e-001
  2.1880000e+003  2.1610200e-001
  2.1882000e+003  1.9817300e-001
  2.1884000e+003  1.8637100e-001
  2.1886000e+003  1.8198400e-001
  2.1888000e+003  1.8548900e-001
  2.1890000e+003  1.9583700e-001
  2.1892000e+003  2.1116700e-001
  2.1894000e+003  2.2892900e-001
  2.1896000e+003  2.4700100e-001
  2.1898000e+003  2.6347600e-001
  2.1900000e+003  2.7663700e-001
  2.1902000e+003  2.8491000e-001
  2.1904000e+003  2.8736500e-001
  2.1906000e+003  2.8419400e-001
  2.1908000e+003  2.7763800e-001
  2.1910000e+003  2.7089100e-001
  2.1912000e+003  2.6712400e-001
  2.1914000e+003  2.6724300e-001
  2.1916000e+003  2.6869700e-001
  2.1918000e+003  2.6683800e-001
  2.1920000e+003  2.5694300e-001
  2.1922000e+003  2.3782200e-001
  2.1924000e+003  2.1352700e-001
  2.1926000e+003  1.9152100e-001
  2.1928000e+003  1.7795500e-001
  2.1930000e+003  1.7406900e-001
  2.1932000e+003  1.7507000e-001
  2.1934000e+003  1.7509400e-001
  2.1936000e+003  1.7235200e-001
  2.1938000e+003  1.7230500e-001
  2.1940000e+003  1.8413000e-001
  2.1942000e+003  2.1469500e-001
  2.1944000e+003  2.6228400e-001
  2.1946000e+003  3.1688200e-001
  2.1948000e+003  3.6494700e-001
  2.1950000e+003  3.9787200e-001
  2.1952000e+003  4.1470500e-001
  2.1954000e+003  4.2130900e-001
  2.1956000e+003  4.2433700e-001
  2.1958000e+003  4.2707900e-001
  2.1960000e+003  4.2870000e-001
  2.1962000e+003  4.2641100e-001
  2.1964000e+003  4.1854300e-001
  2.1966000e+003  4.0709900e-001
  2.1968000e+003  3.9651300e-001
  2.1970000e+003  3.9234100e-001
  2.1972000e+003  3.9820600e-001
  2.1974000e+003  4.1396600e-001
  2.1976000e+003  4.3585300e-001
  2.1978000e+003  4.5723900e-001
  2.1980000e+003  4.7118600e-001
  2.1982000e+003  4.7259300e-001
  2.1984000e+003  4.6048100e-001
  2.1986000e+003  4.3809400e-001
  2.1988000e+003  4.1239200e-001
  2.1990000e+003  3.9227000e-001
  2.1992000e+003  3.8609500e-001
  2.1994000e+003  3.9997100e-001
  2.1996000e+003  4.3447000e-001
  2.1998000e+003  4.8456100e-001
  2.2000000e+003  5.3997000e-001
  2.2002000e+003  5.8984700e-001
  2.2004000e+003  6.2649200e-001
  2.2006000e+003  6.4749700e-001
  2.2008000e+003  6.5562700e-001
  2.2010000e+003  6.5550800e-001
  2.2012000e+003  6.5145400e-001
  2.2014000e+003  6.4647100e-001
  2.2016000e+003  6.4325300e-001
  2.2018000e+003  6.4558900e-001
  2.2020000e+003  6.5789200e-001
  2.2022000e+003  6.8387900e-001
  2.2024000e+003  7.2383800e-001
  2.2026000e+003  7.7385900e-001
  2.2028000e+003  8.2712100e-001
  2.2030000e+003  8.7525800e-001
  2.2032000e+003  9.1109200e-001
  2.2034000e+003  9.3028500e-001
  2.2036000e+003  9.3216800e-001
  2.2038000e+003  9.2012800e-001
  2.2040000e+003  9.0062600e-001
  2.2042000e+003  8.8148100e-001
  2.2044000e+003  8.6841500e-001
  2.2046000e+003  8.6355200e-001
  2.2048000e+003  8.6424300e-001
  2.2050000e+003  8.6584000e-001
  2.2052000e+003  8.6488700e-001
  2.2054000e+003  8.6226400e-001
  2.2056000e+003  8.6307500e-001
  2.2058000e+003  8.7406600e-001
  2.2060000e+003  8.9838500e-001
  2.2062000e+003  9.3390900e-001
  2.2064000e+003  9.7415400e-001
  2.2066000e+003  1.0115140e+000
  2.2068000e+003  1.0413400e+000
  2.2070000e+003  1.0627500e+000
  2.2072000e+003  1.0776510e+000
  2.2074000e+003  1.0884760e+000
  2.2076000e+003  1.0971780e+000
  2.2078000e+003  1.1047600e+000
  2.2080000e+003  1.1117690e+000
  2.2082000e+003  1.1192790e+000
  2.2084000e+003  1.1287920e+000
  2.2086000e+003  1.1430500e+000
  2.2088000e+003  1.1662000e+000
  2.2090000e+003  1.2028210e+000
  2.2092000e+003  1.2557260e+000
  2.2094000e+003  1.3222210e+000
  2.2096000e+003  1.3940810e+000
  2.2098000e+003  1.4602180e+000
  2.2100000e+003  1.5120500e+000
  2.2102000e+003  1.5482180e+000
  2.2104000e+003  1.5727040e+000
  2.2106000e+003  1.5924210e+000
  2.2108000e+003  1.6109940e+000
  2.2110000e+003  1.6279930e+000
  2.2112000e+003  1.6410350e+000
  2.2114000e+003  1.6512150e+000
  2.2116000e+003  1.6659730e+000
  2.2118000e+003  1.6966580e+000
  2.2120000e+003  1.7526620e+000
  2.2122000e+003  1.8354890e+000
  2.2124000e+003  1.9364590e+000
  2.2126000e+003  2.0411490e+000
  2.2128000e+003  2.1356100e+000
  2.2130000e+003  2.2133350e+000
  2.2132000e+003  2.2773740e+000
  2.2134000e+003  2.3366680e+000
  2.2136000e+003  2.3993730e+000
  2.2138000e+003  2.4671790e+000
  2.2140000e+003  2.5355330e+000
  2.2142000e+003  2.5977370e+000
  2.2144000e+003  2.6532410e+000
  2.2146000e+003  2.7086250e+000
  2.2148000e+003  2.7754300e+000
  2.2150000e+003  2.8622620e+000
  2.2152000e+003  2.9676910e+000
  2.2154000e+003  3.0809870e+000
  2.2156000e+003  3.1879180e+000
  2.2158000e+003  3.2789230e+000
  2.2160000e+003  3.3536430e+000
  2.2162000e+003  3.4176340e+000
  2.2164000e+003  3.4779070e+000
  2.2166000e+003  3.5370340e+000
  2.2168000e+003  3.5948750e+000
  2.2170000e+003  3.6514990e+000
  2.2172000e+003  3.7120340e+000
  2.2174000e+003  3.7866350e+000
  2.2176000e+003  3.8855310e+000
  2.2178000e+003  4.0149920e+000
  2.2180000e+003  4.1734450e+000
  2.2182000e+003  4.3529510e+000
  2.2184000e+003  4.5420880e+000
  2.2186000e+003  4.7282690e+000
  2.2188000e+003  4.9021720e+000
  2.2190000e+003  5.0571440e+000
  2.2192000e+003  5.1934000e+000
  2.2194000e+003  5.3166150e+000
  2.2196000e+003  5.4364440e+000
  2.2198000e+003  5.5649750e+000
  2.2200000e+003  5.7113400e+000
  2.2202000e+003  5.8820720e+000
  2.2204000e+003  6.0788860e+000
  2.2206000e+003  6.3006400e+000
  2.2208000e+003  6.5438740e+000
  2.2210000e+003  6.8001740e+000
  2.2212000e+003  7.0603600e+000
  2.2214000e+003  7.3136090e+000
  2.2216000e+003  7.5546260e+000
  2.2218000e+003  7.7858680e+000
  2.2220000e+003  8.0157990e+000
  2.2222000e+003  8.2578650e+000
  2.2224000e+003  8.5204120e+000
  2.2226000e+003  8.8073250e+000
  2.2228000e+003  9.1134070e+000
  2.2230000e+003  9.4299070e+000
  2.2232000e+003  9.7509860e+000
  2.2234000e+003  1.0073065e+001
  2.2236000e+003  1.0402441e+001
  2.2238000e+003  1.0745239e+001
  2.2240000e+003  1.1109304e+001
  2.2242000e+003  1.1498475e+001
  2.2244000e+003  1.1909651e+001
  2.2246000e+003  1.2338829e+001
  2.2248000e+003  1.2776446e+001
  2.2250000e+003  1.3217782e+001
  2.2252000e+003  1.3660454e+001
  2.2254000e+003  1.4107799e+001
  2.2256000e+003  1.4570260e+001
  2.2258000e+003  1.5057492e+001
  2.2260000e+003  1.5582251e+001
  2.2262000e+003  1.6148376e+001
  2.2264000e+003  1.6754007e+001
  2.2266000e+003  1.7391085e+001
  2.2268000e+003  1.8045592e+001
  2.2270000e+003  1.8708109e+001
  2.2272000e+003  1.9369101e+001
  2.2274000e+003  2.0028257e+001
  2.2276000e+003  2.0690131e+001
  2.2278000e+003  2.1362733e+001
  2.2280000e+003  2.2058153e+001
  2.2282000e+003  2.2781944e+001
  2.2284000e+003  2.3538494e+001
  2.2286000e+003  2.4325466e+001
  2.2288000e+003  2.5139474e+001
  2.2290000e+003  2.5980257e+001
  2.2292000e+003  2.6847219e+001
  2.2294000e+003  2.7744293e+001
  2.2296000e+003  2.8668093e+001
  2.2298000e+003  2.9611349e+001
  2.2300000e+003  3.0561876e+001
  2.2302000e+003  3.1507635e+001
  2.2304000e+003  3.2444405e+001
  2.2306000e+003  3.3372592e+001
  2.2308000e+003  3.4298896e+001
  2.2310000e+003  3.5230159e+001
  2.2312000e+003  3.6171126e+001
  2.2314000e+003  3.7123775e+001
  2.2316000e+003  3.8086390e+001
  2.2318000e+003  3.9057421e+001
  2.2320000e+003  4.0036821e+001
  2.2322000e+003  4.1027188e+001
  2.2324000e+003  4.2033243e+001
  2.2326000e+003  4.3057227e+001
  2.2328000e+003  4.4094586e+001
  2.2330000e+003  4.5133352e+001
  2.2332000e+003  4.6156096e+001
  2.2334000e+003  4.7149062e+001
  2.2336000e+003  4.8109078e+001
  2.2338000e+003  4.9042296e+001
  2.2340000e+003  4.9961090e+001
  2.2342000e+003  5.0870633e+001
  2.2344000e+003  5.1770353e+001
  2.2346000e+003  5.2653002e+001
  2.2348000e+003  5.3511643e+001
  2.2350000e+003  5.4345870e+001
  2.2352000e+003  5.5156707e+001
  2.2354000e+003  5.5949139e+001
  2.2356000e+003  5.6722998e+001
  2.2358000e+003  5.7477068e+001
  2.2360000e+003  5.8212041e+001
  2.2362000e+003  5.8929085e+001
  2.2364000e+003  5.9636688e+001
  2.2366000e+003  6.0337948e+001
  2.2368000e+003  6.1035799e+001
  2.2370000e+003  6.1727547e+001
  2.2372000e+003  6.2405610e+001
  2.2374000e+003  6.3064908e+001
  2.2376000e+003  6.3695931e+001
  2.2378000e+003  6.4296722e+001
  2.2380000e+003  6.4865684e+001
  2.2382000e+003  6.5405082e+001
  2.2384000e+003  6.5920567e+001
  2.2386000e+003  6.6414713e+001
  2.2388000e+003  6.6893053e+001
  2.2390000e+003  6.7355418e+001
  2.2392000e+003  6.7802119e+001
  2.2394000e+003  6.8233919e+001
  2.2396000e+003  6.8652391e+001
  2.2398000e+003  6.9064807e+001
  2.2400000e+003  6.9474267e+001
  2.2402000e+003  6.9883298e+001
  2.2404000e+003  7.0285511e+001
  2.2406000e+003  7.0667648e+001
  2.2408000e+003  7.1017360e+001
  2.2410000e+003  7.1324491e+001
  2.2412000e+003  7.1594142e+001
  2.2414000e+003  7.1838212e+001
  2.2416000e+003  7.2075414e+001
  2.2418000e+003  7.2320652e+001
  2.2420000e+003  7.2578644e+001
  2.2422000e+003  7.2850251e+001
  2.2424000e+003  7.3128938e+001
  2.2426000e+003  7.3410630e+001
  2.2428000e+003  7.3689150e+001
  2.2430000e+003  7.3954987e+001
  2.2432000e+003  7.4197506e+001
  2.2434000e+003  7.4403285e+001
  2.2436000e+003  7.4570894e+001
  2.2438000e+003  7.4708580e+001
  2.2440000e+003  7.4836993e+001
  2.2442000e+003  7.4977421e+001
  2.2444000e+003  7.5137877e+001
  2.2446000e+003  7.5313973e+001
  2.2448000e+003  7.5482678e+001
  2.2450000e+003  7.5621581e+001
  2.2452000e+003  7.5714325e+001
  2.2454000e+003  7.5757527e+001
  2.2456000e+003  7.5763845e+001
  2.2458000e+003  7.5747227e+001
  2.2460000e+003  7.5726962e+001
  2.2462000e+003  7.5713920e+001
  2.2464000e+003  7.5712895e+001
  2.2466000e+003  7.5722813e+001
  2.2468000e+003  7.5728917e+001
  2.2470000e+003  7.5717282e+001
  2.2472000e+003  7.5664162e+001
  2.2474000e+003  7.5550150e+001
  2.2476000e+003  7.5359773e+001
  2.2478000e+003  7.5083065e+001
  2.2480000e+003  7.4726796e+001
  2.2482000e+003  7.4300861e+001
  2.2484000e+003  7.3828244e+001
  2.2486000e+003  7.3329162e+001
  2.2488000e+003  7.2817039e+001
  2.2490000e+003  7.2298550e+001
  2.2492000e+003  7.1760964e+001
  2.2494000e+003  7.1194362e+001
  2.2496000e+003  7.0582818e+001
  2.2498000e+003  6.9919848e+001
  2.2500000e+003  6.9207429e+001
  2.2502000e+003  6.8447017e+001
  2.2504000e+003  6.7649221e+001
  2.2506000e+003  6.6814351e+001
  2.2508000e+003  6.5948033e+001
  2.2510000e+003  6.5053248e+001
  2.2512000e+003  6.4132380e+001
  2.2514000e+003  6.3192820e+001
  2.2516000e+003  6.2232470e+001
  2.2518000e+003  6.1251878e+001
  2.2520000e+003  6.0244441e+001
  2.2522000e+003  5.9204030e+001
  2.2524000e+003  5.8129668e+001
  2.2526000e+003  5.7022452e+001
  2.2528000e+003  5.5892324e+001
  2.2530000e+003  5.4746747e+001
  2.2532000e+003  5.3593015e+001
  2.2534000e+003  5.2433538e+001
  2.2536000e+003  5.1265478e+001
  2.2538000e+003  5.0086069e+001
  2.2540000e+003  4.8891448e+001
  2.2542000e+003  4.7681164e+001
  2.2544000e+003  4.6456789e+001
  2.2546000e+003  4.5221567e+001
  2.2548000e+003  4.3980884e+001
  2.2550000e+003  4.2743563e+001
  2.2552000e+003  4.1522860e+001
  2.2554000e+003  4.0335059e+001
  2.2556000e+003  3.9193606e+001
  2.2558000e+003  3.8104009e+001
  2.2560000e+003  3.7060737e+001
  2.2562000e+003  3.6046957e+001
  2.2564000e+003  3.5045266e+001
  2.2566000e+003  3.4040999e+001
  2.2568000e+003  3.3029842e+001
  2.2570000e+003  3.2015514e+001
  2.2572000e+003  3.1002759e+001
  2.2574000e+003  2.9999399e+001
  2.2576000e+003  2.9006600e+001
  2.2578000e+003  2.8029322e+001
  2.2580000e+003  2.7071523e+001
  2.2582000e+003  2.6137757e+001
  2.2584000e+003  2.5235390e+001
  2.2586000e+003  2.4365854e+001
  2.2588000e+003  2.3534131e+001
  2.2590000e+003  2.2739624e+001
  2.2592000e+003  2.1982169e+001
  2.2594000e+003  2.1259689e+001
  2.2596000e+003  2.0563554e+001
  2.2598000e+003  1.9886851e+001
  2.2600000e+003  1.9218325e+001
  2.2602000e+003  1.8554306e+001
  2.2604000e+003  1.7896199e+001
  2.2606000e+003  1.7250323e+001
  2.2608000e+003  1.6629600e+001
  2.2610000e+003  1.6041183e+001
  2.2612000e+003  1.5492820e+001
  2.2614000e+003  1.4982557e+001
  2.2616000e+003  1.4502835e+001
  2.2618000e+003  1.4043545e+001
  2.2620000e+003  1.3590002e+001
  2.2622000e+003  1.3135886e+001
  2.2624000e+003  1.2676882e+001
  2.2626000e+003  1.2217712e+001
  2.2628000e+003  1.1765670e+001
  2.2630000e+003  1.1324930e+001
  2.2632000e+003  1.0900616e+001
  2.2634000e+003  1.0493373e+001
  2.2636000e+003  1.0108661e+001
  2.2638000e+003  9.7522020e+000
  2.2640000e+003  9.4284770e+000
  2.2642000e+003  9.1371290e+000
  2.2644000e+003  8.8665240e+000
  2.2646000e+003  8.6035250e+000
  2.2648000e+003  8.3342790e+000
  2.2650000e+003  8.0547330e+000
  2.2652000e+003  7.7718730e+000
  2.2654000e+003  7.4969530e+000
  2.2656000e+003  7.2434900e+000
  2.2658000e+003  7.0153950e+000
  2.2660000e+003  6.8104500e+000
  2.2662000e+003  6.6175930e+000
  2.2664000e+003  6.4219470e+000
  2.2666000e+003  6.2112800e+000
  2.2668000e+003  5.9768430e+000
  2.2670000e+003  5.7223080e+000
  2.2672000e+003  5.4610490e+000
  2.2674000e+003  5.2161690e+000
  2.2676000e+003  5.0104370e+000
  2.2678000e+003  4.8556080e+000
  2.2680000e+003  4.7496790e+000
  2.2682000e+003  4.6759840e+000
  2.2684000e+003  4.6142100e+000
  2.2686000e+003  4.5459500e+000
  2.2688000e+003  4.4611450e+000
  2.2690000e+003  4.3582670e+000
  2.2692000e+003  4.2401550e+000
  2.2694000e+003  4.1139360e+000
  2.2696000e+003  3.9844270e+000
  2.2698000e+003  3.8540600e+000
  2.2700000e+003  3.7235490e+000
  2.2702000e+003  3.5923240e+000
  2.2704000e+003  3.4631960e+000
  2.2706000e+003  3.3421750e+000
  2.2708000e+003  3.2382720e+000
  2.2710000e+003  3.1575440e+000
  2.2712000e+003  3.0974380e+000
  2.2714000e+003  3.0473700e+000
  2.2716000e+003  2.9907220e+000
  2.2718000e+003  2.9153820e+000
  2.2720000e+003  2.8183220e+000
  2.2722000e+003  2.7082680e+000
  2.2724000e+003  2.6015280e+000
  2.2726000e+003  2.5157210e+000
  2.2728000e+003  2.4623150e+000
  2.2730000e+003  2.4407860e+000
  2.2732000e+003  2.4389980e+000
  2.2734000e+003  2.4366370e+000
  2.2736000e+003  2.4140110e+000
  2.2738000e+003  2.3595330e+000
  2.2740000e+003  2.2741070e+000
  2.2742000e+003  2.1695610e+000
  2.2744000e+003  2.0632500e+000
  2.2746000e+003  1.9689790e+000
  2.2748000e+003  1.8930190e+000
  2.2750000e+003  1.8333910e+000
  2.2752000e+003  1.7843720e+000
  2.2754000e+003  1.7401210e+000
  2.2756000e+003  1.6973250e+000
  2.2758000e+003  1.6547670e+000
  2.2760000e+003  1.6113990e+000
  2.2762000e+003  1.5656230e+000
  2.2764000e+003  1.5162700e+000
  2.2766000e+003  1.4655350e+000
  2.2768000e+003  1.4203780e+000
  2.2770000e+003  1.3891450e+000
  2.2772000e+003  1.3762950e+000
  2.2774000e+003  1.3764610e+000
  2.2776000e+003  1.3744830e+000
  2.2778000e+003  1.3521190e+000
  2.2780000e+003  1.2988320e+000
  2.2782000e+003  1.2201070e+000
  2.2784000e+003  1.1355630e+000
  2.2786000e+003  1.0710230e+000
  2.2788000e+003  1.0416030e+000
  2.2790000e+003  1.0458230e+000
  2.2792000e+003  1.0663270e+000
  2.2794000e+003  1.0825390e+000
  2.2796000e+003  1.0811320e+000
  2.2798000e+003  1.0615340e+000
  2.2800000e+003  1.0323280e+000
  2.2802000e+003  1.0039560e+000
  2.2804000e+003  9.8185500e-001
  2.2806000e+003  9.6452200e-001
  2.2808000e+003  9.4578200e-001
  2.2810000e+003  9.2003300e-001
  2.2812000e+003  8.8484200e-001
  2.2814000e+003  8.4245200e-001
  2.2816000e+003  7.9984600e-001
  2.2818000e+003  7.6537100e-001
  2.2820000e+003  7.4601100e-001
  2.2822000e+003  7.4284000e-001
  2.2824000e+003  7.5113700e-001
  2.2826000e+003  7.6284400e-001
  2.2828000e+003  7.7168900e-001
  2.2830000e+003  7.7524100e-001
  2.2832000e+003  7.7319100e-001
  2.2834000e+003  7.6417900e-001
  2.2836000e+003  7.4524800e-001
  2.2838000e+003  7.1477800e-001
  2.2840000e+003  6.7739400e-001
  2.2842000e+003  6.4473100e-001
  2.2844000e+003  6.3171300e-001
  2.2846000e+003  6.4556500e-001
  2.2848000e+003  6.8047000e-001
  2.2850000e+003  7.1799700e-001
  2.2852000e+003  7.3821500e-001
  2.2854000e+003  7.2968000e-001
  2.2856000e+003  6.9544300e-001
  2.2858000e+003  6.4930900e-001
  2.2860000e+003  6.0727500e-001
  2.2862000e+003  5.8033400e-001
  2.2864000e+003  5.7125000e-001
  2.2866000e+003  5.7795000e-001
  2.2868000e+003  5.9599800e-001
  2.2870000e+003  6.2103200e-001
  2.2872000e+003  6.4768700e-001
  2.2874000e+003  6.6890700e-001
  2.2876000e+003  6.7822900e-001
  2.2878000e+003  6.7203000e-001
  2.2880000e+003  6.5050100e-001
  2.2882000e+003  6.1700300e-001
  2.2884000e+003  5.7492200e-001
  2.2886000e+003  5.2707100e-001
  2.2888000e+003  4.7712300e-001
  2.2890000e+003  4.3184700e-001
  2.2892000e+003  4.0063800e-001
  2.2894000e+003  3.9026700e-001
  2.2896000e+003  3.9970800e-001
  2.2898000e+003  4.1797100e-001
  2.2900000e+003  4.3027400e-001
  2.2902000e+003  4.2595800e-001
  2.2904000e+003  4.0614600e-001
  2.2906000e+003  3.8220800e-001
  2.2908000e+003  3.7026400e-001
  2.2910000e+003  3.8039600e-001
  2.2912000e+003  4.1234400e-001
  2.2914000e+003  4.5650000e-001
  2.2916000e+003  5.0029700e-001
  2.2918000e+003  5.3513000e-001
  2.2920000e+003  5.5866200e-001
  2.2922000e+003  5.7322900e-001
  2.2924000e+003  5.8162200e-001
  2.2926000e+003  5.8472100e-001
  2.2928000e+003  5.7985700e-001
  2.2930000e+003  5.6409800e-001
  2.2932000e+003  5.3699000e-001
  2.2934000e+003  5.0272900e-001
  2.2936000e+003  4.6906400e-001
  2.2938000e+003  4.4448300e-001
  2.2940000e+003  4.3377800e-001
  2.2942000e+003  4.3644900e-001
  2.2944000e+003  4.4624800e-001
  2.2946000e+003  4.5390100e-001
  2.2948000e+003  4.5065800e-001
  2.2950000e+003  4.3251500e-001
  2.2952000e+003  4.0340400e-001
  2.2954000e+003  3.7326800e-001
  2.2956000e+003  3.5405100e-001
  2.2958000e+003  3.5252500e-001
  2.2960000e+003  3.6640100e-001
  2.2962000e+003  3.8428300e-001
  2.2964000e+003  3.9258000e-001
  2.2966000e+003  3.8285200e-001
  2.2968000e+003  3.5734100e-001
  2.2970000e+003  3.2620400e-001
  2.2972000e+003  3.0095500e-001
  2.2974000e+003  2.8746100e-001
  2.2976000e+003  2.8471900e-001
  2.2978000e+003  2.8791400e-001
  2.2980000e+003  2.9213400e-001
  2.2982000e+003  2.9425600e-001
  2.2984000e+003  2.9201500e-001
  2.2986000e+003  2.8381300e-001
  2.2988000e+003  2.6922200e-001
  2.2990000e+003  2.4898000e-001
  2.2992000e+003  2.2573400e-001
  2.2994000e+003  2.0279800e-001
  2.2996000e+003  1.8208000e-001
  2.2998000e+003  1.6436500e-001
  2.3000000e+003  1.5113300e-001
  2.3002000e+003  1.4572100e-001
  2.3004000e+003  1.5180100e-001
  2.3006000e+003  1.6982500e-001
  2.3008000e+003  1.9390500e-001
  2.3010000e+003  2.1212100e-001
  2.3012000e+003  2.1247800e-001
  2.3014000e+003  1.8904200e-001
  2.3016000e+003  1.4650800e-001
  2.3018000e+003  9.8562000e-002
  2.3020000e+003  6.3252000e-002
  2.3022000e+003  5.4121000e-002
  2.3024000e+003  7.7009000e-002
  2.3026000e+003  1.2748200e-001
  2.3028000e+003  1.9192600e-001
  2.3030000e+003  2.5105400e-001
  2.3032000e+003  2.8514800e-001
  2.3034000e+003  2.8426600e-001
  2.3036000e+003  2.5191300e-001
  2.3038000e+003  2.0482500e-001
  2.3040000e+003  1.6298200e-001
  2.3042000e+003  1.4133400e-001
  2.3044000e+003  1.4379000e-001
  2.3046000e+003  1.6448400e-001
  2.3048000e+003  1.9180700e-001
  2.3050000e+003  2.1405200e-001
  2.3052000e+003  2.2428000e-001
  2.3054000e+003  2.2089400e-001
  2.3056000e+003  2.0706600e-001
  2.3058000e+003  1.8625200e-001
  2.3060000e+003  1.6016900e-001
  2.3062000e+003  1.2829300e-001
  2.3064000e+003  8.9597000e-002
  2.3066000e+003  4.5013000e-002
  2.3068000e+003 -1.3350000e-003
  2.3070000e+003 -4.3416000e-002
  2.3072000e+003 -7.4958000e-002
  2.3074000e+003 -9.2363000e-002
  2.3076000e+003 -9.5200000e-002
  2.3078000e+003 -8.5163000e-002
  2.3080000e+003 -6.4015000e-002
  2.3082000e+003 -3.2067000e-002
  2.3084000e+003  1.1205000e-002
  2.3086000e+003  6.4945000e-002
  2.3088000e+003  1.2488300e-001
  2.3090000e+003  1.8208000e-001
  2.3092000e+003  2.2644900e-001
  2.3094000e+003  2.5069700e-001
  2.3096000e+003  2.5517900e-001
  2.3098000e+003  2.4890800e-001
  2.3100000e+003  2.4449800e-001
  2.3102000e+003  2.4971900e-001
  2.3104000e+003  2.6292800e-001
  2.3106000e+003  2.7432400e-001
  2.3108000e+003  2.7229700e-001
  2.3110000e+003  2.5112600e-001
  2.3112000e+003  2.1252600e-001
  2.3114000e+003  1.6529500e-001
  2.3116000e+003  1.2071100e-001
  2.3118000e+003  8.9216000e-002
  2.3120000e+003  7.5268000e-002
  2.3122000e+003  7.4625000e-002
  2.3124000e+003  7.6556000e-002
  2.3126000e+003  6.9403000e-002
  2.3128000e+003  4.7636000e-002
  2.3130000e+003  1.5449000e-002
  2.3132000e+003 -1.4305000e-002
  2.3134000e+003 -2.7871000e-002
  2.3136000e+003 -1.7404000e-002
  2.3138000e+003  1.3232000e-002
  2.3140000e+003  5.0544000e-002
  2.3142000e+003  7.7414000e-002
  2.3144000e+003  8.3804000e-002
  2.3146000e+003  7.2240000e-002
  2.3148000e+003  5.6862000e-002
  2.3150000e+003  5.6385000e-002
  2.3152000e+003  8.3541000e-002
  2.3154000e+003  1.3678000e-001
  2.3156000e+003  1.9898400e-001
  2.3158000e+003  2.4790700e-001
  2.3160000e+003  2.6726700e-001
  2.3162000e+003  2.5737200e-001
  2.3164000e+003  2.3195700e-001
  2.3166000e+003  2.1083300e-001
  2.3168000e+003  2.0852000e-001
  2.3170000e+003  2.2971600e-001
  2.3172000e+003  2.6769600e-001
  2.3174000e+003  3.0539000e-001
  2.3176000e+003  3.2312800e-001
  2.3178000e+003  3.0906200e-001
  2.3180000e+003  2.6831600e-001
  2.3182000e+003  2.1951100e-001
  2.3184000e+003  1.8427300e-001
  2.3186000e+003  1.7223300e-001
  2.3188000e+003  1.8081600e-001
  2.3190000e+003  1.9941300e-001
  2.3192000e+003  2.1753300e-001
  2.3194000e+003  2.2742700e-001
  2.3196000e+003  2.2430400e-001
  2.3198000e+003  2.0890200e-001
  2.3200000e+003  1.8651400e-001
  2.3202000e+003  1.6462800e-001
  2.3204000e+003  1.4960700e-001
  2.3206000e+003  1.4553000e-001
  2.3208000e+003  1.5554400e-001
  2.3210000e+003  1.8217500e-001
  2.3212000e+003  2.2277800e-001
  2.3214000e+003  2.6533600e-001
  2.3216000e+003  2.9211000e-001
  2.3218000e+003  2.8779500e-001
  2.3220000e+003  2.5045800e-001
  2.3222000e+003  1.9147300e-001
  2.3224000e+003  1.2979500e-001
  2.3226000e+003  8.0704000e-002
  2.3228000e+003  4.8089000e-002
  2.3230000e+003  2.3722000e-002
  2.3232000e+003 -8.6060000e-003
  2.3234000e+003 -6.1607000e-002
  2.3236000e+003 -1.3256000e-001
  2.3238000e+003 -1.9924600e-001
  2.3240000e+003 -2.3312500e-001
  2.3242000e+003 -2.1691300e-001
  2.3244000e+003 -1.5809500e-001
  2.3246000e+003 -7.7581000e-002
  2.3248000e+003  2.8130000e-003
  2.3250000e+003  6.9570000e-002
  2.3252000e+003  1.1446400e-001
  2.3254000e+003  1.3027100e-001
  2.3256000e+003  1.1706300e-001
  2.3258000e+003  8.6259000e-002
  2.3260000e+003  5.5623000e-002
  2.3262000e+003  3.6835000e-002
  2.3264000e+003  3.1471000e-002
  2.3266000e+003  3.4141000e-002
  2.3268000e+003  4.2247000e-002
  2.3270000e+003  5.8031000e-002
  2.3272000e+003  8.4686000e-002
  2.3274000e+003  1.1928000e-001
  2.3276000e+003  1.5017900e-001
  2.3278000e+003  1.6238600e-001
  2.3280000e+003  1.4801000e-001
  2.3282000e+003  1.1088800e-001
  2.3284000e+003  6.3180000e-002
  2.3286000e+003  1.5711000e-002
  2.3288000e+003 -2.4819000e-002
  2.3290000e+003 -4.9424000e-002
  2.3292000e+003 -4.6753000e-002
  2.3294000e+003 -1.2207000e-002
  2.3296000e+003  3.9625000e-002
  2.3298000e+003  8.0227000e-002
  2.3300000e+003  8.4328000e-002
  2.3302000e+003  5.1569000e-002
  2.3304000e+003  4.5530000e-003
  2.3306000e+003 -2.6512000e-002
  2.3308000e+003 -2.5820000e-002
  2.3310000e+003  5.2400000e-004
  2.3312000e+003  3.0016000e-002
  2.3314000e+003  3.9339000e-002
  2.3316000e+003  1.8739000e-002
  2.3318000e+003 -2.3317000e-002
  2.3320000e+003 -6.8020000e-002
  2.3322000e+003 -1.0061200e-001
  2.3324000e+003 -1.1975700e-001
  2.3326000e+003 -1.3518300e-001
  2.3328000e+003 -1.5733200e-001
  2.3330000e+003 -1.8784900e-001
  2.3332000e+003 -2.1712700e-001
  2.3334000e+003 -2.3288700e-001
  2.3336000e+003 -2.2943000e-001
  2.3338000e+003 -2.1350300e-001
  2.3340000e+003 -1.9731500e-001
  2.3342000e+003 -1.8684800e-001
  2.3344000e+003 -1.7311500e-001
  2.3346000e+003 -1.3909300e-001
  2.3348000e+003 -7.6007000e-002
  2.3350000e+003  4.5290000e-003
  2.3352000e+003  7.8248000e-002
  2.3354000e+003  1.2278500e-001
  2.3356000e+003  1.3246500e-001
  2.3358000e+003  1.1866000e-001
  2.3360000e+003  1.0142300e-001
  2.3362000e+003  9.8657000e-002
  2.3364000e+003  1.2009100e-001
  2.3366000e+003  1.6357800e-001
  2.3368000e+003  2.1841500e-001
  2.3370000e+003  2.7270300e-001
  2.3372000e+003  3.2188800e-001
  2.3374000e+003  3.7124100e-001
  2.3376000e+003  4.3315800e-001
  2.3378000e+003  5.1524600e-001
  2.3380000e+003  6.0691800e-001
  2.3382000e+003  6.7443800e-001
  2.3384000e+003  6.7617800e-001
  2.3386000e+003  5.9392400e-001
  2.3388000e+003  4.4786900e-001
  2.3390000e+003  2.8343200e-001
  2.3392000e+003  1.3735200e-001
  2.3394000e+003  2.0933000e-002
  2.3396000e+003 -6.8712000e-002
  2.3398000e+003 -1.2772000e-001
  2.3400000e+003 -1.4545900e-001
  2.3402000e+003 -1.2202200e-001
  2.3404000e+003 -7.7033000e-002
  2.3406000e+003 -4.0388000e-002
  2.3408000e+003 -2.9397000e-002
  2.3410000e+003 -3.8695000e-002
  2.3412000e+003 -4.4870000e-002
  2.3414000e+003 -2.5129000e-002
  2.3416000e+003  2.9015000e-002
  2.3418000e+003  1.0442700e-001
  2.3420000e+003  1.7402100e-001
  2.3422000e+003  2.1281200e-001
  2.3424000e+003  2.1357500e-001
  2.3426000e+003  1.9209300e-001
  2.3428000e+003  1.7564200e-001
  2.3430000e+003  1.8577500e-001
  2.3432000e+003  2.2535300e-001
  2.3434000e+003  2.7649400e-001
  2.3436000e+003  3.1063500e-001
  2.3438000e+003  3.0908500e-001
  2.3440000e+003  2.7208300e-001
  2.3442000e+003  2.1884400e-001
  2.3444000e+003  1.7030200e-001
  2.3446000e+003  1.3577900e-001
  2.3448000e+003  1.1141300e-001
  2.3450000e+003  9.1171000e-002
  2.3452000e+003  7.4958000e-002
  2.3454000e+003  6.9665000e-002
  2.3456000e+003  8.0299000e-002
  2.3458000e+003  1.0671600e-001
  2.3460000e+003  1.4257400e-001
  2.3462000e+003  1.7981500e-001
  2.3464000e+003  2.1238300e-001
  2.3466000e+003  2.3815600e-001
  2.3468000e+003  2.5858800e-001
  2.3470000e+003  2.7658900e-001
  2.3472000e+003  2.9280100e-001
  2.3474000e+003  3.0274300e-001
  2.3476000e+003  2.9745100e-001
  2.3478000e+003  2.6793400e-001
  2.3480000e+003  2.1033200e-001
  2.3482000e+003  1.3136800e-001
  2.3484000e+003  4.8398000e-002
  2.3486000e+003 -1.8191000e-002
  2.3488000e+003 -5.3596000e-002
  2.3490000e+003 -5.6576000e-002
  2.3492000e+003 -3.5333000e-002
  2.3494000e+003 -1.8830000e-003
  2.3496000e+003  3.5381000e-002
  2.3498000e+003  7.2288000e-002
  2.3500000e+003  1.0602400e-001
  2.3502000e+003  1.3482500e-001
  2.3504000e+003  1.5752300e-001
  2.3506000e+003  1.7318700e-001
  2.3508000e+003  1.8053000e-001
  2.3510000e+003  1.7719200e-001
  2.3512000e+003  1.5988300e-001
  2.3514000e+003  1.2621800e-001
  2.3516000e+003  7.6103000e-002
  2.3518000e+003  1.4686000e-002
  2.3520000e+003 -4.6730000e-002
  2.3522000e+003 -9.3197000e-002
  2.3524000e+003 -1.1203200e-001
  2.3526000e+003 -1.0230500e-001
  2.3528000e+003 -7.5936000e-002
  2.3530000e+003 -5.1689000e-002
  2.3532000e+003 -4.1866000e-002
  2.3534000e+003 -4.5204000e-002
  2.3536000e+003 -4.9257000e-002
  2.3538000e+003 -4.2009000e-002
  2.3540000e+003 -2.1648000e-002
  2.3542000e+003  2.8600000e-004
  2.3544000e+003  8.0580000e-003
  2.3546000e+003 -8.1300000e-003
  2.3548000e+003 -4.4322000e-002
  2.3550000e+003 -8.4066000e-002
  2.3552000e+003 -1.0848000e-001
  2.3554000e+003 -1.1119800e-001
  2.3556000e+003 -1.0194700e-001
  2.3558000e+003 -9.8752000e-002
  2.3560000e+003 -1.0869500e-001
  2.3562000e+003 -1.2004300e-001
  2.3564000e+003 -1.0917100e-001
  2.3566000e+003 -5.9628000e-002
  2.3568000e+003  2.8109000e-002
  2.3570000e+003  1.3873500e-001
  2.3572000e+003  2.5236600e-001
  2.3574000e+003  3.4940200e-001
  2.3576000e+003  4.0938800e-001
  2.3578000e+003  4.1239200e-001
  2.3580000e+003  3.4437100e-001
  2.3582000e+003  2.0918800e-001
  2.3584000e+003  3.3926000e-002
  2.3586000e+003 -1.3861600e-001
  2.3588000e+003 -2.6664700e-001
  2.3590000e+003 -3.3218800e-001
  2.3592000e+003 -3.4334600e-001
  2.3594000e+003 -3.2405800e-001
  2.3596000e+003 -2.9389800e-001
  2.3598000e+003 -2.6066300e-001
  2.3600000e+003 -2.2432800e-001
  2.3602000e+003 -1.8682400e-001
  2.3604000e+003 -1.5554400e-001
  2.3606000e+003 -1.4040400e-001
  2.3608000e+003 -1.4605500e-001
  2.3610000e+003 -1.6720200e-001
  2.3612000e+003 -1.8591800e-001
  2.3614000e+003 -1.8076800e-001
  2.3616000e+003 -1.3906900e-001
  2.3618000e+003 -7.1883000e-002
  2.3620000e+003 -9.2020000e-003
  2.3622000e+003  1.4472000e-002
  2.3624000e+003 -1.6307000e-002
  2.3626000e+003 -8.8882000e-002
  2.3628000e+003 -1.7237600e-001
  2.3630000e+003 -2.3477000e-001
  2.3632000e+003 -2.5842100e-001
  2.3634000e+003 -2.4335300e-001
  2.3636000e+003 -2.0399000e-001
  2.3638000e+003 -1.5866700e-001
  2.3640000e+003 -1.2264200e-001
  2.3642000e+003 -9.9658000e-002
  2.3644000e+003 -8.4257000e-002
  2.3646000e+003 -6.5279000e-002
  2.3648000e+003 -3.3926000e-002
  2.3650000e+003  1.2254000e-002
  2.3652000e+003  7.0643000e-002
  2.3654000e+003  1.3525400e-001
  2.3656000e+003  2.0034300e-001
  2.3658000e+003  2.6087700e-001
  2.3660000e+003  3.1147000e-001
  2.3662000e+003  3.4601600e-001
  2.3664000e+003  3.5998800e-001
  2.3666000e+003  3.5471900e-001
  2.3668000e+003  3.3922100e-001
  2.3670000e+003  3.2339000e-001
  2.3672000e+003  3.0820300e-001
  2.3674000e+003  2.8645900e-001
  2.3676000e+003  2.4838400e-001
  2.3678000e+003  1.9047200e-001
  2.3680000e+003  1.1689600e-001
  2.3682000e+003  3.5262000e-002
  2.3684000e+003 -4.7755000e-002
  2.3686000e+003 -1.2545500e-001
  2.3688000e+003 -1.9056700e-001
  2.3690000e+003 -2.3574800e-001
  2.3692000e+003 -2.5651400e-001
  2.3694000e+003 -2.5079200e-001
  2.3696000e+003 -2.1634100e-001
  2.3698000e+003 -1.5108500e-001
  2.3700000e+003 -5.4550000e-002
  2.3702000e+003  6.6900000e-002
  2.3704000e+003  1.9838800e-001
  2.3706000e+003  3.1762100e-001
  2.3708000e+003  4.0163900e-001
  2.3710000e+003  4.3213300e-001
  2.3712000e+003  4.0507300e-001
  2.3714000e+003  3.3314200e-001
  2.3716000e+003  2.4187500e-001
  2.3718000e+003  1.5501900e-001
  2.3720000e+003  8.2659000e-002
  2.3722000e+003  2.0670000e-002
  2.3724000e+003 -3.8456000e-002
  2.3726000e+003 -9.3054000e-002
  2.3728000e+003 -1.3170200e-001
  2.3730000e+003 -1.4271700e-001
  2.3732000e+003 -1.2362000e-001
  2.3734000e+003 -8.3184000e-002
  2.3736000e+003 -3.5333000e-002
  2.3738000e+003  8.0100000e-003
  2.3740000e+003  3.8599000e-002
  2.3742000e+003  5.1760000e-002
  2.3744000e+003  4.4584000e-002
  2.3746000e+003  1.5497000e-002
  2.3748000e+003 -3.1971000e-002
  2.3750000e+003 -8.8453000e-002
  2.3752000e+003 -1.4061900e-001
  2.3754000e+003 -1.7752600e-001
  2.3756000e+003 -1.9438200e-001
  2.3758000e+003 -1.9376200e-001
  2.3760000e+003 -1.7976700e-001
  2.3762000e+003 -1.5625900e-001
  2.3764000e+003 -1.2555100e-001
  2.3766000e+003 -8.9693000e-002
  2.3768000e+003 -5.3071000e-002
  2.3770000e+003 -2.1886000e-002
  2.3772000e+003 -1.9310000e-003
  2.3774000e+003  3.1940000e-003
  2.3776000e+003 -5.6260000e-003
  2.3778000e+003 -2.4223000e-002
  2.3780000e+003 -4.7945000e-002
  2.3782000e+003 -7.3003000e-002
  2.3784000e+003 -9.6726000e-002
  2.3786000e+003 -1.1632400e-001
  2.3788000e+003 -1.2738700e-001
  2.3790000e+003 -1.2433500e-001
  2.3792000e+003 -1.0321100e-001
  2.3794000e+003 -6.3538000e-002
  2.3796000e+003 -9.9420000e-003
  2.3798000e+003  4.7969000e-002
  2.3800000e+003  9.8013000e-002
  2.3802000e+003  1.2927000e-001
  2.3804000e+003  1.3382400e-001
  2.3806000e+003  1.0941000e-001
  2.3808000e+003  5.9819000e-002
  2.3810000e+003 -4.8870000e-003
  2.3812000e+003 -7.1001000e-002
  2.3814000e+003 -1.2564600e-001
  2.3816000e+003 -1.6024100e-001
  2.3818000e+003 -1.7302000e-001
  2.3820000e+003 -1.6636800e-001
  2.3822000e+003 -1.4429000e-001
  2.3824000e+003 -1.1107900e-001
  2.3826000e+003 -7.3051000e-002
  2.3828000e+003 -4.0149000e-002
  2.3830000e+003 -2.3341000e-002
  2.3832000e+003 -3.0088000e-002
  2.3834000e+003 -5.8555000e-002
  2.3836000e+003 -9.6893000e-002
  2.3838000e+003 -1.2884100e-001
  2.3840000e+003 -1.4176300e-001
  2.3842000e+003 -1.3411000e-001
  2.3844000e+003 -1.1386800e-001
  2.3846000e+003 -9.3173000e-002
  2.3848000e+003 -7.9870000e-002
  2.3850000e+003 -7.5316000e-002
  2.3852000e+003 -7.5101000e-002
  2.3854000e+003 -7.4505000e-002
  2.3856000e+003 -7.1215000e-002
  2.3858000e+003 -6.6637000e-002
  2.3860000e+003 -6.3157000e-002
  2.3862000e+003 -6.1559000e-002
  2.3864000e+003 -5.8460000e-002
  2.3866000e+003 -4.8446000e-002
  2.3868000e+003 -2.6297000e-002
  2.3870000e+003  9.1310000e-003
  2.3872000e+003  5.3668000e-002
  2.3874000e+003  9.9205000e-002
  2.3876000e+003  1.3678000e-001
  2.3878000e+003  1.5988300e-001
  2.3880000e+003  1.6701200e-001
  2.3882000e+003  1.6171900e-001
  2.3884000e+003  1.4939300e-001
  2.3886000e+003  1.3487300e-001
  2.3888000e+003  1.1909000e-001
  2.3890000e+003  9.9301000e-002
  2.3892000e+003  7.0905000e-002
  2.3894000e+003  3.1399000e-002
  2.3896000e+003 -1.6975000e-002
  2.3898000e+003 -6.6137000e-002
  2.3900000e+003 -1.0609600e-001
  2.3902000e+003 -1.3029500e-001
  2.3904000e+003 -1.3923600e-001
  2.3906000e+003 -1.3935500e-001
  2.3908000e+003 -1.3768600e-001
  2.3910000e+003 -1.3737600e-001
  2.3912000e+003 -1.3554000e-001
  2.3914000e+003 -1.2676700e-001
  2.3916000e+003 -1.0669200e-001
  2.3918000e+003 -7.5793000e-002
  2.3920000e+003 -3.9863000e-002
  2.3922000e+003 -8.7260000e-003
  2.3924000e+003  8.4870000e-003
  2.3926000e+003  5.7690000e-003
  2.3928000e+003 -1.6260000e-002
  2.3930000e+003 -4.9376000e-002
  2.3932000e+003 -7.9965000e-002
  2.3934000e+003 -9.3531000e-002
  2.3936000e+003 -8.2588000e-002
  2.3938000e+003 -4.9185000e-002
  2.3940000e+003 -5.1490000e-003
  2.3942000e+003  3.4832000e-002
  2.3944000e+003  5.9103000e-002
  2.3946000e+003  6.3347000e-002
  2.3948000e+003  5.0234000e-002
  2.3950000e+003  2.7656000e-002
  2.3952000e+003  6.6990000e-003
  2.3954000e+003 -1.8830000e-003
  2.3956000e+003  1.0442000e-002
  2.3958000e+003  4.5371000e-002
  2.3960000e+003  9.5939000e-002
  2.3962000e+003  1.4665100e-001
  2.3964000e+003  1.7957600e-001
  2.3966000e+003  1.8305700e-001
  2.3968000e+003  1.5728400e-001
  2.3970000e+003  1.1439300e-001
  2.3972000e+003  7.1310000e-002
  2.3974000e+003  4.1508000e-002
  2.3976000e+003  2.7370000e-002
  2.3978000e+003  2.1910000e-002
  2.3980000e+003  1.3566000e-002
  2.3982000e+003 -5.7450000e-003
  2.3984000e+003 -3.6859000e-002
  2.3986000e+003 -7.3289000e-002
  2.3988000e+003 -1.0621500e-001
  2.3990000e+003 -1.2860200e-001
  2.3992000e+003 -1.3716200e-001
  2.3994000e+003 -1.3294200e-001
  2.3996000e+003 -1.1830300e-001
  2.3998000e+003 -9.6392000e-002
  2.4000000e+003 -7.0524000e-002
