     9.8 0.002156
   9.825 0.004158
    9.85 0.002464
   9.875 0.004467
     9.9 0.005236
   9.925 0.006623
    9.95 0.008625
   9.975 0.008163
      10 0.01001
   10.03 0.01155
   10.05 0.01093
   10.08 0.01186
    10.1 0.01432
   10.13 0.01201
   10.15 0.01694
   10.17 0.01586
    10.2 0.01509
   10.23 0.01648
   10.25 0.01509
   10.27  0.0154
    10.3 0.01432
   10.33 0.01263
   10.35 0.01494
   10.38 0.009703
    10.4  0.0134
   10.43 0.01078
   10.45 0.01124
   10.47 0.009241
    10.5  0.0114
   10.53  0.0117
   10.55 0.01494
   10.57 0.01679
    10.6 0.01787
   10.63 0.02279
   10.65 0.02326
   10.68 0.02464
    10.7 0.02711
   10.73 0.02803
   10.75 0.02803
   10.77 0.02911
    10.8 0.02865
   10.82 0.03388
   10.85 0.03327
   10.88 0.03619
    10.9 0.03481
   10.92  0.0385
   10.95 0.03912
   10.97 0.04528
      11 0.04774
   11.02 0.05252
   11.05 0.05822
   11.07  0.0633
    11.1 0.06761
   11.12 0.07824
   11.15 0.08409
   11.18 0.08748
    11.2 0.09718
   11.22  0.1092
   11.25   0.116
   11.28  0.1304
    11.3  0.1483
   11.32  0.1686
   11.35  0.1868
   11.37  0.2112
    11.4  0.2466
   11.42  0.2849
   11.45  0.3193
   11.47  0.3739
    11.5  0.4314
   11.52  0.4859
   11.55  0.5543
   11.58   0.635
    11.6  0.7106
   11.63  0.7804
   11.65  0.8528
   11.67  0.9216
    11.7   0.964
   11.73  0.9878
   11.75  0.9972
   11.78       1
    11.8   0.972
   11.82  0.9427
   11.85  0.9101
   11.87  0.8766
    11.9  0.8409
   11.92  0.8098
   11.95  0.7888
   11.97  0.7704
      12   0.749
   12.02  0.7339
   12.05  0.7149
   12.07  0.6968
    12.1  0.6798
   12.12  0.6632
   12.15  0.6448
   12.17  0.6231
    12.2  0.6059
   12.22   0.592
   12.25  0.5751
   12.27  0.5557
    12.3  0.5335
   12.32  0.5142
   12.35  0.4938
   12.37  0.4685
    12.4  0.4348
   12.42  0.4111
   12.45  0.3904
   12.47  0.3716
    12.5  0.3404
   12.52   0.306
   12.55  0.2831
   12.57  0.2614
    12.6  0.2302
   12.62  0.1947
   12.65  0.1753
   12.67  0.1623
    12.7   0.144
   12.72  0.1192
   12.75  0.1009
   12.77  0.0921
    12.8 0.08024
   12.82 0.06561
   12.85 0.05175
   12.87 0.04636
    12.9 0.04436
   12.92 0.03927
   12.95 0.02911
   12.97 0.02726
      13 0.02418
   13.02 0.01833
   13.05 0.01617
   13.07 0.01063
    13.1 0.01109
   13.12 0.009857
   13.15 0.007547
   13.17 0.007547
    13.2 0.009857
   13.22 0.004621
   13.25 0.008471
   13.27 0.00693
    13.3 0.007239
   13.32 0.008163
   13.35 0.009549
   13.37 0.01155
    13.4 0.01063
   13.42 0.008779
   13.45 0.009549
   13.47 0.01325
    13.5 0.01217
   13.52 0.01278
   13.55 0.01371
   13.57 0.01309
    13.6 0.01494
   13.62 0.01556
   13.65 0.01617
   13.67 0.01663
    13.7 0.01448
   13.72  0.0171
   13.75 0.01602
   13.77 0.01756
    13.8  0.0174
   13.82 0.01771
   13.85 0.01617
   13.87 0.01956
    13.9 0.01787
   13.92 0.01925
   13.95 0.01802
   13.97 0.01648
      14 0.01509
   14.02  0.0171
   14.05 0.01648
   14.07 0.01417
    14.1 0.01771
   14.12 0.01402
   14.15 0.01355
   14.17 0.01402
    14.2 0.01325
   14.22 0.01155
   14.25 0.01402
   14.27 0.009087
    14.3 0.01093
   14.32 0.01309
   14.35 0.01078
   14.37 0.009549
    14.4 0.008779
   14.42 0.009549
   14.45 0.01201
   14.47 0.01001
    14.5 0.009549
   14.52 0.01016
   14.55 0.007855
   14.57 0.009703
    14.6 0.004467
   14.62 0.005852
   14.65 0.005082
   14.67 0.005236
    14.7 0.006469
   14.72 0.003388
   14.75 0.001386
   14.77       0
