  1.2000000e+003  1.3871100e-001
  1.2002000e+003  1.2676700e-001
  1.2004000e+003  1.1067300e-001
  1.2006000e+003  9.1767000e-002
  1.2008000e+003  7.1549000e-002
  1.2010000e+003  5.1093000e-002
  1.2012000e+003  3.1208000e-002
  1.2014000e+003  1.2326000e-002
  1.2016000e+003 -5.2450000e-003
  1.2018000e+003 -2.1362000e-002
  1.2020000e+003 -3.5834000e-002
  1.2022000e+003 -4.8327000e-002
  1.2024000e+003 -5.8341000e-002
  1.2026000e+003 -6.5279000e-002
  1.2028000e+003 -6.8497000e-002
  1.2030000e+003 -6.7591000e-002
  1.2032000e+003 -6.2251000e-002
  1.2034000e+003 -5.2690000e-002
  1.2036000e+003 -3.9482000e-002
  1.2038000e+003 -2.3627000e-002
  1.2040000e+003 -6.4130000e-003
  1.2042000e+003  1.0848000e-002
  1.2044000e+003  2.6583000e-002
  1.2046000e+003  3.9744000e-002
  1.2048000e+003  4.9710000e-002
  1.2050000e+003  5.6219000e-002
  1.2052000e+003  5.9556000e-002
  1.2054000e+003  6.0439000e-002
  1.2056000e+003  6.0081000e-002
  1.2058000e+003  5.9819000e-002
  1.2060000e+003  6.0868000e-002
  1.2062000e+003  6.4325000e-002
  1.2064000e+003  7.0953000e-002
  1.2066000e+003  8.1110000e-002
  1.2068000e+003  9.4795000e-002
  1.2070000e+003  1.1131700e-001
  1.2072000e+003  1.2969900e-001
  1.2074000e+003  1.4872500e-001
  1.2076000e+003  1.6689300e-001
  1.2078000e+003  1.8274700e-001
  1.2080000e+003  1.9493100e-001
  1.2082000e+003  2.0244100e-001
  1.2084000e+003  2.0475300e-001
  1.2086000e+003  2.0179700e-001
  1.2088000e+003  1.9404800e-001
  1.2090000e+003  1.8243700e-001
  1.2092000e+003  1.6822800e-001
  1.2094000e+003  1.5268300e-001
  1.2096000e+003  1.3709000e-001
  1.2098000e+003  1.2259400e-001
  1.2100000e+003  1.0998200e-001
  1.2102000e+003  9.9730000e-002
  1.2104000e+003  9.1671000e-002
  1.2106000e+003  8.5401000e-002
  1.2108000e+003  8.0251000e-002
  1.2110000e+003  7.5340000e-002
  1.2112000e+003  6.9808000e-002
  1.2114000e+003  6.2870000e-002
  1.2116000e+003  5.4001000e-002
  1.2118000e+003  4.3153000e-002
  1.2120000e+003  3.0612000e-002
  1.2122000e+003  1.6903000e-002
  1.2124000e+003  3.1470000e-003
  1.2126000e+003 -9.5600000e-003
  1.2128000e+003 -1.9764000e-002
  1.2130000e+003 -2.6345000e-002
  1.2132000e+003 -2.8324000e-002
  1.2134000e+003 -2.5057000e-002
  1.2136000e+003 -1.6188000e-002
  1.2138000e+003 -2.0260000e-003
  1.2140000e+003  1.6689000e-002
  1.2142000e+003  3.8862000e-002
  1.2144000e+003  6.3109000e-002
  1.2146000e+003  8.7904000e-002
  1.2148000e+003  1.1179400e-001
  1.2150000e+003  1.3346600e-001
  1.2152000e+003  1.5213400e-001
  1.2154000e+003  1.6732200e-001
  1.2156000e+003  1.7900400e-001
  1.2158000e+003  1.8749200e-001
  1.2160000e+003  1.9342800e-001
  1.2162000e+003  1.9755300e-001
  1.2164000e+003  2.0060500e-001
  1.2166000e+003  2.0301300e-001
  1.2168000e+003  2.0508700e-001
  1.2170000e+003  2.0685100e-001
  1.2172000e+003  2.0809100e-001
  1.2174000e+003  2.0852000e-001
  1.2176000e+003  2.0780500e-001
  1.2178000e+003  2.0570700e-001
  1.2180000e+003  2.0210700e-001
  1.2182000e+003  1.9719600e-001
  1.2184000e+003  1.9145000e-001
  1.2186000e+003  1.8570400e-001
  1.2188000e+003  1.8084000e-001
  1.2190000e+003  1.7778800e-001
  1.2192000e+003  1.7735900e-001
  1.2194000e+003  1.8019600e-001
  1.2196000e+003  1.8651400e-001
  1.2198000e+003  1.9602700e-001
  1.2200000e+003  2.0804400e-001
  1.2202000e+003  2.2149000e-001
  1.2204000e+003  2.3519900e-001
  1.2206000e+003  2.4774000e-001
  1.2208000e+003  2.5787300e-001
  1.2210000e+003  2.6459600e-001
  1.2212000e+003  2.6738600e-001
  1.2214000e+003  2.6621800e-001
  1.2216000e+003  2.6144900e-001
  1.2218000e+003  2.5408200e-001
  1.2220000e+003  2.4526100e-001
  1.2222000e+003  2.3627200e-001
  1.2224000e+003  2.2814200e-001
  1.2226000e+003  2.2165700e-001
  1.2228000e+003  2.1739000e-001
  1.2230000e+003  2.1536300e-001
  1.2232000e+003  2.1514800e-001
  1.2234000e+003  2.1607800e-001
  1.2236000e+003  2.1746100e-001
  1.2238000e+003  2.1865300e-001
  1.2240000e+003  2.1920200e-001
  1.2242000e+003  2.1901100e-001
  1.2244000e+003  2.1836700e-001
  1.2246000e+003  2.1765200e-001
  1.2248000e+003  2.1746100e-001
  1.2250000e+003  2.1831900e-001
  1.2252000e+003  2.2056100e-001
  1.2254000e+003  2.2437500e-001
  1.2256000e+003  2.2952500e-001
  1.2258000e+003  2.3550900e-001
  1.2260000e+003  2.4173200e-001
  1.2262000e+003  2.4757300e-001
  1.2264000e+003  2.5241300e-001
  1.2266000e+003  2.5582300e-001
  1.2268000e+003  2.5763500e-001
  1.2270000e+003  2.5808800e-001
  1.2272000e+003  2.5742000e-001
  1.2274000e+003  2.5594200e-001
  1.2276000e+003  2.5401100e-001
  1.2278000e+003  2.5177000e-001
  1.2280000e+003  2.4900400e-001
  1.2282000e+003  2.4528500e-001
  1.2284000e+003  2.4001500e-001
  1.2286000e+003  2.3255300e-001
  1.2288000e+003  2.2218200e-001
  1.2290000e+003  2.0854400e-001
  1.2292000e+003  1.9164000e-001
  1.2294000e+003  1.7185200e-001
  1.2296000e+003  1.5008400e-001
  1.2298000e+003  1.2750600e-001
  1.2300000e+003  1.0561900e-001
  1.2302000e+003  8.6188000e-002
  1.2304000e+003  7.0667000e-002
  1.2306000e+003  6.0319000e-002
  1.2308000e+003  5.5932000e-002
  1.2310000e+003  5.7935000e-002
  1.2312000e+003  6.6161000e-002
  1.2314000e+003  7.9870000e-002
  1.2316000e+003  9.7775000e-002
  1.2318000e+003  1.1837400e-001
  1.2320000e+003  1.3999900e-001
  1.2322000e+003  1.6100400e-001
  1.2324000e+003  1.7971900e-001
  1.2326000e+003  1.9490700e-001
  1.2328000e+003  2.0568300e-001
  1.2330000e+003  2.1162000e-001
  1.2332000e+003  2.1266900e-001
  1.2334000e+003  2.0911600e-001
  1.2336000e+003  2.0165400e-001
  1.2338000e+003  1.9133000e-001
  1.2340000e+003  1.7926600e-001
  1.2342000e+003  1.6653500e-001
  1.2344000e+003  1.5423200e-001
  1.2346000e+003  1.4336100e-001
  1.2348000e+003  1.3484900e-001
  1.2350000e+003  1.2941300e-001
  1.2352000e+003  1.2733900e-001
  1.2354000e+003  1.2872200e-001
  1.2356000e+003  1.3334700e-001
  1.2358000e+003  1.4088100e-001
  1.2360000e+003  1.5070400e-001
  1.2362000e+003  1.6186200e-001
  1.2364000e+003  1.7354400e-001
  1.2366000e+003  1.8484500e-001
  1.2368000e+003  1.9502600e-001
  1.2370000e+003  2.0351400e-001
  1.2372000e+003  2.0990300e-001
  1.2374000e+003  2.1419500e-001
  1.2376000e+003  2.1672200e-001
  1.2378000e+003  2.1793800e-001
  1.2380000e+003  2.1827200e-001
  1.2382000e+003  2.1812900e-001
  1.2384000e+003  2.1770000e-001
  1.2386000e+003  2.1710300e-001
  1.2388000e+003  2.1612600e-001
  1.2390000e+003  2.1433800e-001
  1.2392000e+003  2.1121500e-001
  1.2394000e+003  2.0623200e-001
  1.2396000e+003  1.9900700e-001
  1.2398000e+003  1.8942300e-001
  1.2400000e+003  1.7786000e-001
  1.2402000e+003  1.6503300e-001
  1.2404000e+003  1.5194400e-001
  1.2406000e+003  1.3980800e-001
  1.2408000e+003  1.3000900e-001
  1.2410000e+003  1.2378600e-001
  1.2412000e+003  1.2202200e-001
  1.2414000e+003  1.2516900e-001
  1.2416000e+003  1.3325200e-001
  1.2418000e+003  1.4557800e-001
  1.2420000e+003  1.6100400e-001
  1.2422000e+003  1.7793100e-001
  1.2424000e+003  1.9466800e-001
  1.2426000e+003  2.0952200e-001
  1.2428000e+003  2.2091800e-001
  1.2430000e+003  2.2752200e-001
  1.2432000e+003  2.2854800e-001
  1.2434000e+003  2.2377900e-001
  1.2436000e+003  2.1364600e-001
  1.2438000e+003  1.9910300e-001
  1.2440000e+003  1.8155500e-001
  1.2442000e+003  1.6288700e-001
  1.2444000e+003  1.4529200e-001
  1.2446000e+003  1.3067700e-001
  1.2448000e+003  1.2071100e-001
  1.2450000e+003  1.1680100e-001
  1.2452000e+003  1.1959000e-001
  1.2454000e+003  1.2931800e-001
  1.2456000e+003  1.4519600e-001
  1.2458000e+003  1.6593900e-001
  1.2460000e+003  1.8975700e-001
  1.2462000e+003  2.1462400e-001
  1.2464000e+003  2.3837000e-001
  1.2466000e+003  2.5861200e-001
  1.2468000e+003  2.7365600e-001
  1.2470000e+003  2.8219200e-001
  1.2472000e+003  2.8345500e-001
  1.2474000e+003  2.7732800e-001
  1.2476000e+003  2.6421500e-001
  1.2478000e+003  2.4507000e-001
  1.2480000e+003  2.2144300e-001
  1.2482000e+003  1.9495400e-001
  1.2484000e+003  1.6744100e-001
  1.2486000e+003  1.4083300e-001
  1.2488000e+003  1.1687200e-001
  1.2490000e+003  9.7370000e-002
  1.2492000e+003  8.3684000e-002
  1.2494000e+003  7.6723000e-002
  1.2496000e+003  7.6961000e-002
  1.2498000e+003  8.4352000e-002
  1.2500000e+003  9.8371000e-002
  1.2502000e+003  1.1765900e-001
  1.2504000e+003  1.4054700e-001
  1.2506000e+003  1.6517600e-001
  1.2508000e+003  1.8954200e-001
  1.2510000e+003  2.1185800e-001
  1.2512000e+003  2.3043100e-001
  1.2514000e+003  2.4411600e-001
  1.2516000e+003  2.5246100e-001
  1.2518000e+003  2.5568000e-001
  1.2520000e+003  2.5441600e-001
  1.2522000e+003  2.4969500e-001
  1.2524000e+003  2.4297200e-001
  1.2526000e+003  2.3562900e-001
  1.2528000e+003  2.2871400e-001
  1.2530000e+003  2.2301600e-001
  1.2532000e+003  2.1893900e-001
  1.2534000e+003  2.1650700e-001
  1.2536000e+003  2.1541100e-001
  1.2538000e+003  2.1500500e-001
  1.2540000e+003  2.1464800e-001
  1.2542000e+003  2.1383700e-001
  1.2544000e+003  2.1228700e-001
  1.2546000e+003  2.0987900e-001
  1.2548000e+003  2.0701800e-001
  1.2550000e+003  2.0420500e-001
  1.2552000e+003  2.0210700e-001
  1.2554000e+003  2.0143900e-001
  1.2556000e+003  2.0277500e-001
  1.2558000e+003  2.0649400e-001
  1.2560000e+003  2.1276400e-001
  1.2562000e+003  2.2125200e-001
  1.2564000e+003  2.3126600e-001
  1.2566000e+003  2.4168400e-001
  1.2568000e+003  2.5131700e-001
  1.2570000e+003  2.5889800e-001
  1.2572000e+003  2.6323700e-001
  1.2574000e+003  2.6347600e-001
  1.2576000e+003  2.5925600e-001
  1.2578000e+003  2.5062500e-001
  1.2580000e+003  2.3815600e-001
  1.2582000e+003  2.2275400e-001
  1.2584000e+003  2.0585000e-001
  1.2586000e+003  1.8885100e-001
  1.2588000e+003  1.7309100e-001
  1.2590000e+003  1.5969200e-001
  1.2592000e+003  1.4932100e-001
  1.2594000e+003  1.4243100e-001
  1.2596000e+003  1.3880700e-001
  1.2598000e+003  1.3787700e-001
  1.2600000e+003  1.3880700e-001
  1.2602000e+003  1.4057100e-001
  1.2604000e+003  1.4204900e-001
  1.2606000e+003  1.4235900e-001
  1.2608000e+003  1.4057100e-001
  1.2610000e+003  1.3644600e-001
  1.2612000e+003  1.2991400e-001
  1.2614000e+003  1.2121200e-001
  1.2616000e+003  1.1110300e-001
  1.2618000e+003  1.0046900e-001
  1.2620000e+003  9.0622000e-002
  1.2622000e+003  8.2826000e-002
  1.2624000e+003  7.8225000e-002
  1.2626000e+003  7.7986000e-002
  1.2628000e+003  8.3041000e-002
  1.2630000e+003  9.3865000e-002
  1.2632000e+003  1.1036300e-001
  1.2634000e+003  1.3189300e-001
  1.2636000e+003  1.5742700e-001
  1.2638000e+003  1.8558500e-001
  1.2640000e+003  2.1467200e-001
  1.2642000e+003  2.4261400e-001
  1.2644000e+003  2.6757700e-001
  1.2646000e+003  2.8808100e-001
  1.2648000e+003  3.0314900e-001
  1.2650000e+003  3.1228000e-001
  1.2652000e+003  3.1559400e-001
  1.2654000e+003  3.1392500e-001
  1.2656000e+003  3.0848900e-001
  1.2658000e+003  3.0074100e-001
  1.2660000e+003  2.9201500e-001
  1.2662000e+003  2.8362200e-001
  1.2664000e+003  2.7647000e-001
  1.2666000e+003  2.7122400e-001
  1.2668000e+003  2.6800600e-001
  1.2670000e+003  2.6655100e-001
  1.2672000e+003  2.6645600e-001
  1.2674000e+003  2.6721900e-001
  1.2676000e+003  2.6843500e-001
  1.2678000e+003  2.6981800e-001
  1.2680000e+003  2.7127200e-001
  1.2682000e+003  2.7291700e-001
  1.2684000e+003  2.7492000e-001
  1.2686000e+003  2.7740000e-001
  1.2688000e+003  2.8047500e-001
  1.2690000e+003  2.8405100e-001
  1.2692000e+003  2.8805700e-001
  1.2694000e+003  2.9222900e-001
  1.2696000e+003  2.9640100e-001
  1.2698000e+003  3.0055000e-001
  1.2700000e+003  3.0493700e-001
  1.2702000e+003  3.1011100e-001
  1.2704000e+003  3.1681000e-001
  1.2706000e+003  3.2572700e-001
  1.2708000e+003  3.3729000e-001
  1.2710000e+003  3.5173800e-001
  1.2712000e+003  3.6857100e-001
  1.2714000e+003  3.8659500e-001
  1.2716000e+003  4.0431000e-001
  1.2718000e+003  4.2002200e-001
  1.2720000e+003  4.3203800e-001
  1.2722000e+003  4.3914300e-001
  1.2724000e+003  4.4052600e-001
  1.2726000e+003  4.3640100e-001
  1.2728000e+003  4.2786500e-001
  1.2730000e+003  4.1644500e-001
  1.2732000e+003  4.0407100e-001
  1.2734000e+003  3.9277000e-001
  1.2736000e+003  3.8440200e-001
  1.2738000e+003  3.7996700e-001
  1.2740000e+003  3.7972900e-001
  1.2742000e+003  3.8318600e-001
  1.2744000e+003  3.8936100e-001
  1.2746000e+003  3.9672800e-001
  1.2748000e+003  4.0361800e-001
  1.2750000e+003  4.0857700e-001
  1.2752000e+003  4.1084200e-001
  1.2754000e+003  4.1005600e-001
  1.2756000e+003  4.0624100e-001
  1.2758000e+003  3.9973200e-001
  1.2760000e+003  3.9131600e-001
  1.2762000e+003  3.8149300e-001
  1.2764000e+003  3.7078800e-001
  1.2766000e+003  3.5960600e-001
  1.2768000e+003  3.4818600e-001
  1.2770000e+003  3.3679000e-001
  1.2772000e+003  3.2584600e-001
  1.2774000e+003  3.1588000e-001
  1.2776000e+003  3.0758300e-001
  1.2778000e+003  3.0188500e-001
  1.2780000e+003  2.9976300e-001
  1.2782000e+003  3.0207600e-001
  1.2784000e+003  3.0956200e-001
  1.2786000e+003  3.2224600e-001
  1.2788000e+003  3.3981800e-001
  1.2790000e+003  3.6146600e-001
  1.2792000e+003  3.8585600e-001
  1.2794000e+003  4.1129500e-001
  1.2796000e+003  4.3590000e-001
  1.2798000e+003  4.5790600e-001
  1.2800000e+003  4.7585900e-001
  1.2802000e+003  4.8875800e-001
  1.2804000e+003  4.9602900e-001
  1.2806000e+003  4.9765100e-001
  1.2808000e+003  4.9436000e-001
  1.2810000e+003  4.8720800e-001
  1.2812000e+003  4.7752800e-001
  1.2814000e+003  4.6682300e-001
  1.2816000e+003  4.5673800e-001
  1.2818000e+003  4.4877500e-001
  1.2820000e+003  4.4434000e-001
  1.2822000e+003  4.4426900e-001
  1.2824000e+003  4.4884600e-001
  1.2826000e+003  4.5785900e-001
  1.2828000e+003  4.7042300e-001
  1.2830000e+003  4.8508600e-001
  1.2832000e+003  5.0010600e-001
  1.2834000e+003  5.1357700e-001
  1.2836000e+003  5.2385300e-001
  1.2838000e+003  5.2967000e-001
  1.2840000e+003  5.3024200e-001
  1.2842000e+003  5.2568900e-001
  1.2844000e+003  5.1684300e-001
  1.2846000e+003  5.0513700e-001
  1.2848000e+003  4.9245300e-001
  1.2850000e+003  4.8089000e-001
  1.2852000e+003  4.7261700e-001
  1.2854000e+003  4.6947000e-001
  1.2856000e+003  4.7247400e-001
  1.2858000e+003  4.8189100e-001
  1.2860000e+003  4.9729300e-001
  1.2862000e+003  5.1741600e-001
  1.2864000e+003  5.4042300e-001
  1.2866000e+003  5.6388300e-001
  1.2868000e+003  5.8548400e-001
  1.2870000e+003  6.0310300e-001
  1.2872000e+003  6.1516700e-001
  1.2874000e+003  6.2072200e-001
  1.2876000e+003  6.1967300e-001
  1.2878000e+003  6.1278300e-001
  1.2880000e+003  6.0157700e-001
  1.2882000e+003  5.8798700e-001
  1.2884000e+003  5.7425400e-001
  1.2886000e+003  5.6262000e-001
  1.2888000e+003  5.5520500e-001
  1.2890000e+003  5.5339300e-001
  1.2892000e+003  5.5778000e-001
  1.2894000e+003  5.6807900e-001
  1.2896000e+003  5.8343400e-001
  1.2898000e+003  6.0248300e-001
  1.2900000e+003  6.2332100e-001
  1.2902000e+003  6.4404000e-001
  1.2904000e+003  6.6308900e-001
  1.2906000e+003  6.7939700e-001
  1.2908000e+003  6.9234300e-001
  1.2910000e+003  7.0199900e-001
  1.2912000e+003  7.0900900e-001
  1.2914000e+003  7.1442100e-001
  1.2916000e+003  7.1940400e-001
  1.2918000e+003  7.2481600e-001
  1.2920000e+003  7.3127700e-001
  1.2922000e+003  7.3895400e-001
  1.2924000e+003  7.4732300e-001
  1.2926000e+003  7.5562000e-001
  1.2928000e+003  7.6272400e-001
  1.2930000e+003  7.6754000e-001
  1.2932000e+003  7.6923300e-001
  1.2934000e+003  7.6727800e-001
  1.2936000e+003  7.6179500e-001
  1.2938000e+003  7.5361700e-001
  1.2940000e+003  7.4393700e-001
  1.2942000e+003  7.3421000e-001
  1.2944000e+003  7.2603200e-001
  1.2946000e+003  7.2081000e-001
  1.2948000e+003  7.1971400e-001
  1.2950000e+003  7.2333800e-001
  1.2952000e+003  7.3177800e-001
  1.2954000e+003  7.4474800e-001
  1.2956000e+003  7.6167500e-001
  1.2958000e+003  7.8167900e-001
  1.2960000e+003  8.0380400e-001
  1.2962000e+003  8.2707400e-001
  1.2964000e+003  8.5067700e-001
  1.2966000e+003  8.7389900e-001
  1.2968000e+003  8.9614300e-001
  1.2970000e+003  9.1657600e-001
  1.2972000e+003  9.3462400e-001
  1.2974000e+003  9.4957300e-001
  1.2976000e+003  9.6096900e-001
  1.2978000e+003  9.6850300e-001
  1.2980000e+003  9.7205600e-001
  1.2982000e+003  9.7174600e-001
  1.2984000e+003  9.6838400e-001
  1.2986000e+003  9.6287700e-001
  1.2988000e+003  9.5629600e-001
  1.2990000e+003  9.4974000e-001
  1.2992000e+003  9.4418500e-001
  1.2994000e+003  9.4048900e-001
  1.2996000e+003  9.3910600e-001
  1.2998000e+003  9.3994100e-001
  1.3000000e+003  9.4268300e-001
  1.3002000e+003  9.4692700e-001
  1.3004000e+003  9.5214800e-001
  1.3006000e+003  9.5810800e-001
  1.3008000e+003  9.6471300e-001
  1.3010000e+003  9.7227000e-001
  1.3012000e+003  9.8140200e-001
  1.3014000e+003  9.9282200e-001
  1.3016000e+003  1.0072230e+000
  1.3018000e+003  1.0251040e+000
  1.3020000e+003  1.0463470e+000
  1.3022000e+003  1.0704270e+000
  1.3024000e+003  1.0963430e+000
  1.3026000e+003  1.1227360e+000
  1.3028000e+003  1.1479370e+000
  1.3030000e+003  1.1702290e+000
  1.3032000e+003  1.1885160e+000
  1.3034000e+003  1.2021540e+000
  1.3036000e+003  1.2111420e+000
  1.3038000e+003  1.2159580e+000
  1.3040000e+003  1.2176990e+000
  1.3042000e+003  1.2179370e+000
  1.3044000e+003  1.2182710e+000
  1.3046000e+003  1.2201780e+000
  1.3048000e+003  1.2248750e+000
  1.3050000e+003  1.2331720e+000
  1.3052000e+003  1.2456170e+000
  1.3054000e+003  1.2621400e+000
  1.3056000e+003  1.2822150e+000
  1.3058000e+003  1.3051500e+000
  1.3060000e+003  1.3301610e+000
  1.3062000e+003  1.3564340e+000
  1.3064000e+003  1.3834470e+000
  1.3066000e+003  1.4105550e+000
  1.3068000e+003  1.4376640e+000
  1.3070000e+003  1.4646530e+000
  1.3072000e+003  1.4917130e+000
  1.3074000e+003  1.5190120e+000
  1.3076000e+003  1.5467160e+000
  1.3078000e+003  1.5748730e+000
  1.3080000e+003  1.6034840e+000
  1.3082000e+003  1.6323560e+000
  1.3084000e+003  1.6612760e+000
  1.3086000e+003  1.6899100e+000
  1.3088000e+003  1.7178770e+000
  1.3090000e+003  1.7450330e+000
  1.3092000e+003  1.7714500e+000
  1.3094000e+003  1.7972700e+000
  1.3096000e+003  1.8226620e+000
  1.3098000e+003  1.8479820e+000
  1.3100000e+003  1.8737790e+000
  1.3102000e+003  1.9004820e+000
  1.3104000e+003  1.9282340e+000
  1.3106000e+003  1.9570350e+000
  1.3108000e+003  1.9866940e+000
  1.3110000e+003  2.0168780e+000
  1.3112000e+003  2.0472040e+000
  1.3114000e+003  2.0772210e+000
  1.3116000e+003  2.1067140e+000
  1.3118000e+003  2.1357530e+000
  1.3120000e+003  2.1646490e+000
  1.3122000e+003  2.1939750e+000
  1.3124000e+003  2.2243020e+000
  1.3126000e+003  2.2561310e+000
  1.3128000e+003  2.2899620e+000
  1.3130000e+003  2.3260110e+000
  1.3132000e+003  2.3641340e+000
  1.3134000e+003  2.4034970e+000
  1.3136000e+003  2.4428600e+000
  1.3138000e+003  2.4809830e+000
  1.3140000e+003  2.5167220e+000
  1.3142000e+003  2.5489330e+000
  1.3144000e+003  2.5767560e+000
  1.3146000e+003  2.5997630e+000
  1.3148000e+003  2.6184080e+000
  1.3150000e+003  2.6338570e+000
  1.3152000e+003  2.6475190e+000
  1.3154000e+003  2.6609420e+000
  1.3156000e+003  2.6759380e+000
  1.3158000e+003  2.6944390e+000
  1.3160000e+003  2.7182570e+000
  1.3162000e+003  2.7484650e+000
  1.3164000e+003  2.7855150e+000
  1.3166000e+003  2.8296700e+000
  1.3168000e+003  2.8807870e+000
  1.3170000e+003  2.9382700e+000
  1.3172000e+003  3.0006880e+000
  1.3174000e+003  3.0665390e+000
  1.3176000e+003  3.1342980e+000
  1.3178000e+003  3.2025570e+000
  1.3180000e+003  3.2701010e+000
  1.3182000e+003  3.3354750e+000
  1.3184000e+003  3.3980600e+000
  1.3186000e+003  3.4578560e+000
  1.3188000e+003  3.5154810e+000
  1.3190000e+003  3.5719630e+000
  1.3192000e+003  3.6283730e+000
  1.3194000e+003  3.6864040e+000
  1.3196000e+003  3.7478200e+000
  1.3198000e+003  3.8141960e+000
  1.3200000e+003  3.8864850e+000
  1.3202000e+003  3.9650440e+000
  1.3204000e+003  4.0496340e+000
  1.3206000e+003  4.1396610e+000
  1.3208000e+003  4.2344330e+000
  1.3210000e+003  4.3324700e+000
  1.3212000e+003  4.4323440e+000
  1.3214000e+003  4.5329330e+000
  1.3216000e+003  4.6334980e+000
  1.3218000e+003  4.7339910e+000
  1.3220000e+003  4.8340790e+000
  1.3222000e+003  4.9337620e+000
  1.3224000e+003  5.0333260e+000
  1.3226000e+003  5.1332950e+000
  1.3228000e+003  5.2343360e+000
  1.3230000e+003  5.3361650e+000
  1.3232000e+003  5.4386370e+000
  1.3234000e+003  5.5417770e+000
  1.3236000e+003  5.6458710e+000
  1.3238000e+003  5.7512280e+000
  1.3240000e+003  5.8577530e+000
  1.3242000e+003  5.9657090e+000
  1.3244000e+003  6.0757160e+000
  1.3246000e+003  6.1885830e+000
  1.3248000e+003  6.3046210e+000
  1.3250000e+003  6.4235210e+000
  1.3252000e+003  6.5447330e+000
  1.3254000e+003  6.6676370e+000
  1.3256000e+003  6.7918300e+000
  1.3258000e+003  6.9164990e+000
  1.3260000e+003  7.0408820e+000
  1.3262000e+003  7.1649310e+000
  1.3264000e+003  7.2895760e+000
  1.3266000e+003  7.4166770e+000
  1.3268000e+003  7.5475930e+000
  1.3270000e+003  7.6838010e+000
  1.3272000e+003  7.8268280e+000
  1.3274000e+003  7.9779860e+000
  1.3276000e+003  8.1382510e+000
  1.3278000e+003  8.3065500e+000
  1.3280000e+003  8.4813350e+000
  1.3282000e+003  8.6608400e+000
  1.3284000e+003  8.8432070e+000
  1.3286000e+003  9.0268370e+000
  1.3288000e+003  9.2093220e+000
  1.3290000e+003  9.3894950e+000
  1.3292000e+003  9.5673080e+000
  1.3294000e+003  9.7436900e+000
  1.3296000e+003  9.9200720e+000
  1.3298000e+003  1.0097527e+001
  1.3300000e+003  1.0277819e+001
  1.3302000e+003  1.0462713e+001
  1.3304000e+003  1.0654020e+001
  1.3306000e+003  1.0852622e+001
  1.3308000e+003  1.1058473e+001
  1.3310000e+003  1.1271381e+001
  1.3312000e+003  1.1491537e+001
  1.3314000e+003  1.1719131e+001
  1.3316000e+003  1.1953425e+001
  1.3318000e+003  1.2193536e+001
  1.3320000e+003  1.2438893e+001
  1.3322000e+003  1.2689304e+001
  1.3324000e+003  1.2945032e+001
  1.3326000e+003  1.3204979e+001
  1.3328000e+003  1.3468098e+001
  1.3330000e+003  1.3733744e+001
  1.3332000e+003  1.4001655e+001
  1.3334000e+003  1.4271783e+001
  1.3336000e+003  1.4542555e+001
  1.3338000e+003  1.4812922e+001
  1.3340000e+003  1.5082502e+001
  1.3342000e+003  1.5351486e+001
  1.3344000e+003  1.5620660e+001
  1.3346000e+003  1.5890097e+001
  1.3348000e+003  1.6160845e+001
  1.3350000e+003  1.6434907e+001
  1.3352000e+003  1.6714739e+001
  1.3354000e+003  1.7002439e+001
  1.3356000e+003  1.7298817e+001
  1.3358000e+003  1.7604613e+001
  1.3360000e+003  1.7920231e+001
  1.3362000e+003  1.8245911e+001
  1.3364000e+003  1.8580746e+001
  1.3366000e+003  1.8923044e+001
  1.3368000e+003  1.9271540e+001
  1.3370000e+003  1.9625401e+001
  1.3372000e+003  1.9984841e+001
  1.3374000e+003  2.0348978e+001
  1.3376000e+003  2.0717334e+001
  1.3378000e+003  2.1090126e+001
  1.3380000e+003  2.1467757e+001
  1.3382000e+003  2.1851825e+001
  1.3384000e+003  2.2242259e+001
  1.3386000e+003  2.2639751e+001
  1.3388000e+003  2.3045349e+001
  1.3390000e+003  2.3460364e+001
  1.3392000e+003  2.3886418e+001
  1.3394000e+003  2.4323534e+001
  1.3396000e+003  2.4771666e+001
  1.3398000e+003  2.5230574e+001
  1.3400000e+003  2.5699687e+001
  1.3402000e+003  2.6177883e+001
  1.3404000e+003  2.6662230e+001
  1.3406000e+003  2.7149772e+001
  1.3408000e+003  2.7637982e+001
  1.3410000e+003  2.8125071e+001
  1.3412000e+003  2.8609347e+001
  1.3414000e+003  2.9089212e+001
  1.3416000e+003  2.9564261e+001
  1.3418000e+003  3.0035781e+001
  1.3420000e+003  3.0505871e+001
  1.3422000e+003  3.0976176e+001
  1.3424000e+003  3.1448078e+001
  1.3426000e+003  3.1922936e+001
  1.3428000e+003  3.2402181e+001
  1.3430000e+003  3.2886743e+001
  1.3432000e+003  3.3376336e+001
  1.3434000e+003  3.3870267e+001
  1.3436000e+003  3.4367966e+001
  1.3438000e+003  3.4869360e+001
  1.3440000e+003  3.5374379e+001
  1.3442000e+003  3.5882163e+001
  1.3444000e+003  3.6392116e+001
  1.3446000e+003  3.6903643e+001
  1.3448000e+003  3.7416338e+001
  1.3450000e+003  3.7929916e+001
  1.3452000e+003  3.8443398e+001
  1.3454000e+003  3.8956522e+001
  1.3456000e+003  3.9469456e+001
  1.3458000e+003  3.9982771e+001
  1.3460000e+003  4.0497350e+001
  1.3462000e+003  4.1013884e+001
  1.3464000e+003  4.1533374e+001
  1.3466000e+003  4.2056679e+001
  1.3468000e+003  4.2584419e+001
  1.3470000e+003  4.3116688e+001
  1.3472000e+003  4.3653082e+001
  1.3474000e+003  4.4193005e+001
  1.3476000e+003  4.4735455e+001
  1.3478000e+003  4.5279669e+001
  1.3480000e+003  4.5824933e+001
  1.3482000e+003  4.6370863e+001
  1.3484000e+003  4.6917414e+001
  1.3486000e+003  4.7464871e+001
  1.3488000e+003  4.8013830e+001
  1.3490000e+003  4.8564863e+001
  1.3492000e+003  4.9118471e+001
  1.3494000e+003  4.9674725e+001
  1.3496000e+003  5.0233197e+001
  1.3498000e+003  5.0793075e+001
  1.3500000e+003  5.1353073e+001
  1.3502000e+003  5.1911735e+001
  1.3504000e+003  5.2467846e+001
  1.3506000e+003  5.3020191e+001
  1.3508000e+003  5.3567814e+001
  1.3510000e+003  5.4110407e+001
  1.3512000e+003  5.4647779e+001
  1.3514000e+003  5.5180025e+001
  1.3516000e+003  5.5707192e+001
  1.3518000e+003  5.6229519e+001
  1.3520000e+003  5.6747603e+001
  1.3522000e+003  5.7261753e+001
  1.3524000e+003  5.7771921e+001
  1.3526000e+003  5.8277726e+001
  1.3528000e+003  5.8779287e+001
  1.3530000e+003  5.9277009e+001
  1.3532000e+003  5.9771275e+001
  1.3534000e+003  6.0262441e+001
  1.3536000e+003  6.0750842e+001
  1.3538000e+003  6.1237764e+001
  1.3540000e+003  6.1724495e+001
  1.3542000e+003  6.2211942e+001
  1.3544000e+003  6.2700533e+001
  1.3546000e+003  6.3189744e+001
  1.3548000e+003  6.3679480e+001
  1.3550000e+003  6.4168906e+001
  1.3552000e+003  6.4656448e+001
  1.3554000e+003  6.5140056e+001
  1.3556000e+003  6.5617609e+001
  1.3558000e+003  6.6087841e+001
  1.3560000e+003  6.6550397e+001
  1.3562000e+003  6.7005276e+001
  1.3564000e+003  6.7453217e+001
  1.3566000e+003  6.7896008e+001
  1.3568000e+003  6.8337082e+001
  1.3570000e+003  6.8779897e+001
  1.3572000e+003  6.9227027e+001
  1.3574000e+003  6.9679474e+001
  1.3576000e+003  7.0137453e+001
  1.3578000e+003  7.0600223e+001
  1.3580000e+003  7.1064710e+001
  1.3582000e+003  7.1525788e+001
  1.3584000e+003  7.1977305e+001
  1.3586000e+003  7.2414278e+001
  1.3588000e+003  7.2832703e+001
  1.3590000e+003  7.3229455e+001
  1.3592000e+003  7.3603081e+001
  1.3594000e+003  7.3953962e+001
  1.3596000e+003  7.4286293e+001
  1.3598000e+003  7.4604868e+001
  1.3600000e+003  7.4914813e+001
  1.3602000e+003  7.5221014e+001
  1.3604000e+003  7.5526690e+001
  1.3606000e+003  7.5834178e+001
  1.3608000e+003  7.6143693e+001
  1.3610000e+003  7.6453256e+001
  1.3612000e+003  7.6759839e+001
  1.3614000e+003  7.7060770e+001
  1.3616000e+003  7.7356100e+001
  1.3618000e+003  7.7647805e+001
  1.3620000e+003  7.7939748e+001
  1.3622000e+003  7.8236532e+001
  1.3624000e+003  7.8543305e+001
  1.3626000e+003  7.8865408e+001
  1.3628000e+003  7.9206180e+001
  1.3630000e+003  7.9563260e+001
  1.3632000e+003  7.9931569e+001
  1.3634000e+003  8.0304765e+001
  1.3636000e+003  8.0675911e+001
  1.3638000e+003  8.1037354e+001
  1.3640000e+003  8.1382322e+001
  1.3642000e+003  8.1706047e+001
  1.3644000e+003  8.2007980e+001
  1.3646000e+003  8.2289648e+001
  1.3648000e+003  8.2553672e+001
  1.3650000e+003  8.2802987e+001
  1.3652000e+003  8.3040642e+001
  1.3654000e+003  8.3270716e+001
  1.3656000e+003  8.3495855e+001
  1.3658000e+003  8.3717489e+001
  1.3660000e+003  8.3935928e+001
  1.3662000e+003  8.4149980e+001
  1.3664000e+003  8.4360289e+001
  1.3666000e+003  8.4566402e+001
  1.3668000e+003  8.4767746e+001
  1.3670000e+003  8.4963488e+001
  1.3672000e+003  8.5152769e+001
  1.3674000e+003  8.5336732e+001
  1.3676000e+003  8.5515832e+001
  1.3678000e+003  8.5689830e+001
  1.3680000e+003  8.5857820e+001
  1.3682000e+003  8.6019110e+001
  1.3684000e+003  8.6173772e+001
  1.3686000e+003  8.6320853e+001
  1.3688000e+003  8.6459064e+001
  1.3690000e+003  8.6586523e+001
  1.3692000e+003  8.6703157e+001
  1.3694000e+003  8.6809682e+001
  1.3696000e+003  8.6906671e+001
  1.3698000e+003  8.6994266e+001
  1.3700000e+003  8.7072277e+001
  1.3702000e+003  8.7142729e+001
  1.3704000e+003  8.7207508e+001
  1.3706000e+003  8.7267780e+001
  1.3708000e+003  8.7323880e+001
  1.3710000e+003  8.7374973e+001
  1.3712000e+003  8.7422513e+001
  1.3714000e+003  8.7466669e+001
  1.3716000e+003  8.7506532e+001
  1.3718000e+003  8.7540340e+001
  1.3720000e+003  8.7565588e+001
  1.3722000e+003  8.7582325e+001
  1.3724000e+003  8.7590241e+001
  1.3726000e+003  8.7588286e+001
  1.3728000e+003  8.7575435e+001
  1.3730000e+003  8.7551808e+001
  1.3732000e+003  8.7520003e+001
  1.3734000e+003  8.7483048e+001
  1.3736000e+003  8.7442898e+001
  1.3738000e+003  8.7400984e+001
  1.3740000e+003  8.7359499e+001
  1.3742000e+003  8.7321114e+001
  1.3744000e+003  8.7287020e+001
  1.3746000e+003  8.7255740e+001
  1.3748000e+003  8.7223601e+001
  1.3750000e+003  8.7188673e+001
  1.3752000e+003  8.7148761e+001
  1.3754000e+003  8.7100505e+001
  1.3756000e+003  8.7039804e+001
  1.3758000e+003  8.6961269e+001
  1.3760000e+003  8.6863517e+001
  1.3762000e+003  8.6745095e+001
  1.3764000e+003  8.6604404e+001
  1.3766000e+003  8.6439538e+001
  1.3768000e+003  8.6248588e+001
  1.3770000e+003  8.6034488e+001
  1.3772000e+003  8.5799956e+001
  1.3774000e+003  8.5547590e+001
  1.3776000e+003  8.5279870e+001
  1.3778000e+003  8.4999084e+001
  1.3780000e+003  8.4711289e+001
  1.3782000e+003  8.4420299e+001
  1.3784000e+003  8.4127831e+001
  1.3786000e+003  8.3833408e+001
  1.3788000e+003  8.3536505e+001
  1.3790000e+003  8.3237886e+001
  1.3792000e+003  8.2936263e+001
  1.3794000e+003  8.2628059e+001
  1.3796000e+003  8.2308793e+001
  1.3798000e+003  8.1976747e+001
  1.3800000e+003  8.1631922e+001
  1.3802000e+003  8.1273794e+001
  1.3804000e+003  8.0901002e+001
  1.3806000e+003  8.0511188e+001
  1.3808000e+003  8.0105233e+001
  1.3810000e+003  7.9683709e+001
  1.3812000e+003  7.9246258e+001
  1.3814000e+003  7.8791403e+001
  1.3816000e+003  7.8316164e+001
  1.3818000e+003  7.7821922e+001
  1.3820000e+003  7.7309107e+001
  1.3822000e+003  7.6778197e+001
  1.3824000e+003  7.6229286e+001
  1.3826000e+003  7.5661993e+001
  1.3828000e+003  7.5080776e+001
  1.3830000e+003  7.4487900e+001
  1.3832000e+003  7.3884916e+001
  1.3834000e+003  7.3271775e+001
  1.3836000e+003  7.2647452e+001
  1.3838000e+003  7.2012519e+001
  1.3840000e+003  7.1365165e+001
  1.3842000e+003  7.0702695e+001
  1.3844000e+003  7.0021581e+001
  1.3846000e+003  6.9320893e+001
  1.3848000e+003  6.8602848e+001
  1.3850000e+003  6.7868661e+001
  1.3852000e+003  6.7122459e+001
  1.3854000e+003  6.6364717e+001
  1.3856000e+003  6.5595459e+001
  1.3858000e+003  6.4812850e+001
  1.3860000e+003  6.4011859e+001
  1.3862000e+003  6.3183522e+001
  1.3864000e+003  6.2318897e+001
  1.3866000e+003  6.1415123e+001
  1.3868000e+003  6.0473513e+001
  1.3870000e+003  5.9500408e+001
  1.3872000e+003  5.8507680e+001
  1.3874000e+003  5.7511520e+001
  1.3876000e+003  5.6531500e+001
  1.3878000e+003  5.5583810e+001
  1.3880000e+003  5.4678773e+001
  1.3882000e+003  5.3820466e+001
  1.3884000e+003  5.3007316e+001
  1.3886000e+003  5.2230858e+001
  1.3888000e+003  5.1478028e+001
  1.3890000e+003  5.0735688e+001
  1.3892000e+003  4.9991607e+001
  1.3894000e+003  4.9235773e+001
  1.3896000e+003  4.8461771e+001
  1.3898000e+003  4.7667837e+001
  1.3900000e+003  4.6855235e+001
  1.3902000e+003  4.6028399e+001
  1.3904000e+003  4.5191884e+001
  1.3906000e+003  4.4349932e+001
  1.3908000e+003  4.3507409e+001
  1.3910000e+003  4.2667555e+001
  1.3912000e+003  4.1833138e+001
  1.3914000e+003  4.1006207e+001
  1.3916000e+003  4.0188479e+001
  1.3918000e+003  3.9381933e+001
  1.3920000e+003  3.8590264e+001
  1.3922000e+003  3.7816166e+001
  1.3924000e+003  3.7060165e+001
  1.3926000e+003  3.6320710e+001
  1.3928000e+003  3.5594248e+001
  1.3930000e+003  3.4875655e+001
  1.3932000e+003  3.4158182e+001
  1.3934000e+003  3.3430266e+001
  1.3936000e+003  3.2683658e+001
  1.3938000e+003  3.1912899e+001
  1.3940000e+003  3.1116867e+001
  1.3942000e+003  3.0299353e+001
  1.3944000e+003  2.9467535e+001
  1.3946000e+003  2.8635287e+001
  1.3948000e+003  2.7819132e+001
  1.3950000e+003  2.7035999e+001
  1.3952000e+003  2.6299285e+001
  1.3954000e+003  2.5616502e+001
  1.3956000e+003  2.4991273e+001
  1.3958000e+003  2.4419164e+001
  1.3960000e+003  2.3893070e+001
  1.3962000e+003  2.3402428e+001
  1.3964000e+003  2.2935581e+001
  1.3966000e+003  2.2482705e+001
  1.3968000e+003  2.2038221e+001
  1.3970000e+003  2.1600580e+001
  1.3972000e+003  2.1166729e+001
  1.3974000e+003  2.0735049e+001
  1.3976000e+003  2.0303726e+001
  1.3978000e+003  1.9868588e+001
  1.3980000e+003  1.9427347e+001
  1.3982000e+003  1.8974566e+001
  1.3984000e+003  1.8508028e+001
  1.3986000e+003  1.8030142e+001
  1.3988000e+003  1.7547464e+001
  1.3990000e+003  1.7069125e+001
  1.3992000e+003  1.6604423e+001
  1.3994000e+003  1.6162467e+001
  1.3996000e+003  1.5749955e+001
  1.3998000e+003  1.5371084e+001
  1.4000000e+003  1.5026545e+001
  1.4002000e+003  1.4711451e+001
  1.4004000e+003  1.4417982e+001
  1.4006000e+003  1.4139366e+001
  1.4008000e+003  1.3869428e+001
  1.4010000e+003  1.3601684e+001
  1.4012000e+003  1.3329935e+001
  1.4014000e+003  1.3050699e+001
  1.4016000e+003  1.2763071e+001
  1.4018000e+003  1.2469577e+001
  1.4020000e+003  1.2172126e+001
  1.4022000e+003  1.1873126e+001
  1.4024000e+003  1.1576199e+001
  1.4026000e+003  1.1286091e+001
  1.4028000e+003  1.1007237e+001
  1.4030000e+003  1.0739779e+001
  1.4032000e+003  1.0482668e+001
  1.4034000e+003  1.0234236e+001
  1.4036000e+003  9.9926940e+000
  1.4038000e+003  9.7560880e+000
  1.4040000e+003  9.5211020e+000
  1.4042000e+003  9.2862120e+000
  1.4044000e+003  9.0516320e+000
  1.4046000e+003  8.8192700e+000
  1.4048000e+003  8.5921280e+000
  1.4050000e+003  8.3723300e+000
  1.4052000e+003  8.1628080e+000
  1.4054000e+003  7.9657550e+000
  1.4056000e+003  7.7828640e+000
  1.4058000e+003  7.6142780e+000
  1.4060000e+003  7.4580660e+000
  1.4062000e+003  7.3114870e+000
  1.4064000e+003  7.1719160e+000
  1.4066000e+003  7.0372340e+000
  1.4068000e+003  6.9048880e+000
  1.4070000e+003  6.7724940e+000
  1.4072000e+003  6.6387890e+000
  1.4074000e+003  6.5039870e+000
  1.4076000e+003  6.3697090e+000
  1.4078000e+003  6.2366000e+000
  1.4080000e+003  6.1054220e+000
  1.4082000e+003  5.9771290e+000
  1.4084000e+003  5.8526270e+000
  1.4086000e+003  5.7325600e+000
  1.4088000e+003  5.6162590e+000
  1.4090000e+003  5.5027720e+000
  1.4092000e+003  5.3914780e+000
  1.4094000e+003  5.2820200e+000
  1.4096000e+003  5.1743260e+000
  1.4098000e+003  5.0677290e+000
  1.4100000e+003  4.9621820e+000
  1.4102000e+003  4.8582070e+000
  1.4104000e+003  4.7566650e+000
  1.4106000e+003  4.6584120e+000
  1.4108000e+003  4.5634260e+000
  1.4110000e+003  4.4718980e+000
  1.4112000e+003  4.3839930e+000
  1.4114000e+003  4.3000690e+000
  1.4116000e+003  4.2199130e+000
  1.4118000e+003  4.1429510e+000
  1.4120000e+003  4.0685410e+000
  1.4122000e+003  3.9965390e+000
  1.4124000e+003  3.9268010e+000
  1.4126000e+003  3.8587090e+000
  1.4128000e+003  3.7915220e+000
  1.4130000e+003  3.7245750e+000
  1.4132000e+003  3.6574600e+000
  1.4134000e+003  3.5902020e+000
  1.4136000e+003  3.5223240e+000
  1.4138000e+003  3.4534690e+000
  1.4140000e+003  3.3837310e+000
  1.4142000e+003  3.3135410e+000
  1.4144000e+003  3.2436130e+000
  1.4146000e+003  3.1742570e+000
  1.4148000e+003  3.1058780e+000
  1.4150000e+003  3.0389780e+000
  1.4152000e+003  2.9740570e+000
  1.4154000e+003  2.9114480e+000
  1.4156000e+003  2.8508900e+000
  1.4158000e+003  2.7920000e+000
  1.4160000e+003  2.7344700e+000
  1.4162000e+003  2.6782030e+000
  1.4164000e+003  2.6230330e+000
  1.4166000e+003  2.5688170e+000
  1.4168000e+003  2.5155780e+000
  1.4170000e+003  2.4636980e+000
  1.4172000e+003  2.4135350e+000
  1.4174000e+003  2.3649930e+000
  1.4176000e+003  2.3175710e+000
  1.4178000e+003  2.2706270e+000
  1.4180000e+003  2.2230860e+000
  1.4182000e+003  2.1745680e+000
  1.4184000e+003  2.1248810e+000
  1.4186000e+003  2.0744080e+000
  1.4188000e+003  2.0244590e+000
  1.4190000e+003  1.9772290e+000
  1.4192000e+003  1.9354340e+000
  1.4194000e+003  1.9008390e+000
  1.4196000e+003  1.8746370e+000
  1.4198000e+003  1.8569230e+000
  1.4200000e+003  1.8467180e+000
  1.4202000e+003  1.8423310e+000
  1.4204000e+003  1.8408770e+000
  1.4206000e+003  1.8397800e+000
  1.4208000e+003  1.8372770e+000
  1.4210000e+003  1.8322700e+000
  1.4212000e+003  1.8244260e+000
  1.4214000e+003  1.8137450e+000
  1.4216000e+003  1.8008700e+000
  1.4218000e+003  1.7863270e+000
  1.4220000e+003  1.7705200e+000
  1.4222000e+003  1.7534970e+000
  1.4224000e+003  1.7348050e+000
  1.4226000e+003  1.7135850e+000
  1.4228000e+003  1.6893380e+000
  1.4230000e+003  1.6616340e+000
  1.4232000e+003  1.6303530e+000
  1.4234000e+003  1.5957590e+000
  1.4236000e+003  1.5584230e+000
  1.4238000e+003  1.5196560e+000
  1.4240000e+003  1.4810800e+000
  1.4242000e+003  1.4441010e+000
  1.4244000e+003  1.4100790e+000
  1.4246000e+003  1.3800380e+000
  1.4248000e+003  1.3547890e+000
  1.4250000e+003  1.3347140e+000
  1.4252000e+003  1.3195270e+000
  1.4254000e+003  1.3085600e+000
  1.4256000e+003  1.3011210e+000
  1.4258000e+003  1.2964240e+000
  1.4260000e+003  1.2936350e+000
  1.4262000e+003  1.2918230e+000
  1.4264000e+003  1.2903450e+000
  1.4266000e+003  1.2886520e+000
  1.4268000e+003  1.2863870e+000
  1.4270000e+003  1.2834780e+000
  1.4272000e+003  1.2797830e+000
  1.4274000e+003  1.2755630e+000
  1.4276000e+003  1.2712000e+000
  1.4278000e+003  1.2671700e+000
  1.4280000e+003  1.2640470e+000
  1.4282000e+003  1.2624260e+000
  1.4284000e+003  1.2626400e+000
  1.4286000e+003  1.2649290e+000
  1.4288000e+003  1.2689110e+000
  1.4290000e+003  1.2739650e+000
  1.4292000e+003  1.2792110e+000
  1.4294000e+003  1.2834310e+000
  1.4296000e+003  1.2852430e+000
  1.4298000e+003  1.2832880e+000
  1.4300000e+003  1.2766830e+000
  1.4302000e+003  1.2649770e+000
  1.4304000e+003  1.2483350e+000
  1.4306000e+003  1.2275450e+000
  1.4308000e+003  1.2037990e+000
  1.4310000e+003  1.1785980e+000
  1.4312000e+003  1.1533730e+000
  1.4314000e+003  1.1293170e+000
  1.4316000e+003  1.1074060e+000
  1.4318000e+003  1.0883090e+000
  1.4320000e+003  1.0724060e+000
  1.4322000e+003  1.0597940e+000
  1.4324000e+003  1.0506390e+000
  1.4326000e+003  1.0449170e+000
  1.4328000e+003  1.0423890e+000
  1.4330000e+003  1.0427230e+000
  1.4332000e+003  1.0451790e+000
  1.4334000e+003  1.0485640e+000
  1.4336000e+003  1.0516400e+000
  1.4338000e+003  1.0532370e+000
  1.4340000e+003  1.0522840e+000
  1.4342000e+003  1.0477300e+000
  1.4344000e+003  1.0391950e+000
  1.4346000e+003  1.0263910e+000
  1.4348000e+003  1.0089390e+000
  1.4350000e+003  9.8676600e-001
  1.4352000e+003  9.5982500e-001
  1.4354000e+003  9.2787700e-001
  1.4356000e+003  8.9144700e-001
  1.4358000e+003  8.5182100e-001
  1.4360000e+003  8.1086100e-001
  1.4362000e+003  7.7114100e-001
  1.4364000e+003  7.3564000e-001
  1.4366000e+003  7.0731600e-001
  1.4368000e+003  6.8843300e-001
  1.4370000e+003  6.8011200e-001
  1.4372000e+003  6.8178100e-001
  1.4374000e+003  6.9174700e-001
  1.4376000e+003  7.0760200e-001
  1.4378000e+003  7.2638900e-001
  1.4380000e+003  7.4517700e-001
  1.4382000e+003  7.6220000e-001
  1.4384000e+003  7.7657600e-001
  1.4386000e+003  7.8790100e-001
  1.4388000e+003  7.9624600e-001
  1.4390000e+003  8.0208700e-001
  1.4392000e+003  8.0547300e-001
  1.4394000e+003  8.0640300e-001
  1.4396000e+003  8.0459100e-001
  1.4398000e+003  7.9965500e-001
  1.4400000e+003  7.9128700e-001
  1.4402000e+003  7.7974700e-001
  1.4404000e+003  7.6551400e-001
  1.4406000e+003  7.4961100e-001
  1.4408000e+003  7.3313700e-001
  1.4410000e+003  7.1718600e-001
  1.4412000e+003  7.0273800e-001
  1.4414000e+003  6.9060300e-001
  1.4416000e+003  6.8130400e-001
  1.4418000e+003  6.7481900e-001
  1.4420000e+003  6.7098100e-001
  1.4422000e+003  6.6921700e-001
  1.4424000e+003  6.6859700e-001
  1.4426000e+003  6.6783400e-001
  1.4428000e+003  6.6559300e-001
  1.4430000e+003  6.6053800e-001
  1.4432000e+003  6.5169300e-001
  1.4434000e+003  6.3860400e-001
  1.4436000e+003  6.2122300e-001
  1.4438000e+003  6.0048100e-001
  1.4440000e+003  5.7790200e-001
  1.4442000e+003  5.5546700e-001
  1.4444000e+003  5.3510600e-001
  1.4446000e+003  5.1853600e-001
  1.4448000e+003  5.0725900e-001
  1.4450000e+003  5.0194200e-001
  1.4452000e+003  5.0265700e-001
  1.4454000e+003  5.0914200e-001
  1.4456000e+003  5.2082500e-001
  1.4458000e+003  5.3682300e-001
  1.4460000e+003  5.5627800e-001
  1.4462000e+003  5.7783100e-001
  1.4464000e+003  5.9998000e-001
  1.4466000e+003  6.2088900e-001
  1.4468000e+003  6.3850800e-001
  1.4470000e+003  6.5069100e-001
  1.4472000e+003  6.5526900e-001
  1.4474000e+003  6.5047700e-001
  1.4476000e+003  6.3545700e-001
  1.4478000e+003  6.1039900e-001
  1.4480000e+003  5.7642400e-001
  1.4482000e+003  5.3532100e-001
  1.4484000e+003  4.8973500e-001
  1.4486000e+003  4.4281400e-001
  1.4488000e+003  3.9727600e-001
  1.4490000e+003  3.5543400e-001
  1.4492000e+003  3.1912300e-001
  1.4494000e+003  2.8953500e-001
  1.4496000e+003  2.6712400e-001
  1.4498000e+003  2.5184100e-001
  1.4500000e+003  2.4321000e-001
  1.4502000e+003  2.4049200e-001
  1.4504000e+003  2.4290000e-001
  1.4506000e+003  2.4962400e-001
  1.4508000e+003  2.5973300e-001
  1.4510000e+003  2.7258300e-001
  1.4512000e+003  2.8731800e-001
  1.4514000e+003  3.0314900e-001
  1.4516000e+003  3.1929000e-001
  1.4518000e+003  3.3469200e-001
  1.4520000e+003  3.4856700e-001
  1.4522000e+003  3.6010700e-001
  1.4524000e+003  3.6892800e-001
  1.4526000e+003  3.7493700e-001
  1.4528000e+003  3.7841700e-001
  1.4530000e+003  3.7996700e-001
  1.4532000e+003  3.8042000e-001
  1.4534000e+003  3.8056300e-001
  1.4536000e+003  3.8099200e-001
  1.4538000e+003  3.8204100e-001
  1.4540000e+003  3.8378200e-001
  1.4542000e+003  3.8599900e-001
  1.4544000e+003  3.8814500e-001
  1.4546000e+003  3.8962300e-001
  1.4548000e+003  3.8969500e-001
  1.4550000e+003  3.8776300e-001
  1.4552000e+003  3.8342400e-001
  1.4554000e+003  3.7651000e-001
  1.4556000e+003  3.6714000e-001
  1.4558000e+003  3.5595800e-001
  1.4560000e+003  3.4384700e-001
  1.4562000e+003  3.3183000e-001
  1.4564000e+003  3.2122100e-001
  1.4566000e+003  3.1354400e-001
  1.4568000e+003  3.1008700e-001
  1.4570000e+003  3.1166000e-001
  1.4572000e+003  3.1850300e-001
  1.4574000e+003  3.3047100e-001
  1.4576000e+003  3.4687500e-001
  1.4578000e+003  3.6649700e-001
  1.4580000e+003  3.8778700e-001
  1.4582000e+003  4.0922100e-001
  1.4584000e+003  4.2934400e-001
  1.4586000e+003  4.4696300e-001
  1.4588000e+003  4.6112500e-001
  1.4590000e+003  4.7121000e-001
  1.4592000e+003  4.7695600e-001
  1.4594000e+003  4.7833900e-001
  1.4596000e+003  4.7554900e-001
  1.4598000e+003  4.6882600e-001
  1.4600000e+003  4.5864500e-001
  1.4602000e+003  4.4543700e-001
  1.4604000e+003  4.2986800e-001
  1.4606000e+003  4.1251100e-001
  1.4608000e+003  3.9391500e-001
  1.4610000e+003  3.7467400e-001
  1.4612000e+003  3.5541000e-001
  1.4614000e+003  3.3664700e-001
  1.4616000e+003  3.1907500e-001
  1.4618000e+003  3.0331600e-001
  1.4620000e+003  2.9008300e-001
  1.4622000e+003  2.8007000e-001
  1.4624000e+003  2.7379900e-001
  1.4626000e+003  2.7165400e-001
  1.4628000e+003  2.7358500e-001
  1.4630000e+003  2.7918800e-001
  1.4632000e+003  2.8765200e-001
  1.4634000e+003  2.9768900e-001
  1.4636000e+003  3.0803600e-001
  1.4638000e+003  3.1721500e-001
  1.4640000e+003  3.2427300e-001
  1.4642000e+003  3.2856400e-001
  1.4644000e+003  3.2994700e-001
  1.4646000e+003  3.2863600e-001
  1.4648000e+003  3.2548900e-001
  1.4650000e+003  3.2179300e-001
  1.4652000e+003  3.1878900e-001
  1.4654000e+003  3.1762100e-001
  1.4656000e+003  3.1907500e-001
  1.4658000e+003  3.2355700e-001
  1.4660000e+003  3.3099600e-001
  1.4662000e+003  3.4074700e-001
  1.4664000e+003  3.5183400e-001
  1.4666000e+003  3.6315900e-001
  1.4668000e+003  3.7357800e-001
  1.4670000e+003  3.8199400e-001
  1.4672000e+003  3.8764400e-001
  1.4674000e+003  3.9000500e-001
  1.4676000e+003  3.8890800e-001
  1.4678000e+003  3.8435400e-001
  1.4680000e+003  3.7651000e-001
  1.4682000e+003  3.6573400e-001
  1.4684000e+003  3.5243000e-001
  1.4686000e+003  3.3712300e-001
  1.4688000e+003  3.2012400e-001
  1.4690000e+003  3.0190900e-001
  1.4692000e+003  2.8285900e-001
  1.4694000e+003  2.6316600e-001
  1.4696000e+003  2.4285300e-001
  1.4698000e+003  2.2165700e-001
  1.4700000e+003  1.9929400e-001
  1.4702000e+003  1.7533300e-001
  1.4704000e+003  1.4939300e-001
  1.4706000e+003  1.2097300e-001
  1.4708000e+003  9.0336000e-002
  1.4710000e+003  5.7625000e-002
  1.4712000e+003  2.3984000e-002
  1.4714000e+003 -8.7730000e-003
  1.4716000e+003 -3.8242000e-002
  1.4718000e+003 -6.1535000e-002
  1.4720000e+003 -7.5507000e-002
  1.4722000e+003 -7.7939000e-002
  1.4724000e+003 -6.7782000e-002
  1.4726000e+003 -4.5180000e-002
  1.4728000e+003 -1.1682000e-002
  1.4730000e+003  2.9397000e-002
  1.4732000e+003  7.3790000e-002
  1.4734000e+003  1.1737300e-001
  1.4736000e+003  1.5664100e-001
  1.4738000e+003  1.8906500e-001
  1.4740000e+003  2.1345600e-001
  1.4742000e+003  2.2971600e-001
  1.4744000e+003  2.3860900e-001
  1.4746000e+003  2.4151800e-001
  1.4748000e+003  2.3953900e-001
  1.4750000e+003  2.3357800e-001
  1.4752000e+003  2.2466100e-001
  1.4754000e+003  2.1367000e-001
  1.4756000e+003  2.0134400e-001
  1.4758000e+003  1.8930400e-001
  1.4760000e+003  1.7893300e-001
  1.4762000e+003  1.7156600e-001
  1.4764000e+003  1.6820400e-001
  1.4766000e+003  1.6911000e-001
  1.4768000e+003  1.7354400e-001
  1.4770000e+003  1.8012500e-001
  1.4772000e+003  1.8692000e-001
  1.4774000e+003  1.9192600e-001
  1.4776000e+003  1.9323800e-001
  1.4778000e+003  1.8961400e-001
  1.4780000e+003  1.8057800e-001
  1.4782000e+003  1.6632000e-001
  1.4784000e+003  1.4760400e-001
  1.4786000e+003  1.2569400e-001
  1.4788000e+003  1.0190000e-001
  1.4790000e+003  7.8201000e-002
  1.4792000e+003  5.6123000e-002
  1.4794000e+003  3.7312000e-002
  1.4796000e+003  2.3198000e-002
  1.4798000e+003  1.5044000e-002
  1.4800000e+003  1.3709000e-002
  1.4802000e+003  1.9478000e-002
  1.4804000e+003  3.2138000e-002
  1.4806000e+003  5.0640000e-002
  1.4808000e+003  7.3552000e-002
  1.4810000e+003  9.9349000e-002
  1.4812000e+003  1.2629000e-001
  1.4814000e+003  1.5306400e-001
  1.4816000e+003  1.7836000e-001
  1.4818000e+003  2.0153500e-001
  1.4820000e+003  2.2234900e-001
  1.4822000e+003  2.4094500e-001
  1.4824000e+003  2.5784900e-001
  1.4826000e+003  2.7365600e-001
  1.4828000e+003  2.8874800e-001
  1.4830000e+003  3.0341100e-001
  1.4832000e+003  3.1764500e-001
  1.4834000e+003  3.3116300e-001
  1.4836000e+003  3.4365600e-001
  1.4838000e+003  3.5438500e-001
  1.4840000e+003  3.6268200e-001
  1.4842000e+003  3.6799900e-001
  1.4844000e+003  3.7000100e-001
  1.4846000e+003  3.6878500e-001
  1.4848000e+003  3.6492300e-001
  1.4850000e+003  3.5979700e-001
  1.4852000e+003  3.5493300e-001
  1.4854000e+003  3.5212000e-001
  1.4856000e+003  3.5288300e-001
  1.4858000e+003  3.5810400e-001
  1.4860000e+003  3.6792700e-001
  1.4862000e+003  3.8096900e-001
  1.4864000e+003  3.9503500e-001
  1.4866000e+003  4.0729000e-001
  1.4868000e+003  4.1480000e-001
  1.4870000e+003  4.1491900e-001
  1.4872000e+003  4.0535900e-001
  1.4874000e+003  3.8573700e-001
  1.4876000e+003  3.5650700e-001
  1.4878000e+003  3.1886100e-001
  1.4880000e+003  2.7451500e-001
  1.4882000e+003  2.2549600e-001
  1.4884000e+003  1.7347300e-001
  1.4886000e+003  1.2001900e-001
  1.4888000e+003  6.6399000e-002
  1.4890000e+003  1.3875000e-002
  1.4892000e+003 -3.6239000e-002
  1.4894000e+003 -8.2445000e-002
  1.4896000e+003 -1.2292800e-001
  1.4898000e+003 -1.5590100e-001
  1.4900000e+003 -1.7971900e-001
  1.4902000e+003 -1.9328500e-001
  1.4904000e+003 -1.9607500e-001
  1.4906000e+003 -1.8818300e-001
  1.4908000e+003 -1.7092200e-001
  1.4910000e+003 -1.4603100e-001
  1.4912000e+003 -1.1596600e-001
  1.4914000e+003 -8.3374000e-002
  1.4916000e+003 -5.0640000e-002
  1.4918000e+003 -2.0098000e-002
  1.4920000e+003  6.9140000e-003
  1.4922000e+003  2.9540000e-002
  1.4924000e+003  4.7826000e-002
  1.4926000e+003  6.2251000e-002
  1.4928000e+003  7.3647000e-002
  1.4930000e+003  8.3255000e-002
  1.4932000e+003  9.2124000e-002
  1.4934000e+003  1.0108900e-001
  1.4936000e+003  1.1091200e-001
  1.4938000e+003  1.2204600e-001
  1.4940000e+003  1.3463400e-001
  1.4942000e+003  1.4896300e-001
  1.4944000e+003  1.6460400e-001
  1.4946000e+003  1.8086400e-001
  1.4948000e+003  1.9667100e-001
  1.4950000e+003  2.1059500e-001
  1.4952000e+003  2.2101400e-001
  1.4954000e+003  2.2642600e-001
  1.4956000e+003  2.2587700e-001
  1.4958000e+003  2.1922500e-001
  1.4960000e+003  2.0737600e-001
  1.4962000e+003  1.9211700e-001
  1.4964000e+003  1.7569000e-001
  1.4966000e+003  1.6093200e-001
  1.4968000e+003  1.5010800e-001
  1.4970000e+003  1.4486300e-001
  1.4972000e+003  1.4591200e-001
  1.4974000e+003  1.5296900e-001
  1.4976000e+003  1.6455600e-001
  1.4978000e+003  1.7797900e-001
  1.4980000e+003  1.9044800e-001
  1.4982000e+003  1.9924600e-001
  1.4984000e+003  2.0201200e-001
  1.4986000e+003  1.9714800e-001
  1.4988000e+003  1.8398700e-001
  1.4990000e+003  1.6295900e-001
  1.4992000e+003  1.3582700e-001
  1.4994000e+003  1.0490400e-001
  1.4996000e+003  7.2836000e-002
  1.4998000e+003  4.2438000e-002
  1.5000000e+003  1.5974000e-002
