  2.1000000e+003 -2.6822000e-002
  2.1002000e+003 -6.5898000e-002
  2.1004000e+003 -9.6249000e-002
  2.1006000e+003 -9.9682000e-002
  2.1008000e+003 -6.9761000e-002
  2.1010000e+003 -1.4829000e-002
  2.1012000e+003  4.4989000e-002
  2.1014000e+003  8.9120000e-002
  2.1016000e+003  1.0499900e-001
  2.1018000e+003  9.3817000e-002
  2.1020000e+003  6.5565000e-002
  2.1022000e+003  3.3068000e-002
  2.1024000e+003  6.1750000e-003
  2.1026000e+003 -1.0204000e-002
  2.1028000e+003 -1.4781000e-002
  2.1030000e+003 -7.7480000e-003
  2.1032000e+003  8.2730000e-003
  2.1034000e+003  2.7012000e-002
  2.1036000e+003  3.9434000e-002
  2.1038000e+003  3.7789000e-002
  2.1040000e+003  2.0599000e-002
  2.1042000e+003 -3.3370000e-003
  2.1044000e+003 -1.9359000e-002
  2.1046000e+003 -1.4495000e-002
  2.1048000e+003  1.2636000e-002
  2.1050000e+003  5.1188000e-002
  2.1052000e+003  8.3041000e-002
  2.1054000e+003  9.4819000e-002
  2.1056000e+003  8.5663000e-002
  2.1058000e+003  6.8569000e-002
  2.1060000e+003  6.0558000e-002
  2.1062000e+003  7.2693000e-002
  2.1064000e+003  1.0390200e-001
  2.1066000e+003  1.4278800e-001
  2.1068000e+003  1.7516600e-001
  2.1070000e+003  1.9028100e-001
  2.1072000e+003  1.8362900e-001
  2.1074000e+003  1.5561500e-001
  2.1076000e+003  1.0948100e-001
  2.1078000e+003  5.0973000e-002
  2.1080000e+003 -1.1134000e-002
  2.1082000e+003 -6.5612000e-002
  2.1084000e+003 -1.0247200e-001
  2.1086000e+003 -1.1637200e-001
  2.1088000e+003 -1.0976700e-001
  2.1090000e+003 -8.9931000e-002
  2.1092000e+003 -6.5851000e-002
  2.1094000e+003 -4.4155000e-002
  2.1096000e+003 -2.8276000e-002
  2.1098000e+003 -1.9741000e-002
  2.1100000e+003 -1.8405000e-002
  2.1102000e+003 -2.2172000e-002
  2.1104000e+003 -2.6345000e-002
  2.1106000e+003 -2.5105000e-002
  2.1108000e+003 -1.3875000e-002
  2.1110000e+003  7.9630000e-003
  2.1112000e+003  3.5953000e-002
  2.1114000e+003  6.2155000e-002
  2.1116000e+003  7.8320000e-002
  2.1118000e+003  8.0060000e-002
  2.1120000e+003  6.7448000e-002
  2.1122000e+003  4.5347000e-002
  2.1124000e+003  2.0885000e-002
  2.1126000e+003  1.3820000e-003
  2.1128000e+003 -7.9630000e-003
  2.1130000e+003 -6.5320000e-003
  2.1132000e+003  2.0500000e-003
  2.1134000e+003  1.0609000e-002
  2.1136000e+003  1.2493000e-002
  2.1138000e+003  4.7680000e-003
  2.1140000e+003 -9.6080000e-003
  2.1142000e+003 -2.3579000e-002
  2.1144000e+003 -3.0040000e-002
  2.1146000e+003 -2.6392000e-002
  2.1148000e+003 -1.5878000e-002
  2.1150000e+003 -5.9360000e-003
  2.1152000e+003 -5.2920000e-003
  2.1154000e+003 -1.9145000e-002
  2.1156000e+003 -4.7087000e-002
  2.1158000e+003 -8.1562000e-002
  2.1160000e+003 -1.1062600e-001
  2.1162000e+003 -1.2226100e-001
  2.1164000e+003 -1.0957700e-001
  2.1166000e+003 -7.4005000e-002
  2.1168000e+003 -2.4676000e-002
  2.1170000e+003  2.5224000e-002
  2.1172000e+003  6.4945000e-002
  2.1174000e+003  8.8763000e-002
  2.1176000e+003  9.5772000e-002
  2.1178000e+003  8.7261000e-002
  2.1180000e+003  6.5708000e-002
  2.1182000e+003  3.5500000e-002
  2.1184000e+003  4.5530000e-003
  2.1186000e+003 -1.7023000e-002
  2.1188000e+003 -2.1672000e-002
  2.1190000e+003 -7.8910000e-003
  2.1192000e+003  1.8501000e-002
  2.1194000e+003  4.7659000e-002
  2.1196000e+003  7.0023000e-002
  2.1198000e+003  7.9178000e-002
  2.1200000e+003  7.2598000e-002
  2.1202000e+003  4.9877000e-002
  2.1204000e+003  1.2755000e-002
  2.1206000e+003 -3.3402000e-002
  2.1208000e+003 -7.9345000e-002
  2.1210000e+003 -1.1301000e-001
  2.1212000e+003 -1.2509800e-001
  2.1214000e+003 -1.1267600e-001
  2.1216000e+003 -7.8821000e-002
  2.1218000e+003 -3.0851000e-002
  2.1220000e+003  2.3508000e-002
  2.1222000e+003  7.7128000e-002
  2.1224000e+003  1.2354800e-001
  2.1226000e+003  1.5628300e-001
  2.1228000e+003  1.7013500e-001
  2.1230000e+003  1.6446100e-001
  2.1232000e+003  1.4479100e-001
  2.1234000e+003  1.2185500e-001
  2.1236000e+003  1.0578600e-001
  2.1238000e+003  1.0180400e-001
  2.1240000e+003  1.0724000e-001
  2.1242000e+003  1.1329600e-001
  2.1244000e+003  1.0776500e-001
  2.1246000e+003  8.0084000e-002
  2.1248000e+003  2.6655000e-002
  2.1250000e+003 -4.7087000e-002
  2.1252000e+003 -1.2602800e-001
  2.1254000e+003 -1.9092500e-001
  2.1256000e+003 -2.2401800e-001
  2.1258000e+003 -2.1758000e-001
  2.1260000e+003 -1.7545200e-001
  2.1262000e+003 -1.1124600e-001
  2.1264000e+003 -4.0626000e-002
  2.1266000e+003  2.4557000e-002
  2.1268000e+003  7.7033000e-002
  2.1270000e+003  1.1303400e-001
  2.1272000e+003  1.2965200e-001
  2.1274000e+003  1.2512200e-001
  2.1276000e+003  1.0223300e-001
  2.1278000e+003  6.7877000e-002
  2.1280000e+003  3.1709000e-002
  2.1282000e+003  1.9780000e-003
  2.1284000e+003 -1.7476000e-002
  2.1286000e+003 -2.7561000e-002
  2.1288000e+003 -3.1137000e-002
  2.1290000e+003 -2.9897000e-002
  2.1292000e+003 -2.3484000e-002
  2.1294000e+003 -1.1539000e-002
  2.1296000e+003  4.5770000e-003
  2.1298000e+003  2.0599000e-002
  2.1300000e+003  3.1661000e-002
  2.1302000e+003  3.4976000e-002
  2.1304000e+003  3.1781000e-002
  2.1306000e+003  2.6822000e-002
  2.1308000e+003  2.5773000e-002
  2.1310000e+003  3.1638000e-002
  2.1312000e+003  4.1866000e-002
  2.1314000e+003  4.8780000e-002
  2.1316000e+003  4.2748000e-002
  2.1318000e+003  1.8262000e-002
  2.1320000e+003 -2.2029000e-002
  2.1322000e+003 -6.5779000e-002
  2.1324000e+003 -9.6273000e-002
  2.1326000e+003 -9.9372000e-002
  2.1328000e+003 -7.1692000e-002
  2.1330000e+003 -2.1958000e-002
  2.1332000e+003  3.3664000e-002
  2.1334000e+003  7.9679000e-002
  2.1336000e+003  1.0929100e-001
  2.1338000e+003  1.2500200e-001
  2.1340000e+003  1.3363300e-001
  2.1342000e+003  1.3859200e-001
  2.1344000e+003  1.3680400e-001
  2.1346000e+003  1.2168800e-001
  2.1348000e+003  9.0098000e-002
  2.1350000e+003  4.6825000e-002
  2.1352000e+003  4.3860000e-003
  2.1354000e+003 -2.3317000e-002
  2.1356000e+003 -2.7346000e-002
  2.1358000e+003 -9.1070000e-003
  2.1360000e+003  2.0885000e-002
  2.1362000e+003  4.7445000e-002
  2.1364000e+003  5.9390000e-002
  2.1366000e+003  5.3310000e-002
  2.1368000e+003  3.4785000e-002
  2.1370000e+003  1.3947000e-002
  2.1372000e+003 -1.2630000e-003
  2.1374000e+003 -1.0251000e-002
  2.1376000e+003 -1.9407000e-002
  2.1378000e+003 -3.6382000e-002
  2.1380000e+003 -6.2608000e-002
  2.1382000e+003 -8.9979000e-002
  2.1384000e+003 -1.0616700e-001
  2.1386000e+003 -1.0211400e-001
  2.1388000e+003 -7.8868000e-002
  2.1390000e+003 -4.6181000e-002
  2.1392000e+003 -1.6498000e-002
  2.1394000e+003  2.2880000e-003
  2.1396000e+003  9.1310000e-003
  2.1398000e+003  8.4870000e-003
  2.1400000e+003  5.2920000e-003
  2.1402000e+003  2.3840000e-003
  2.1404000e+003  3.3300000e-004
  2.1406000e+003 -6.1900000e-004
  2.1408000e+003 -9.2900000e-004
  2.1410000e+003 -1.4780000e-003
  2.1412000e+003 -3.1700000e-003
  2.1414000e+003 -4.6730000e-003
  2.1416000e+003 -1.3820000e-003
  2.1418000e+003  1.3566000e-002
  2.1420000e+003  4.5323000e-002
  2.1422000e+003  9.2339000e-002
  2.1424000e+003  1.4512500e-001
  2.1426000e+003  1.8861200e-001
  2.1428000e+003  2.0895000e-001
  2.1430000e+003  1.9981800e-001
  2.1432000e+003  1.6479400e-001
  2.1434000e+003  1.1622900e-001
  2.1436000e+003  6.9236000e-002
  2.1438000e+003  3.7240000e-002
  2.1440000e+003  2.6082000e-002
  2.1442000e+003  3.2496000e-002
  2.1444000e+003  4.5204000e-002
  2.1446000e+003  5.2404000e-002
  2.1448000e+003  4.8089000e-002
  2.1450000e+003  3.5238000e-002
  2.1452000e+003  2.2244000e-002
  2.1454000e+003  1.6522000e-002
  2.1456000e+003  1.8787000e-002
  2.1458000e+003  2.3007000e-002
  2.1460000e+003  2.2387000e-002
  2.1462000e+003  1.5997000e-002
  2.1464000e+003  9.4890000e-003
  2.1466000e+003  9.5600000e-003
  2.1468000e+003  1.7476000e-002
  2.1470000e+003  2.6774000e-002
  2.1472000e+003  2.8705000e-002
  2.1474000e+003  1.8858000e-002
  2.1476000e+003 -8.1000000e-004
  2.1478000e+003 -2.4414000e-002
  2.1480000e+003 -4.5824000e-002
  2.1482000e+003 -6.0486000e-002
  2.1484000e+003 -6.3848000e-002
  2.1486000e+003 -4.9614000e-002
  2.1488000e+003 -1.2707000e-002
  2.1490000e+003  4.4870000e-002
  2.1492000e+003  1.0948100e-001
  2.1494000e+003  1.6109900e-001
  2.1496000e+003  1.8253300e-001
  2.1498000e+003  1.7070700e-001
  2.1500000e+003  1.3756700e-001
  2.1502000e+003  1.0247200e-001
  2.1504000e+003  7.9965000e-002
  2.1506000e+003  7.3003000e-002
  2.1508000e+003  7.4076000e-002
  2.1510000e+003  7.2717000e-002
  2.1512000e+003  6.2870000e-002
  2.1514000e+003  4.5704000e-002
  2.1516000e+003  2.7847000e-002
  2.1518000e+003  1.6450000e-002
  2.1520000e+003  1.7595000e-002
  2.1522000e+003  3.4880000e-002
  2.1524000e+003  6.8187000e-002
  2.1526000e+003  1.1174600e-001
  2.1528000e+003  1.5435200e-001
  2.1530000e+003  1.8248500e-001
  2.1532000e+003  1.8465500e-001
  2.1534000e+003  1.5745100e-001
  2.1536000e+003  1.0671600e-001
  2.1538000e+003  4.5990000e-002
  2.1540000e+003 -9.8940000e-003
  2.1542000e+003 -4.9805000e-002
  2.1544000e+003 -6.9880000e-002
  2.1546000e+003 -7.2693000e-002
  2.1548000e+003 -6.4420000e-002
  2.1550000e+003 -5.1903000e-002
  2.1552000e+003 -3.8504000e-002
  2.1554000e+003 -2.4056000e-002
  2.1556000e+003 -6.5320000e-003
  2.1558000e+003  1.4185000e-002
  2.1560000e+003  3.4809000e-002
  2.1562000e+003  4.9424000e-002
  2.1564000e+003  5.4073000e-002
  2.1566000e+003  4.9328000e-002
  2.1568000e+003  4.1484000e-002
  2.1570000e+003  3.7765000e-002
  2.1572000e+003  4.2867000e-002
  2.1574000e+003  5.6123000e-002
  2.1576000e+003  7.3862000e-002
  2.1578000e+003  9.2339000e-002
  2.1580000e+003  1.1105500e-001
  2.1582000e+003  1.3029500e-001
  2.1584000e+003  1.4860600e-001
  2.1586000e+003  1.6171900e-001
  2.1588000e+003  1.6515200e-001
  2.1590000e+003  1.5776100e-001
  2.1592000e+003  1.4383700e-001
  2.1594000e+003  1.3043800e-001
  2.1596000e+003  1.2280900e-001
  2.1598000e+003  1.1994800e-001
  2.1600000e+003  1.1565600e-001
  2.1602000e+003  1.0228100e-001
  2.1604000e+003  7.7271000e-002
  2.1606000e+003  4.5037000e-002
  2.1608000e+003  1.5306000e-002
  2.1610000e+003 -2.8610000e-003
  2.1612000e+003 -5.5070000e-003
  2.1614000e+003  4.5770000e-003
  2.1616000e+003  2.0217000e-002
  2.1618000e+003  3.4070000e-002
  2.1620000e+003  4.1866000e-002
  2.1622000e+003  4.3296000e-002
  2.1624000e+003  4.0602000e-002
  2.1626000e+003  3.7002000e-002
  2.1628000e+003  3.5738000e-002
  2.1630000e+003  4.0793000e-002
  2.1632000e+003  5.6743000e-002
  2.1634000e+003  8.6212000e-002
  2.1636000e+003  1.2662400e-001
  2.1638000e+003  1.6825100e-001
  2.1640000e+003  1.9679000e-001
  2.1642000e+003  1.9891200e-001
  2.1644000e+003  1.7035000e-001
  2.1646000e+003  1.2011500e-001
  2.1648000e+003  6.6852000e-002
  2.1650000e+003  3.0636000e-002
  2.1652000e+003  2.2292000e-002
  2.1654000e+003  4.0221000e-002
  2.1656000e+003  7.1763000e-002
  2.1658000e+003  1.0340200e-001
  2.1660000e+003  1.2745800e-001
  2.1662000e+003  1.4555400e-001
  2.1664000e+003  1.6467500e-001
  2.1666000e+003  1.9142600e-001
  2.1668000e+003  2.2602000e-001
  2.1670000e+003  2.6178300e-001
  2.1672000e+003  2.8784200e-001
  2.1674000e+003  2.9516200e-001
  2.1676000e+003  2.8014100e-001
  2.1678000e+003  2.4631000e-001
  2.1680000e+003  2.0320400e-001
  2.1682000e+003  1.6229100e-001
  2.1684000e+003  1.3303700e-001
  2.1686000e+003  1.1901800e-001
  2.1688000e+003  1.1727800e-001
  2.1690000e+003  1.2030600e-001
  2.1692000e+003  1.2135500e-001
  2.1694000e+003  1.1839800e-001
  2.1696000e+003  1.1537000e-001
  2.1698000e+003  1.1928000e-001
  2.1700000e+003  1.3418100e-001
  2.1702000e+003  1.5711700e-001
  2.1704000e+003  1.7874200e-001
  2.1706000e+003  1.8911300e-001
  2.1708000e+003  1.8479800e-001
  2.1710000e+003  1.7228100e-001
  2.1712000e+003  1.6407900e-001
  2.1714000e+003  1.7130300e-001
  2.1716000e+003  1.9574100e-001
  2.1718000e+003  2.2988300e-001
  2.1720000e+003  2.6125900e-001
  2.1722000e+003  2.8030800e-001
  2.1724000e+003  2.8429000e-001
  2.1726000e+003  2.7713700e-001
  2.1728000e+003  2.6423900e-001
  2.1730000e+003  2.4859900e-001
  2.1732000e+003  2.2969200e-001
  2.1734000e+003  2.0618400e-001
  2.1736000e+003  1.7905200e-001
  2.1738000e+003  1.5332600e-001
  2.1740000e+003  1.3611300e-001
  2.1742000e+003  1.3401500e-001
  2.1744000e+003  1.4879700e-001
  2.1746000e+003  1.7669200e-001
  2.1748000e+003  2.0930700e-001
  2.1750000e+003  2.3806000e-001
  2.1752000e+003  2.5846900e-001
  2.1754000e+003  2.7141500e-001
  2.1756000e+003  2.8164300e-001
  2.1758000e+003  2.9337400e-001
  2.1760000e+003  3.0725000e-001
  2.1762000e+003  3.1943300e-001
  2.1764000e+003  3.2424900e-001
  2.1766000e+003  3.1733500e-001
  2.1768000e+003  2.9869000e-001
  2.1770000e+003  2.7143900e-001
  2.1772000e+003  2.3999200e-001
  2.1774000e+003  2.0861600e-001
  2.1776000e+003  1.8084000e-001
  2.1778000e+003  1.6007400e-001
  2.1780000e+003  1.4846300e-001
  2.1782000e+003  1.4610200e-001
  2.1784000e+003  1.4994100e-001
  2.1786000e+003  1.5468500e-001
  2.1788000e+003  1.5528200e-001
  2.1790000e+003  1.4986900e-001
  2.1792000e+003  1.4085700e-001
  2.1794000e+003  1.3306100e-001
  2.1796000e+003  1.3117700e-001
  2.1798000e+003  1.3575500e-001
  2.1800000e+003  1.4271700e-001
  2.1802000e+003  1.4600700e-001
  2.1804000e+003  1.4119100e-001
  2.1806000e+003  1.2829300e-001
  2.1808000e+003  1.1286700e-001
  2.1810000e+003  1.0271000e-001
  2.1812000e+003  1.0466500e-001
  2.1814000e+003  1.2106800e-001
  2.1816000e+003  1.4858200e-001
  2.1818000e+003  1.7905200e-001
  2.1820000e+003  2.0256000e-001
  2.1822000e+003  2.1133400e-001
  2.1824000e+003  2.0186900e-001
  2.1826000e+003  1.7797900e-001
  2.1828000e+003  1.4913000e-001
  2.1830000e+003  1.2850700e-001
  2.1832000e+003  1.2755300e-001
  2.1834000e+003  1.5082300e-001
  2.1836000e+003  1.9407200e-001
  2.1838000e+003  2.4516500e-001
  2.1840000e+003  2.8939200e-001
  2.1842000e+003  3.1406800e-001
  2.1844000e+003  3.1335300e-001
  2.1846000e+003  2.8853400e-001
  2.1848000e+003  2.4640500e-001
  2.1850000e+003  1.9724300e-001
  2.1852000e+003  1.5172900e-001
  2.1854000e+003  1.1982900e-001
  2.1856000e+003  1.0869500e-001
  2.1858000e+003  1.2176000e-001
  2.1860000e+003  1.5721300e-001
  2.1862000e+003  2.0883000e-001
  2.1864000e+003  2.6733800e-001
  2.1866000e+003  3.2217500e-001
  2.1868000e+003  3.6456500e-001
  2.1870000e+003  3.8955200e-001
  2.1872000e+003  3.9627500e-001
  2.1874000e+003  3.8931300e-001
  2.1876000e+003  3.7624800e-001
  2.1878000e+003  3.6547100e-001
  2.1880000e+003  3.6246700e-001
  2.1882000e+003  3.6869000e-001
  2.1884000e+003  3.8096900e-001
  2.1886000e+003  3.9520200e-001
  2.1888000e+003  4.0829100e-001
  2.1890000e+003  4.1921100e-001
  2.1892000e+003  4.2788900e-001
  2.1894000e+003  4.3318200e-001
  2.1896000e+003  4.3296800e-001
  2.1898000e+003  4.2591000e-001
  2.1900000e+003  4.1427600e-001
  2.1902000e+003  4.0550200e-001
  2.1904000e+003  4.0943600e-001
  2.1906000e+003  4.3473200e-001
  2.1908000e+003  4.8327400e-001
  2.1910000e+003  5.4836200e-001
  2.1912000e+003  6.1666900e-001
  2.1914000e+003  6.7253100e-001
  2.1916000e+003  7.0400200e-001
  2.1918000e+003  7.0648100e-001
  2.1920000e+003  6.8378400e-001
  2.1922000e+003  6.4465900e-001
  2.1924000e+003  5.9890700e-001
  2.1926000e+003  5.5289200e-001
  2.1928000e+003  5.0947600e-001
  2.1930000e+003  4.6985100e-001
  2.1932000e+003  4.3604300e-001
  2.1934000e+003  4.1093800e-001
  2.1936000e+003  3.9770600e-001
  2.1938000e+003  3.9894500e-001
  2.1940000e+003  4.1711300e-001
  2.1942000e+003  4.5375800e-001
  2.1944000e+003  5.0835600e-001
  2.1946000e+003  5.7642400e-001
  2.1948000e+003  6.4630500e-001
  2.1950000e+003  7.0211800e-001
  2.1952000e+003  7.3008500e-001
  2.1954000e+003  7.2605600e-001
  2.1956000e+003  6.9942400e-001
  2.1958000e+003  6.6771500e-001
  2.1960000e+003  6.4840300e-001
  2.1962000e+003  6.5007200e-001
  2.1964000e+003  6.7143400e-001
  2.1966000e+003  7.0455000e-001
  2.1968000e+003  7.3990800e-001
  2.1970000e+003  7.6949500e-001
  2.1972000e+003  7.8897400e-001
  2.1974000e+003  7.9855900e-001
  2.1976000e+003  8.0339900e-001
  2.1978000e+003  8.1405600e-001
  2.1980000e+003  8.4233200e-001
  2.1982000e+003  8.9540400e-001
  2.1984000e+003  9.6983900e-001
  2.1986000e+003  1.0522360e+000
  2.1988000e+003  1.1251440e+000
  2.1990000e+003  1.1763570e+000
  2.1992000e+003  1.2030830e+000
  2.1994000e+003  1.2107610e+000
  2.1996000e+003  1.2069220e+000
  2.1998000e+003  1.1953350e+000
  2.2000000e+003  1.1758080e+000
  2.2002000e+003  1.1452670e+000
  2.2004000e+003  1.1035680e+000
  2.2006000e+003  1.0560030e+000
  2.2008000e+003  1.0122290e+000
  2.2010000e+003  9.8245100e-001
  2.2012000e+003  9.7413000e-001
  2.2014000e+003  9.8915100e-001
  2.2016000e+003  1.0251990e+000
  2.2018000e+003  1.0772700e+000
  2.2020000e+003  1.1401650e+000
  2.2022000e+003  1.2091630e+000
  2.2024000e+003  1.2800690e+000
  2.2026000e+003  1.3491390e+000
  2.2028000e+003  1.4139170e+000
  2.2030000e+003  1.4745230e+000
  2.2032000e+003  1.5346760e+000
  2.2034000e+003  1.6001460e+000
  2.2036000e+003  1.6746280e+000
  2.2038000e+003  1.7572640e+000
  2.2040000e+003  1.8406390e+000
  2.2042000e+003  1.9129030e+000
  2.2044000e+003  1.9636150e+000
  2.2046000e+003  1.9871710e+000
  2.2048000e+003  1.9875760e+000
  2.2050000e+003  1.9757500e+000
  2.2052000e+003  1.9673580e+000
  2.2054000e+003  1.9768230e+000
  2.2056000e+003  2.0113220e+000
  2.2058000e+003  2.0696640e+000
  2.2060000e+003  2.1422380e+000
  2.2062000e+003  2.2167920e+000
  2.2064000e+003  2.2837630e+000
  2.2066000e+003  2.3414610e+000
  2.2068000e+003  2.3958440e+000
  2.2070000e+003  2.4561400e+000
  2.2072000e+003  2.5296920e+000
  2.2074000e+003  2.6159760e+000
  2.2076000e+003  2.7072660e+000
  2.2078000e+003  2.7929540e+000
  2.2080000e+003  2.8658390e+000
  2.2082000e+003  2.9265160e+000
  2.2084000e+003  2.9823780e+000
  2.2086000e+003  3.0438890e+000
  2.2088000e+003  3.1173700e+000
  2.2090000e+003  3.2018420e+000
  2.2092000e+003  3.2921310e+000
  2.2094000e+003  3.3810130e+000
  2.2096000e+003  3.4674160e+000
  2.2098000e+003  3.5552970e+000
  2.2100000e+003  3.6530250e+000
  2.2102000e+003  3.7678240e+000
  2.2104000e+003  3.9015290e+000
  2.2106000e+003  4.0508270e+000
  2.2108000e+003  4.2073240e+000
  2.2110000e+003  4.3633930e+000
  2.2112000e+003  4.5142880e+000
  2.2114000e+003  4.6602960e+000
  2.2116000e+003  4.8071620e+000
  2.2118000e+003  4.9618480e+000
  2.2120000e+003  5.1317450e+000
  2.2122000e+003  5.3194760e+000
  2.2124000e+003  5.5231570e+000
  2.2126000e+003  5.7374710e+000
  2.2128000e+003  5.9538120e+000
  2.2130000e+003  6.1664100e+000
  2.2132000e+003  6.3705200e+000
  2.2134000e+003  6.5659040e+000
  2.2136000e+003  6.7555900e+000
  2.2138000e+003  6.9445130e+000
  2.2140000e+003  7.1408030e+000
  2.2142000e+003  7.3497530e+000
  2.2144000e+003  7.5765840e+000
  2.2146000e+003  7.8223940e+000
  2.2148000e+003  8.0862990e+000
  2.2150000e+003  8.3683720e+000
  2.2152000e+003  8.6676590e+000
  2.2154000e+003  8.9874500e+000
  2.2156000e+003  9.3288180e+000
  2.2158000e+003  9.6915720e+000
  2.2160000e+003  1.0070753e+001
  2.2162000e+003  1.0456562e+001
  2.2164000e+003  1.0841059e+001
  2.2166000e+003  1.1216974e+001
  2.2168000e+003  1.1586976e+001
  2.2170000e+003  1.1958837e+001
  2.2172000e+003  1.2343358e+001
  2.2174000e+003  1.2752079e+001
  2.2176000e+003  1.3189363e+001
  2.2178000e+003  1.3659286e+001
  2.2180000e+003  1.4159321e+001
  2.2182000e+003  1.4685153e+001
  2.2184000e+003  1.5229272e+001
  2.2186000e+003  1.5777063e+001
  2.2188000e+003  1.6316533e+001
  2.2190000e+003  1.6837430e+001
  2.2192000e+003  1.7345309e+001
  2.2194000e+003  1.7860865e+001
  2.2196000e+003  1.8412041e+001
  2.2198000e+003  1.9025230e+001
  2.2200000e+003  1.9703984e+001
  2.2202000e+003  2.0433020e+001
  2.2204000e+003  2.1180582e+001
  2.2206000e+003  2.1917748e+001
  2.2208000e+003  2.2636628e+001
  2.2210000e+003  2.3348498e+001
  2.2212000e+003  2.4083924e+001
  2.2214000e+003  2.4865269e+001
  2.2216000e+003  2.5702643e+001
  2.2218000e+003  2.6586532e+001
  2.2220000e+003  2.7496314e+001
  2.2222000e+003  2.8415656e+001
  2.2224000e+003  2.9334712e+001
  2.2226000e+003  3.0255508e+001
  2.2228000e+003  3.1183195e+001
  2.2230000e+003  3.2122278e+001
  2.2232000e+003  3.3074760e+001
  2.2234000e+003  3.4037995e+001
  2.2236000e+003  3.5010790e+001
  2.2238000e+003  3.5989427e+001
  2.2240000e+003  3.6969447e+001
  2.2242000e+003  3.7947487e+001
  2.2244000e+003  3.8922977e+001
  2.2246000e+003  3.9901113e+001
  2.2248000e+003  4.0890979e+001
  2.2250000e+003  4.1899943e+001
  2.2252000e+003  4.2928338e+001
  2.2254000e+003  4.3965101e+001
  2.2256000e+003  4.4990801e+001
  2.2258000e+003  4.5984554e+001
  2.2260000e+003  4.6932148e+001
  2.2262000e+003  4.7834801e+001
  2.2264000e+003  4.8707413e+001
  2.2266000e+003  4.9572587e+001
  2.2268000e+003  5.0452184e+001
  2.2270000e+003  5.1353931e+001
  2.2272000e+003  5.2272009e+001
  2.2274000e+003  5.3186058e+001
  2.2276000e+003  5.4073190e+001
  2.2278000e+003  5.4919385e+001
  2.2280000e+003  5.5719614e+001
  2.2282000e+003  5.6483101e+001
  2.2284000e+003  5.7218360e+001
  2.2286000e+003  5.7935047e+001
  2.2288000e+003  5.8638000e+001
  2.2290000e+003  5.9328293e+001
  2.2292000e+003  6.0009431e+001
  2.2294000e+003  6.0678052e+001
  2.2296000e+003  6.1330866e+001
  2.2298000e+003  6.1956977e+001
  2.2300000e+003  6.2545728e+001
  2.2302000e+003  6.3095307e+001
  2.2304000e+003  6.3609170e+001
  2.2306000e+003  6.4100885e+001
  2.2308000e+003  6.4577865e+001
  2.2310000e+003  6.5043258e+001
  2.2312000e+003  6.5493583e+001
  2.2314000e+003  6.5923261e+001
  2.2316000e+003  6.6334939e+001
  2.2318000e+003  6.6731762e+001
  2.2320000e+003  6.7120933e+001
  2.2322000e+003  6.7504167e+001
  2.2324000e+003  6.7877984e+001
  2.2326000e+003  6.8239045e+001
  2.2328000e+003  6.8582916e+001
  2.2330000e+003  6.8911075e+001
  2.2332000e+003  6.9223284e+001
  2.2334000e+003  6.9520664e+001
  2.2336000e+003  6.9806122e+001
  2.2338000e+003  7.0083665e+001
  2.2340000e+003  7.0362615e+001
  2.2342000e+003  7.0649027e+001
  2.2344000e+003  7.0946383e+001
  2.2346000e+003  7.1249818e+001
  2.2348000e+003  7.1548247e+001
  2.2350000e+003  7.1832156e+001
  2.2352000e+003  7.2094345e+001
  2.2354000e+003  7.2338938e+001
  2.2356000e+003  7.2572922e+001
  2.2358000e+003  7.2804260e+001
  2.2360000e+003  7.3036456e+001
  2.2362000e+003  7.3265600e+001
  2.2364000e+003  7.3488640e+001
  2.2366000e+003  7.3701739e+001
  2.2368000e+003  7.3909378e+001
  2.2370000e+003  7.4118709e+001
  2.2372000e+003  7.4332666e+001
  2.2374000e+003  7.4550127e+001
  2.2376000e+003  7.4754142e+001
  2.2378000e+003  7.4930691e+001
  2.2380000e+003  7.5065231e+001
  2.2382000e+003  7.5152325e+001
  2.2384000e+003  7.5196146e+001
  2.2386000e+003  7.5198364e+001
  2.2388000e+003  7.5168871e+001
  2.2390000e+003  7.5110197e+001
  2.2392000e+003  7.5031495e+001
  2.2394000e+003  7.4943137e+001
  2.2396000e+003  7.4849009e+001
  2.2398000e+003  7.4752092e+001
  2.2400000e+003  7.4631905e+001
  2.2402000e+003  7.4465179e+001
  2.2404000e+003  7.4218964e+001
  2.2406000e+003  7.3868846e+001
  2.2408000e+003  7.3412489e+001
  2.2410000e+003  7.2857403e+001
  2.2412000e+003  7.2235965e+001
  2.2414000e+003  7.1573686e+001
  2.2416000e+003  7.0893502e+001
  2.2418000e+003  7.0204210e+001
  2.2420000e+003  6.9495964e+001
  2.2422000e+003  6.8760490e+001
  2.2424000e+003  6.7978668e+001
  2.2426000e+003  6.7143154e+001
  2.2428000e+003  6.6249299e+001
  2.2430000e+003  6.5297079e+001
  2.2432000e+003  6.4295673e+001
  2.2434000e+003  6.3247489e+001
  2.2436000e+003  6.2160086e+001
  2.2438000e+003  6.1031198e+001
  2.2440000e+003  5.9857106e+001
  2.2442000e+003  5.8637380e+001
  2.2444000e+003  5.7372236e+001
  2.2446000e+003  5.6076669e+001
  2.2448000e+003  5.4764461e+001
  2.2450000e+003  5.3450131e+001
  2.2452000e+003  5.2140116e+001
  2.2454000e+003  5.0830769e+001
  2.2456000e+003  4.9517512e+001
  2.2458000e+003  4.8197221e+001
  2.2460000e+003  4.6875905e+001
  2.2462000e+003  4.5564293e+001
  2.2464000e+003  4.4273185e+001
  2.2466000e+003  4.3008351e+001
  2.2468000e+003  4.1768288e+001
  2.2470000e+003  4.0545010e+001
  2.2472000e+003  3.9331412e+001
  2.2474000e+003  3.8120937e+001
  2.2476000e+003  3.6911940e+001
  2.2478000e+003  3.5707426e+001
  2.2480000e+003  3.4510588e+001
  2.2482000e+003  3.3331561e+001
  2.2484000e+003  3.2178211e+001
  2.2486000e+003  3.1060695e+001
  2.2488000e+003  2.9986119e+001
  2.2490000e+003  2.8954625e+001
  2.2492000e+003  2.7966380e+001
  2.2494000e+003  2.7013587e+001
  2.2496000e+003  2.6093983e+001
  2.2498000e+003  2.5204563e+001
  2.2500000e+003  2.4343347e+001
  2.2502000e+003  2.3511147e+001
  2.2504000e+003  2.2701454e+001
  2.2506000e+003  2.1914577e+001
  2.2508000e+003  2.1148824e+001
  2.2510000e+003  2.0408606e+001
  2.2512000e+003  1.9699645e+001
  2.2514000e+003  1.9019770e+001
  2.2516000e+003  1.8365144e+001
  2.2518000e+003  1.7720580e+001
  2.2520000e+003  1.7077445e+001
  2.2522000e+003  1.6435098e+001
  2.2524000e+003  1.5803456e+001
  2.2526000e+003  1.5203070e+001
  2.2528000e+003  1.4646291e+001
  2.2530000e+003  1.4139628e+001
  2.2532000e+003  1.3675832e+001
  2.2534000e+003  1.3241839e+001
  2.2536000e+003  1.2826490e+001
  2.2538000e+003  1.2417864e+001
  2.2540000e+003  1.2011432e+001
  2.2542000e+003  1.1600756e+001
  2.2544000e+003  1.1185359e+001
  2.2546000e+003  1.0769677e+001
  2.2548000e+003  1.0361599e+001
  2.2550000e+003  9.9750510e+000
  2.2552000e+003  9.6173280e+000
  2.2554000e+003  9.2921250e+000
  2.2556000e+003  8.9948410e+000
  2.2558000e+003  8.7176320e+000
  2.2560000e+003  8.4544650e+000
  2.2562000e+003  8.1975460e+000
  2.2564000e+003  7.9430810e+000
  2.2566000e+003  7.6852560e+000
  2.2568000e+003  7.4223990e+000
  2.2570000e+003  7.1587560e+000
  2.2572000e+003  6.9026230e+000
  2.2574000e+003  6.6674470e+000
  2.2576000e+003  6.4601180e+000
  2.2578000e+003  6.2802790e+000
  2.2580000e+003  6.1160560e+000
  2.2582000e+003  5.9504740e+000
  2.2584000e+003  5.7721610e+000
  2.2586000e+003  5.5783980e+000
  2.2588000e+003  5.3803680e+000
  2.2590000e+003  5.1921840e+000
  2.2592000e+003  5.0252910e+000
  2.2594000e+003  4.8805230e+000
  2.2596000e+003  4.7478190e+000
  2.2598000e+003  4.6144000e+000
  2.2600000e+003  4.4706340e+000
  2.2602000e+003  4.3166870e+000
  2.2604000e+003  4.1615960e+000
  2.2606000e+003  4.0180200e+000
  2.2608000e+003  3.8971420e+000
  2.2610000e+003  3.8020610e+000
  2.2612000e+003  3.7285560e+000
  2.2614000e+003  3.6642070e+000
  2.2616000e+003  3.5929670e+000
  2.2618000e+003  3.5027740e+000
  2.2620000e+003  3.3887620e+000
  2.2622000e+003  3.2582990e+000
  2.2624000e+003  3.1258820e+000
  2.2626000e+003  3.0079600e+000
  2.2628000e+003  2.9150240e+000
  2.2630000e+003  2.8465740e+000
  2.2632000e+003  2.7936450e+000
  2.2634000e+003  2.7419320e+000
  2.2636000e+003  2.6811120e+000
  2.2638000e+003  2.6080360e+000
  2.2640000e+003  2.5283330e+000
  2.2642000e+003  2.4514190e+000
  2.2644000e+003  2.3849720e+000
  2.2646000e+003  2.3321390e+000
  2.2648000e+003  2.2907250e+000
  2.2650000e+003  2.2571080e+000
  2.2652000e+003  2.2289030e+000
  2.2654000e+003  2.2049900e+000
  2.2656000e+003  2.1828880e+000
  2.2658000e+003  2.1553990e+000
  2.2660000e+003  2.1131990e+000
  2.2662000e+003  2.0492550e+000
  2.2664000e+003  1.9667620e+000
  2.2666000e+003  1.8796680e+000
  2.2668000e+003  1.8069980e+000
  2.2670000e+003  1.7621750e+000
  2.2672000e+003  1.7458910e+000
  2.2674000e+003  1.7455330e+000
  2.2676000e+003  1.7435550e+000
  2.2678000e+003  1.7266510e+000
  2.2680000e+003  1.6913410e+000
  2.2682000e+003  1.6419640e+000
  2.2684000e+003  1.5852210e+000
  2.2686000e+003  1.5261650e+000
  2.2688000e+003  1.4682050e+000
  2.2690000e+003  1.4149660e+000
  2.2692000e+003  1.3707390e+000
  2.2694000e+003  1.3387440e+000
  2.2696000e+003  1.3185500e+000
  2.2698000e+003  1.3052940e+000
  2.2700000e+003  1.2931340e+000
  2.2702000e+003  1.2779230e+000
  2.2704000e+003  1.2595650e+000
  2.2706000e+003  1.2395620e+000
  2.2708000e+003  1.2182470e+000
  2.2710000e+003  1.1927360e+000
  2.2712000e+003  1.1593100e+000
  2.2714000e+003  1.1171810e+000
  2.2716000e+003  1.0708330e+000
  2.2718000e+003  1.0279170e+000
  2.2720000e+003  9.9508700e-001
  2.2722000e+003  9.7465500e-001
  2.2724000e+003  9.6423600e-001
  2.2726000e+003  9.6011100e-001
  2.2728000e+003  9.6063600e-001
  2.2730000e+003  9.6662000e-001
  2.2732000e+003  9.7792100e-001
  2.2734000e+003  9.9000900e-001
  2.2736000e+003  9.9439600e-001
  2.2738000e+003  9.8237900e-001
  2.2740000e+003  9.5133700e-001
  2.2742000e+003  9.0727800e-001
  2.2744000e+003  8.6166800e-001
  2.2746000e+003  8.2404600e-001
  2.2748000e+003  7.9722400e-001
  2.2750000e+003  7.7593300e-001
  2.2752000e+003  7.5230500e-001
  2.2754000e+003  7.2114400e-001
  2.2756000e+003  6.8216300e-001
  2.2758000e+003  6.3829400e-001
  2.2760000e+003  5.9173100e-001
  2.2762000e+003  5.4268800e-001
  2.2764000e+003  4.9130900e-001
  2.2766000e+003  4.4031100e-001
  2.2768000e+003  3.9653700e-001
  2.2770000e+003  3.6766500e-001
  2.2772000e+003  3.5851000e-001
  2.2774000e+003  3.6871400e-001
  2.2776000e+003  3.9403400e-001
  2.2778000e+003  4.2920100e-001
  2.2780000e+003  4.6980300e-001
  2.2782000e+003  5.1171700e-001
  2.2784000e+003  5.4962600e-001
  2.2786000e+003  5.7682900e-001
  2.2788000e+003  5.8779700e-001
  2.2790000e+003  5.8155000e-001
  2.2792000e+003  5.6242900e-001
  2.2794000e+003  5.3708500e-001
  2.2796000e+003  5.1114500e-001
  2.2798000e+003  4.8646900e-001
  2.2800000e+003  4.6341400e-001
  2.2802000e+003  4.4350600e-001
  2.2804000e+003  4.3139400e-001
  2.2806000e+003  4.3156100e-001
  2.2808000e+003  4.4341000e-001
  2.2810000e+003  4.5831200e-001
  2.2812000e+003  4.6310400e-001
  2.2814000e+003  4.4641400e-001
  2.2816000e+003  4.0671800e-001
  2.2818000e+003  3.5288300e-001
  2.2820000e+003  3.0066900e-001
  2.2822000e+003  2.6497800e-001
  2.2824000e+003  2.5358200e-001
  2.2826000e+003  2.6488300e-001
  2.2828000e+003  2.8972600e-001
  2.2830000e+003  3.1681000e-001
  2.2832000e+003  3.3690900e-001
  2.2834000e+003  3.4615900e-001
  2.2836000e+003  3.4546800e-001
  2.2838000e+003  3.3917400e-001
  2.2840000e+003  3.3164000e-001
  2.2842000e+003  3.2529800e-001
  2.2844000e+003  3.2033900e-001
  2.2846000e+003  3.1557000e-001
  2.2848000e+003  3.1032500e-001
  2.2850000e+003  3.0581900e-001
  2.2852000e+003  3.0515100e-001
  2.2854000e+003  3.1166000e-001
  2.2856000e+003  3.2691900e-001
  2.2858000e+003  3.4859100e-001
  2.2860000e+003  3.6978700e-001
  2.2862000e+003  3.8018200e-001
  2.2864000e+003  3.7155100e-001
  2.2866000e+003  3.4062800e-001
  2.2868000e+003  2.9387400e-001
  2.2870000e+003  2.4445000e-001
  2.2872000e+003  2.0706600e-001
  2.2874000e+003  1.9052000e-001
  2.2876000e+003  1.9299900e-001
  2.2878000e+003  2.0449100e-001
  2.2880000e+003  2.1343200e-001
  2.2882000e+003  2.1405200e-001
  2.2884000e+003  2.0852000e-001
  2.2886000e+003  2.0380000e-001
  2.2888000e+003  2.0444300e-001
  2.2890000e+003  2.0883000e-001
  2.2892000e+003  2.1116700e-001
  2.2894000e+003  2.0852000e-001
  2.2896000e+003  2.0554000e-001
  2.2898000e+003  2.1321700e-001
  2.2900000e+003  2.4070700e-001
  2.2902000e+003  2.8777100e-001
  2.2904000e+003  3.4196300e-001
  2.2906000e+003  3.8552200e-001
  2.2908000e+003  4.0316500e-001
  2.2910000e+003  3.9012400e-001
  2.2912000e+003  3.5195300e-001
  2.2914000e+003  2.9997800e-001
  2.2916000e+003  2.4576100e-001
  2.2918000e+003  1.9862600e-001
  2.2920000e+003  1.6598700e-001
  2.2922000e+003  1.5246800e-001
  2.2924000e+003  1.5888200e-001
  2.2926000e+003  1.8055400e-001
  2.2928000e+003  2.0911600e-001
  2.2930000e+003  2.3627200e-001
  2.2932000e+003  2.5727700e-001
  2.2934000e+003  2.7186800e-001
  2.2936000e+003  2.8100000e-001
  2.2938000e+003  2.8357500e-001
  2.2940000e+003  2.7551600e-001
  2.2942000e+003  2.5339100e-001
  2.2944000e+003  2.1944000e-001
  2.2946000e+003  1.8310500e-001
  2.2948000e+003  1.5752300e-001
  2.2950000e+003  1.5218200e-001
  2.2952000e+003  1.6696400e-001
  2.2954000e+003  1.9314200e-001
  2.2956000e+003  2.1770000e-001
  2.2958000e+003  2.3207600e-001
  2.2960000e+003  2.3505600e-001
  2.2962000e+003  2.3109900e-001
  2.2964000e+003  2.2499500e-001
  2.2966000e+003  2.1820000e-001
  2.2968000e+003  2.0842500e-001
  2.2970000e+003  1.9321400e-001
  2.2972000e+003  1.7285300e-001
  2.2974000e+003  1.5094200e-001
  2.2976000e+003  1.3167800e-001
  2.2978000e+003  1.1646700e-001
  2.2980000e+003  1.0340200e-001
  2.2982000e+003  8.9311000e-002
  2.2984000e+003  7.2932000e-002
  2.2986000e+003  5.7458000e-002
  2.2988000e+003  4.9328000e-002
  2.2990000e+003  5.5670000e-002
  2.2992000e+003  8.0418000e-002
  2.2994000e+003  1.2199800e-001
  2.2996000e+003  1.7297200e-001
  2.2998000e+003  2.2251600e-001
  2.3000000e+003  2.6111600e-001
  2.3002000e+003  2.8398000e-001
  2.3004000e+003  2.9320700e-001
  2.3006000e+003  2.9504200e-001
  2.3008000e+003  2.9621100e-001
  2.3010000e+003  2.9881000e-001
  2.3012000e+003  2.9971500e-001
  2.3014000e+003  2.9318300e-001
  2.3016000e+003  2.7651700e-001
  2.3018000e+003  2.5274700e-001
  2.3020000e+003  2.2902400e-001
  2.3022000e+003  2.1202500e-001
  2.3024000e+003  2.0451500e-001
  2.3026000e+003  2.0411000e-001
  2.3028000e+003  2.0515900e-001
  2.3030000e+003  2.0191600e-001
  2.3032000e+003  1.9106800e-001
  2.3034000e+003  1.7268600e-001
  2.3036000e+003  1.4905900e-001
  2.3038000e+003  1.2264200e-001
  2.3040000e+003  9.4723000e-002
  2.3042000e+003  6.5445000e-002
  2.3044000e+003  3.5738000e-002
  2.3046000e+003  8.6780000e-003
  2.3048000e+003 -1.0037000e-002
  2.3050000e+003 -1.4114000e-002
  2.3052000e+003 -1.2870000e-003
  2.3054000e+003  2.3627000e-002
  2.3056000e+003  4.9400000e-002
  2.3058000e+003  6.4897000e-002
  2.3060000e+003  6.5064000e-002
  2.3062000e+003  5.4645000e-002
  2.3064000e+003  4.4178000e-002
  2.3066000e+003  4.4846000e-002
  2.3068000e+003  6.2823000e-002
  2.3070000e+003  9.7513000e-002
  2.3072000e+003  1.4185900e-001
  2.3074000e+003  1.8525100e-001
  2.3076000e+003  2.1772300e-001
  2.3078000e+003  2.3360200e-001
  2.3080000e+003  2.3367400e-001
  2.3082000e+003  2.2332600e-001
  2.3084000e+003  2.1052300e-001
  2.3086000e+003  2.0222600e-001
  2.3088000e+003  2.0208300e-001
  2.3090000e+003  2.0992700e-001
  2.3092000e+003  2.2082300e-001
  2.3094000e+003  2.2718900e-001
  2.3096000e+003  2.2318300e-001
  2.3098000e+003  2.0828200e-001
  2.3100000e+003  1.8718200e-001
  2.3102000e+003  1.6713100e-001
  2.3104000e+003  1.5161000e-001
  2.3106000e+003  1.3926000e-001
  2.3108000e+003  1.2490700e-001
  2.3110000e+003  1.0516600e-001
  2.3112000e+003  8.1896000e-002
  2.3114000e+003  6.3014000e-002
  2.3116000e+003  5.8555000e-002
  2.3118000e+003  7.5030000e-002
  2.3120000e+003  1.0995800e-001
  2.3122000e+003  1.5261100e-001
  2.3124000e+003  1.8901800e-001
  2.3126000e+003  2.0973600e-001
  2.3128000e+003  2.1324100e-001
  2.3130000e+003  2.0210700e-001
  2.3132000e+003  1.7771700e-001
  2.3134000e+003  1.3923600e-001
  2.3136000e+003  8.7118000e-002
  2.3138000e+003  2.8514000e-002
  2.3140000e+003 -2.3627000e-002
  2.3142000e+003 -5.4192000e-002
  2.3144000e+003 -5.4216000e-002
  2.3146000e+003 -2.5224000e-002
  2.3148000e+003  2.2149000e-002
  2.3150000e+003  7.2741000e-002
  2.3152000e+003  1.1267600e-001
  2.3154000e+003  1.3051000e-001
  2.3156000e+003  1.1954300e-001
  2.3158000e+003  7.9917000e-002
  2.3160000e+003  2.2006000e-002
  2.3162000e+003 -3.5119000e-002
  2.3164000e+003 -7.3337000e-002
  2.3166000e+003 -8.4972000e-002
  2.3168000e+003 -7.7247000e-002
  2.3170000e+003 -6.4778000e-002
  2.3172000e+003 -5.9175000e-002
  2.3174000e+003 -5.9556000e-002
  2.3176000e+003 -5.4860000e-002
  2.3178000e+003 -3.2448000e-002
  2.3180000e+003  1.0490000e-002
  2.3182000e+003  6.4826000e-002
  2.3184000e+003  1.1346300e-001
  2.3186000e+003  1.4240700e-001
  2.3188000e+003  1.4564900e-001
  2.3190000e+003  1.2588500e-001
  2.3192000e+003  9.2220000e-002
  2.3194000e+003  5.8174000e-002
  2.3196000e+003  3.8170000e-002
  2.3198000e+003  4.1246000e-002
  2.3200000e+003  6.7424000e-002
  2.3202000e+003  1.0650100e-001
  2.3204000e+003  1.4417100e-001
  2.3206000e+003  1.6820400e-001
  2.3208000e+003  1.7354400e-001
  2.3210000e+003  1.6348300e-001
  2.3212000e+003  1.4719900e-001
  2.3214000e+003  1.3530200e-001
  2.3216000e+003  1.3248900e-001
  2.3218000e+003  1.3394300e-001
  2.3220000e+003  1.2767300e-001
  2.3222000e+003  1.0423600e-001
  2.3224000e+003  6.2847000e-002
  2.3226000e+003  1.3375000e-002
  2.3228000e+003 -3.0589000e-002
  2.3230000e+003 -5.7768000e-002
  2.3232000e+003 -6.2966000e-002
  2.3234000e+003 -4.6849000e-002
  2.3236000e+003 -1.8405000e-002
  2.3238000e+003  6.5320000e-003
  2.3240000e+003  1.3065000e-002
  2.3242000e+003 -2.9560000e-003
  2.3244000e+003 -2.9397000e-002
  2.3246000e+003 -4.6896000e-002
  2.3248000e+003 -4.0245000e-002
  2.3250000e+003 -8.5590000e-003
  2.3252000e+003  3.7407000e-002
  2.3254000e+003  8.2278000e-002
  2.3256000e+003  1.1360600e-001
  2.3258000e+003  1.2474000e-001
  2.3260000e+003  1.1756400e-001
  2.3262000e+003  1.0097000e-001
  2.3264000e+003  8.6116000e-002
  2.3266000e+003  8.1324000e-002
  2.3268000e+003  8.8286000e-002
  2.3270000e+003  1.0328200e-001
  2.3272000e+003  1.1975700e-001
  2.3274000e+003  1.3368100e-001
  2.3276000e+003  1.4550600e-001
  2.3278000e+003  1.6005000e-001
  2.3280000e+003  1.8172200e-001
  2.3282000e+003  2.1200100e-001
  2.3284000e+003  2.4921800e-001
  2.3286000e+003  2.8982100e-001
  2.3288000e+003  3.2680000e-001
  2.3290000e+003  3.4594500e-001
  2.3292000e+003  3.2956600e-001
  2.3294000e+003  2.7034200e-001
  2.3296000e+003  1.8317600e-001
  2.3298000e+003  9.7250000e-002
  2.3300000e+003  3.9029000e-002
  2.3302000e+003  1.5783000e-002
  2.3304000e+003  2.0265000e-002
  2.3306000e+003  4.2653000e-002
  2.3308000e+003  8.0084000e-002
  2.3310000e+003  1.3434800e-001
  2.3312000e+003  2.0196400e-001
  2.3314000e+003  2.6891200e-001
  2.3316000e+003  3.1657200e-001
  2.3318000e+003  3.3068600e-001
  2.3320000e+003  3.0944300e-001
  2.3322000e+003  2.5866000e-001
  2.3324000e+003  1.8270000e-001
  2.3326000e+003  8.2850000e-002
  2.3328000e+003 -2.9587000e-002
  2.3330000e+003 -1.2357200e-001
  2.3332000e+003 -1.6438900e-001
  2.3334000e+003 -1.3921200e-001
  2.3336000e+003 -7.4458000e-002
  2.3338000e+003 -1.8453000e-002
  2.3340000e+003 -8.4870000e-003
  2.3342000e+003 -4.6968000e-002
  2.3344000e+003 -1.0225700e-001
  2.3346000e+003 -1.3236900e-001
  2.3348000e+003 -1.0955300e-001
  2.3350000e+003 -3.6239000e-002
  2.3352000e+003  6.0033000e-002
  2.3354000e+003  1.3971300e-001
  2.3356000e+003  1.7502300e-001
  2.3358000e+003  1.5940600e-001
  2.3360000e+003  1.0883800e-001
  2.3362000e+003  5.0640000e-002
  2.3364000e+003  1.1849000e-002
  2.3366000e+003  5.8650000e-003
  2.3368000e+003  2.8061000e-002
  2.3370000e+003  6.0892000e-002
  2.3372000e+003  8.3279000e-002
  2.3374000e+003  8.5449000e-002
  2.3376000e+003  7.6389000e-002
  2.3378000e+003  7.9822000e-002
  2.3380000e+003  1.1477400e-001
  2.3382000e+003  1.7979100e-001
  2.3384000e+003  2.4769300e-001
  2.3386000e+003  2.8498100e-001
  2.3388000e+003  2.7153400e-001
  2.3390000e+003  2.1235900e-001
  2.3392000e+003  1.2745800e-001
  2.3394000e+003  3.8504000e-002
  2.3396000e+003 -3.9434000e-002
  2.3398000e+003 -9.7513000e-002
  2.3400000e+003 -1.3098700e-001
  2.3402000e+003 -1.3914100e-001
  2.3404000e+003 -1.2464500e-001
  2.3406000e+003 -9.4056000e-002
  2.3408000e+003 -5.5313000e-002
  2.3410000e+003 -1.5211000e-002
  2.3412000e+003  2.1696000e-002
  2.3414000e+003  5.0902000e-002
  2.3416000e+003  6.5135000e-002
  2.3418000e+003  5.6147000e-002
  2.3420000e+003  2.2411000e-002
  2.3422000e+003 -2.6655000e-002
  2.3424000e+003 -7.2431000e-002
  2.3426000e+003 -9.7799000e-002
  2.3428000e+003 -9.4223000e-002
  2.3430000e+003 -6.2489000e-002
  2.3432000e+003 -1.0132000e-002
  2.3434000e+003  5.0592000e-002
  2.3436000e+003  1.0426000e-001
  2.3438000e+003  1.3930700e-001
  2.3440000e+003  1.5420900e-001
  2.3442000e+003  1.6152800e-001
  2.3444000e+003  1.8336700e-001
  2.3446000e+003  2.3834700e-001
  2.3448000e+003  3.2517900e-001
  2.3450000e+003  4.1880600e-001
  2.3452000e+003  4.8224900e-001
  2.3454000e+003  4.8871000e-001
  2.3456000e+003  4.3919000e-001
  2.3458000e+003  3.5767500e-001
  2.3460000e+003  2.7394200e-001
  2.3462000e+003  2.0422900e-001
  2.3464000e+003  1.4805700e-001
  2.3466000e+003  9.6559000e-002
  2.3468000e+003  4.2629000e-002
  2.3470000e+003 -1.5044000e-002
  2.3472000e+003 -7.4005000e-002
  2.3474000e+003 -1.3320400e-001
  2.3476000e+003 -1.9416800e-001
  2.3478000e+003 -2.5498800e-001
  2.3480000e+003 -3.0603400e-001
  2.3482000e+003 -3.2832600e-001
  2.3484000e+003 -3.0372100e-001
  2.3486000e+003 -2.2752200e-001
  2.3488000e+003 -1.1568000e-001
  2.3490000e+003 -8.1000000e-004
  2.3492000e+003  8.5592000e-002
  2.3494000e+003  1.2807800e-001
  2.3496000e+003  1.3499200e-001
  2.3498000e+003  1.2917500e-001
  2.3500000e+003  1.3461100e-001
  2.3502000e+003  1.6021700e-001
  2.3504000e+003  1.9979400e-001
  2.3506000e+003  2.3570000e-001
  2.3508000e+003  2.5136400e-001
  2.3510000e+003  2.4087400e-001
  2.3512000e+003  2.1271700e-001
  2.3514000e+003  1.8248500e-001
  2.3516000e+003  1.5993100e-001
  2.3518000e+003  1.3973700e-001
  2.3520000e+003  1.0724000e-001
  2.3522000e+003  5.1712000e-002
  2.3524000e+003 -2.1576000e-002
  2.3526000e+003 -9.4342000e-002
  2.3528000e+003 -1.4665100e-001
  2.3530000e+003 -1.6782200e-001
  2.3532000e+003 -1.6016900e-001
  2.3534000e+003 -1.3520700e-001
  2.3536000e+003 -1.0747900e-001
  2.3538000e+003 -8.7285000e-002
  2.3540000e+003 -7.7342000e-002
  2.3542000e+003 -7.2669000e-002
  2.3544000e+003 -6.7400000e-002
  2.3546000e+003 -6.0653000e-002
  2.3548000e+003 -5.8960000e-002
  2.3550000e+003 -6.8426000e-002
  2.3552000e+003 -8.9073000e-002
  2.3554000e+003 -1.1320100e-001
  2.3556000e+003 -1.3120100e-001
  2.3558000e+003 -1.3680400e-001
  2.3560000e+003 -1.2621800e-001
  2.3562000e+003 -9.6774000e-002
  2.3564000e+003 -4.7421000e-002
  2.3566000e+003  1.9669000e-002
  2.3568000e+003  9.8538000e-002
  2.3570000e+003  1.7940900e-001
  2.3572000e+003  2.5346200e-001
  2.3574000e+003  3.1361500e-001
  2.3576000e+003  3.5405100e-001
  2.3578000e+003  3.7021600e-001
  2.3580000e+003  3.5815200e-001
  2.3582000e+003  3.1561800e-001
  2.3584000e+003  2.4549900e-001
  2.3586000e+003  1.5559100e-001
  2.3588000e+003  5.2738000e-002
  2.3590000e+003 -6.1106000e-002
  2.3592000e+003 -1.8298600e-001
  2.3594000e+003 -2.9783200e-001
  2.3596000e+003 -3.7753500e-001
  2.3598000e+003 -3.9551200e-001
  2.3600000e+003 -3.4587300e-001
  2.3602000e+003 -2.4530800e-001
  2.3604000e+003 -1.1842200e-001
  2.3606000e+003  1.3136000e-002
  2.3608000e+003  1.2993800e-001
  2.3610000e+003  2.0782900e-001
  2.3612000e+003  2.2485200e-001
  2.3614000e+003  1.7762100e-001
  2.3616000e+003  8.9788000e-002
  2.3618000e+003  3.7430000e-003
  2.3620000e+003 -4.3582000e-002
  2.3622000e+003 -3.4594000e-002
  2.3624000e+003  2.3460000e-002
  2.3626000e+003  1.0907600e-001
  2.3628000e+003  1.9636100e-001
  2.3630000e+003  2.6500200e-001
  2.3632000e+003  3.0255300e-001
  2.3634000e+003  3.0233800e-001
  2.3636000e+003  2.6466800e-001
  2.3638000e+003  1.9941300e-001
  2.3640000e+003  1.2824500e-001
  2.3642000e+003  8.1849000e-002
  2.3644000e+003  8.4805000e-002
  2.3646000e+003  1.4371800e-001
  2.3648000e+003  2.4003900e-001
  2.3650000e+003  3.4019900e-001
  2.3652000e+003  4.1174800e-001
  2.3654000e+003  4.4240900e-001
  2.3656000e+003  4.3909500e-001
  2.3658000e+003  4.1995000e-001
  2.3660000e+003  3.9811100e-001
  2.3662000e+003  3.7410200e-001
  2.3664000e+003  3.3853000e-001
  2.3666000e+003  2.8121400e-001
  2.3668000e+003  1.9731500e-001
  2.3670000e+003  8.9764000e-002
  2.3672000e+003 -3.4666000e-002
  2.3674000e+003 -1.6834700e-001
  2.3676000e+003 -3.0169400e-001
  2.3678000e+003 -4.2016500e-001
  2.3680000e+003 -5.0368300e-001
  2.3682000e+003 -5.3069500e-001
  2.3684000e+003 -4.8933000e-001
  2.3686000e+003 -3.8406800e-001
  2.3688000e+003 -2.3930000e-001
  2.3690000e+003 -8.6975000e-002
  2.3692000e+003  4.3249000e-002
  2.3694000e+003  1.3422900e-001
  2.3696000e+003  1.8379600e-001
  2.3698000e+003  1.9843500e-001
  2.3700000e+003  1.8677700e-001
  2.3702000e+003  1.5521000e-001
  2.3704000e+003  1.0769300e-001
  2.3706000e+003  4.9400000e-002
  2.3708000e+003 -9.1790000e-003
  2.3710000e+003 -5.1903000e-002
  2.3712000e+003 -6.1607000e-002
  2.3714000e+003 -3.0422000e-002
  2.3716000e+003  3.5405000e-002
  2.3718000e+003  1.1575200e-001
  2.3720000e+003  1.8630000e-001
  2.3722000e+003  2.2830900e-001
  2.3724000e+003  2.3677300e-001
  2.3726000e+003  2.1824800e-001
  2.3728000e+003  1.8472600e-001
  2.3730000e+003  1.4483900e-001
  2.3732000e+003  1.0094600e-001
  2.3734000e+003  5.2690000e-002
  2.3736000e+003  1.9070000e-003
  2.3738000e+003 -4.5609000e-002
  2.3740000e+003 -8.1491000e-002
  2.3742000e+003 -9.8466000e-002
  2.3744000e+003 -9.3030000e-002
  2.3746000e+003 -6.7591000e-002
  2.3748000e+003 -2.9873000e-002
  2.3750000e+003  9.4650000e-003
  2.3752000e+003  4.0221000e-002
  2.3754000e+003  5.7196000e-002
  2.3756000e+003  6.0606000e-002
  2.3758000e+003  5.4907000e-002
  2.3760000e+003  4.4631000e-002
  2.3762000e+003  3.3545000e-002
  2.3764000e+003  2.5296000e-002
  2.3766000e+003  2.4294000e-002
  2.3768000e+003  3.5691000e-002
  2.3770000e+003  6.1583000e-002
  2.3772000e+003  9.5725000e-002
  2.3774000e+003  1.2273700e-001
  2.3776000e+003  1.2285700e-001
  2.3778000e+003  8.3565000e-002
  2.3780000e+003  7.7960000e-003
  2.3782000e+003 -8.3327000e-002
  2.3784000e+003 -1.6107500e-001
  2.3786000e+003 -2.0141600e-001
  2.3788000e+003 -1.9783900e-001
  2.3790000e+003 -1.6126600e-001
  2.3792000e+003 -1.1229500e-001
  2.3794000e+003 -7.0095000e-002
  2.3796000e+003 -4.4488000e-002
  2.3798000e+003 -3.6430000e-002
  2.3800000e+003 -4.1365000e-002
  2.3802000e+003 -5.3954000e-002
  2.3804000e+003 -6.9284000e-002
  2.3806000e+003 -8.3756000e-002
  2.3808000e+003 -9.4866000e-002
  2.3810000e+003 -1.0197100e-001
  2.3812000e+003 -1.0647700e-001
  2.3814000e+003 -1.0950500e-001
  2.3816000e+003 -1.0864700e-001
  2.3818000e+003 -9.7870000e-002
  2.3820000e+003 -7.2646000e-002
  2.3822000e+003 -3.5548000e-002
  2.3824000e+003  1.0010000e-003
  2.3826000e+003  1.9907000e-002
  2.3828000e+003  9.0120000e-003
  2.3830000e+003 -2.9683000e-002
  2.3832000e+003 -8.1205000e-002
  2.3834000e+003 -1.2319000e-001
  2.3836000e+003 -1.3957000e-001
  2.3838000e+003 -1.2652800e-001
  2.3840000e+003 -9.3102000e-002
  2.3842000e+003 -5.2881000e-002
  2.3844000e+003 -1.7571000e-002
  2.3846000e+003  6.6990000e-003
  2.3848000e+003  1.9121000e-002
  2.3850000e+003  2.0909000e-002
  2.3852000e+003  1.3804000e-002
  2.3854000e+003  6.4300000e-004
  2.3856000e+003 -1.4114000e-002
  2.3858000e+003 -2.4485000e-002
  2.3860000e+003 -2.5987000e-002
  2.3862000e+003 -1.7881000e-002
  2.3864000e+003 -3.8380000e-003
  2.3866000e+003  1.0180000e-002
  2.3868000e+003  1.9288000e-002
  2.3870000e+003  2.3412000e-002
  2.3872000e+003  2.7012000e-002
  2.3874000e+003  3.6168000e-002
  2.3876000e+003  5.5718000e-002
  2.3878000e+003  8.5067000e-002
  2.3880000e+003  1.1847000e-001
  2.3882000e+003  1.4662700e-001
  2.3884000e+003  1.6121800e-001
  2.3886000e+003  1.5797600e-001
  2.3888000e+003  1.3856800e-001
  2.3890000e+003  1.0840800e-001
  2.3892000e+003  7.2169000e-002
  2.3894000e+003  2.9993000e-002
  2.3896000e+003 -2.0623000e-002
  2.3898000e+003 -8.0156000e-002
  2.3900000e+003 -1.4140600e-001
  2.3902000e+003 -1.8880300e-001
  2.3904000e+003 -2.0363300e-001
  2.3906000e+003 -1.7538000e-001
  2.3908000e+003 -1.0788400e-001
  2.3910000e+003 -2.0575000e-002
  2.3912000e+003  6.2227000e-002
  2.3914000e+003  1.2209400e-001
  2.3916000e+003  1.5380300e-001
  2.3918000e+003  1.6479400e-001
  2.3920000e+003  1.6674900e-001
  2.3922000e+003  1.6875200e-001
  2.3924000e+003  1.7223300e-001
  2.3926000e+003  1.7325800e-001
  2.3928000e+003  1.6658300e-001
  2.3930000e+003  1.4989300e-001
  2.3932000e+003  1.2414400e-001
  2.3934000e+003  9.3364000e-002
  2.3936000e+003  6.1988000e-002
  2.3938000e+003  3.4070000e-002
  2.3940000e+003  1.2397000e-002
  2.3942000e+003 -2.0980000e-003
  2.3944000e+003 -9.7510000e-003
  2.3946000e+003 -1.2516000e-002
  2.3948000e+003 -1.2755000e-002
  2.3950000e+003 -1.2993000e-002
  2.3952000e+003 -1.6188000e-002
  2.3954000e+003 -2.5963000e-002
  2.3956000e+003 -4.4631000e-002
  2.3958000e+003 -7.1740000e-002
  2.3960000e+003 -1.0128000e-001
  2.3962000e+003 -1.2230800e-001
  2.3964000e+003 -1.2412000e-001
  2.3966000e+003 -1.0251900e-001
  2.3968000e+003 -6.2966000e-002
  2.3970000e+003 -1.8262000e-002
  2.3972000e+003  1.9717000e-002
  2.3974000e+003  4.5943000e-002
  2.3976000e+003  6.5088000e-002
  2.3978000e+003  8.5830000e-002
  2.3980000e+003  1.1310500e-001
  2.3982000e+003  1.4257400e-001
  2.3984000e+003  1.6264900e-001
  2.3986000e+003  1.6071700e-001
  2.3988000e+003  1.3208300e-001
  2.3990000e+003  8.2302000e-002
  2.3992000e+003  2.5534000e-002
  2.3994000e+003 -2.3484000e-002
  2.3996000e+003 -5.5336000e-002
  2.3998000e+003 -6.9403000e-002
  2.4000000e+003 -7.2503000e-002
