  6.0000000e+002  2.6042400e-001
  6.0020000e+002  2.1262100e-001
  6.0040000e+002  1.5065600e-001
  6.0060000e+002  9.9253000e-002
  6.0080000e+002  6.8068000e-002
  6.0100000e+002  5.2142000e-002
  6.0120000e+002  3.9863000e-002
  6.0140000e+002  2.4104000e-002
  6.0160000e+002  2.7170000e-003
  6.0180000e+002 -2.5415000e-002
  6.0200000e+002 -6.2012000e-002
  6.0220000e+002 -1.0588100e-001
  6.0240000e+002 -1.4727100e-001
  6.0260000e+002 -1.6994400e-001
  6.0280000e+002 -1.5928700e-001
  6.0300000e+002 -1.1477400e-001
  6.0320000e+002 -5.4430000e-002
  6.0340000e+002 -6.7940000e-003
  6.0360000e+002  3.6470000e-003
  6.0380000e+002 -2.9373000e-002
  6.0400000e+002 -9.5391000e-002
  6.0420000e+002 -1.7490300e-001
  6.0440000e+002 -2.4964800e-001
  6.0460000e+002 -3.0508000e-001
  6.0480000e+002 -3.3087700e-001
  6.0500000e+002 -3.2427300e-001
  6.0520000e+002 -2.9246800e-001
  6.0540000e+002 -2.5148300e-001
  6.0560000e+002 -2.1867700e-001
  6.0580000e+002 -2.0451500e-001
  6.0600000e+002 -2.0446700e-001
  6.0620000e+002 -2.0203500e-001
  6.0640000e+002 -1.7712100e-001
  6.0660000e+002 -1.1808800e-001
  6.0680000e+002 -2.6774000e-002
  6.0700000e+002  8.2087000e-002
  6.0720000e+002  1.8713400e-001
  6.0740000e+002  2.6547900e-001
  6.0760000e+002  2.9726000e-001
  6.0780000e+002  2.7554000e-001
  6.0800000e+002  2.1142900e-001
  6.0820000e+002  1.3420500e-001
  6.0840000e+002  7.3981000e-002
  6.0860000e+002  4.7373000e-002
  6.0880000e+002  4.8327000e-002
  6.0900000e+002  5.4645000e-002
  6.0920000e+002  4.5156000e-002
  6.0940000e+002  1.5759000e-002
  6.0960000e+002 -1.7547000e-002
  6.0980000e+002 -2.9635000e-002
  6.1000000e+002 -3.5040000e-003
  6.1020000e+002  5.5408000e-002
  6.1040000e+002  1.2199800e-001
  6.1060000e+002  1.6353100e-001
  6.1080000e+002  1.5926300e-001
  6.1100000e+002  1.0902800e-001
  6.1120000e+002  3.6048000e-002
  6.1140000e+002 -2.6059000e-002
  6.1160000e+002 -4.9138000e-002
  6.1180000e+002 -2.7036000e-002
  6.1200000e+002  2.3126000e-002
  6.1220000e+002  6.8688000e-002
  6.1240000e+002  8.0323000e-002
  6.1260000e+002  4.9138000e-002
  6.1280000e+002 -1.1110000e-002
  6.1300000e+002 -7.1239000e-002
  6.1320000e+002 -1.0392600e-001
  6.1340000e+002 -9.5200000e-002
  6.1360000e+002 -5.1856000e-002
  6.1380000e+002  6.5320000e-003
  6.1400000e+002  5.7625000e-002
  6.1420000e+002  8.7428000e-002
  6.1440000e+002  9.3340000e-002
  6.1460000e+002  8.3160000e-002
  6.1480000e+002  7.0881000e-002
  6.1500000e+002  7.2336000e-002
  6.1520000e+002  1.0461800e-001
  6.1540000e+002  1.7771700e-001
  6.1560000e+002  2.8617300e-001
  6.1580000e+002  4.0307000e-001
  6.1600000e+002  4.8933000e-001
  6.1620000e+002  5.1181300e-001
  6.1640000e+002  4.6036200e-001
  6.1660000e+002  3.5552900e-001
  6.1680000e+002  2.3758400e-001
  6.1700000e+002  1.5008400e-001
  6.1720000e+002  1.1818400e-001
  6.1740000e+002  1.4355100e-001
  6.1760000e+002  2.0475300e-001
  6.1780000e+002  2.6915000e-001
  6.1800000e+002  3.0350600e-001
  6.1820000e+002  2.8355100e-001
  6.1840000e+002  2.0451500e-001
  6.1860000e+002  8.3923000e-002
  6.1880000e+002 -4.1151000e-002
  6.1900000e+002 -1.3260800e-001
  6.1920000e+002 -1.6593900e-001
  6.1940000e+002 -1.4047600e-001
  6.1960000e+002 -7.5006000e-002
  6.1980000e+002  3.6000000e-003
  6.2000000e+002  7.4648000e-002
  6.2020000e+002  1.2874600e-001
  6.2040000e+002  1.6455600e-001
  6.2060000e+002  1.8401100e-001
  6.2080000e+002  1.8846900e-001
  6.2100000e+002  1.7955300e-001
  6.2120000e+002  1.6276800e-001
  6.2140000e+002  1.4619800e-001
  6.2160000e+002  1.3701900e-001
  6.2180000e+002  1.4023700e-001
  6.2200000e+002  1.5850000e-001
  6.2220000e+002  1.9145000e-001
  6.2240000e+002  2.3307800e-001
  6.2260000e+002  2.7122400e-001
  6.2280000e+002  2.8944000e-001
  6.2300000e+002  2.7546800e-001
  6.2320000e+002  2.2802300e-001
  6.2340000e+002  1.5873900e-001
  6.2360000e+002  8.8381000e-002
  6.2380000e+002  3.7860000e-002
  6.2400000e+002  1.9311000e-002
  6.2420000e+002  2.8562000e-002
  6.2440000e+002  4.8422000e-002
  6.2460000e+002  5.6505000e-002
  6.2480000e+002  3.8647000e-002
  6.2500000e+002 -4.8390000e-003
  6.2520000e+002 -5.8889000e-002
  6.2540000e+002 -1.0418800e-001
  6.2560000e+002 -1.2800600e-001
  6.2580000e+002 -1.3036700e-001
  6.2600000e+002 -1.2073500e-001
  6.2620000e+002 -1.0778900e-001
  6.2640000e+002 -9.1576000e-002
  6.2660000e+002 -6.4897000e-002
  6.2680000e+002 -2.1886000e-002
  6.2700000e+002  3.4022000e-002
  6.2720000e+002  9.2673000e-002
  6.2740000e+002  1.4445700e-001
  6.2760000e+002  1.8658600e-001
  6.2780000e+002  2.2325500e-001
  6.2800000e+002  2.5939900e-001
  6.2820000e+002  2.9480400e-001
  6.2840000e+002  3.2229400e-001
  6.2860000e+002  3.3142500e-001
  6.2880000e+002  3.1676200e-001
  6.2900000e+002  2.8409900e-001
  6.2920000e+002  2.5000500e-001
  6.2940000e+002  2.3491300e-001
  6.2960000e+002  2.5177000e-001
  6.2980000e+002  2.9852300e-001
  6.3000000e+002  3.5598200e-001
  6.3020000e+002  3.9732400e-001
  6.3040000e+002  3.9851600e-001
  6.3060000e+002  3.5269200e-001
  6.3080000e+002  2.7089100e-001
  6.3100000e+002  1.7576200e-001
  6.3120000e+002  8.8524000e-002
  6.3140000e+002  2.1195000e-002
  6.3160000e+002 -2.2983000e-002
  6.3180000e+002 -4.4655000e-002
  6.3200000e+002 -4.5108000e-002
  6.3220000e+002 -2.7465000e-002
  6.3240000e+002  1.6210000e-003
  6.3260000e+002  3.1685000e-002
  6.3280000e+002  4.9781000e-002
  6.3300000e+002  4.7540000e-002
  6.3320000e+002  2.4199000e-002
  6.3340000e+002 -1.2397000e-002
  6.3360000e+002 -5.0806000e-002
  6.3380000e+002 -8.1372000e-002
  6.3400000e+002 -9.9897000e-002
  6.3420000e+002 -1.0759800e-001
  6.3440000e+002 -1.0662000e-001
  6.3460000e+002 -9.5152000e-002
  6.3480000e+002 -6.6828000e-002
  6.3500000e+002 -1.4591000e-002
  6.3520000e+002  6.2036000e-002
  6.3540000e+002  1.4727100e-001
  6.3560000e+002  2.1214400e-001
  6.3580000e+002  2.2730800e-001
  6.3600000e+002  1.8200800e-001
  6.3620000e+002  9.0336000e-002
  6.3640000e+002 -1.4829000e-002
  6.3660000e+002 -1.0128000e-001
  6.3680000e+002 -1.4972600e-001
  6.3700000e+002 -1.6095600e-001
  6.3720000e+002 -1.4872500e-001
  6.3740000e+002 -1.2896000e-001
  6.3760000e+002 -1.1067300e-001
  6.3780000e+002 -9.1147000e-002
  6.3800000e+002 -5.8627000e-002
  6.3820000e+002 -9.5000000e-005
  6.3840000e+002  8.9097000e-002
  6.3860000e+002  1.9829200e-001
  6.3880000e+002  3.0086000e-001
  6.3900000e+002  3.6675900e-001
  6.3920000e+002  3.7798800e-001
  6.3940000e+002  3.4384700e-001
  6.3960000e+002  2.9566200e-001
  6.3980000e+002  2.7098600e-001
  6.4000000e+002  2.8686500e-001
  6.4020000e+002  3.2989900e-001
  6.4040000e+002  3.6318300e-001
  6.4060000e+002  3.5345500e-001
  6.4080000e+002  2.9106100e-001
  6.4100000e+002  1.9721900e-001
  6.4120000e+002  1.0752600e-001
  6.4140000e+002  4.9018000e-002
  6.4160000e+002  2.8347000e-002
  6.4180000e+002  3.4999000e-002
  6.4200000e+002  5.5456000e-002
  6.4220000e+002  8.5639000e-002
  6.4240000e+002  1.2950800e-001
  6.4260000e+002  1.8966100e-001
  6.4280000e+002  2.5777800e-001
  6.4300000e+002  3.1695300e-001
  6.4320000e+002  3.5123800e-001
  6.4340000e+002  3.5634000e-001
  6.4360000e+002  3.4074700e-001
  6.4380000e+002  3.1893200e-001
  6.4400000e+002  3.0305300e-001
  6.4420000e+002  2.9804700e-001
  6.4440000e+002  3.0298200e-001
  6.4460000e+002  3.1204200e-001
  6.4480000e+002  3.1676200e-001
  6.4500000e+002  3.0605700e-001
  6.4520000e+002  2.7101000e-001
  6.4540000e+002  2.1331300e-001
  6.4560000e+002  1.5058500e-001
  6.4580000e+002  1.1422600e-001
  6.4600000e+002  1.3246500e-001
  6.4620000e+002  2.1417100e-001
  6.4640000e+002  3.3743300e-001
  6.4660000e+002  4.6052900e-001
  6.4680000e+002  5.3937400e-001
  6.4700000e+002  5.4967400e-001
  6.4720000e+002  4.9505200e-001
  6.4740000e+002  4.0471500e-001
  6.4760000e+002  3.1790700e-001
  6.4780000e+002  2.6490600e-001
  6.4800000e+002  2.5515500e-001
  6.4820000e+002  2.7604100e-001
  6.4840000e+002  3.0460300e-001
  6.4860000e+002  3.1819300e-001
  6.4880000e+002  3.0579500e-001
  6.4900000e+002  2.6865000e-001
  6.4920000e+002  2.1815200e-001
  6.4940000e+002  1.7075500e-001
  6.4960000e+002  1.4483900e-001
  6.4980000e+002  1.5625900e-001
  6.5000000e+002  2.1097600e-001
  6.5020000e+002  3.0193300e-001
  6.5040000e+002  4.0712300e-001
  6.5060000e+002  4.9841400e-001
  6.5080000e+002  5.5649200e-001
  6.5100000e+002  5.8143100e-001
  6.5120000e+002  5.8810700e-001
  6.5140000e+002  5.9211200e-001
  6.5160000e+002  5.9788200e-001
  6.5180000e+002  5.9773900e-001
  6.5200000e+002  5.8310000e-001
  6.5220000e+002  5.5589600e-001
  6.5240000e+002  5.3055200e-001
  6.5260000e+002  5.2769100e-001
  6.5280000e+002  5.6405000e-001
  6.5300000e+002  6.4177500e-001
  6.5320000e+002  7.4517700e-001
  6.5340000e+002  8.4397700e-001
  6.5360000e+002  9.0808800e-001
  6.5380000e+002  9.1943700e-001
  6.5400000e+002  8.8241100e-001
  6.5420000e+002  8.2077900e-001
  6.5440000e+002  7.6735000e-001
  6.5460000e+002  7.4627300e-001
  6.5480000e+002  7.6236700e-001
  6.5500000e+002  8.0099100e-001
  6.5520000e+002  8.3668200e-001
  6.5540000e+002  8.4946100e-001
  6.5560000e+002  8.3332000e-001
  6.5580000e+002  7.9731900e-001
  6.5600000e+002  7.5600100e-001
  6.5620000e+002  7.1957100e-001
  6.5640000e+002  6.9024500e-001
  6.5660000e+002  6.6711900e-001
  6.5680000e+002  6.5236000e-001
  6.5700000e+002  6.5090600e-001
  6.5720000e+002  6.6444800e-001
  6.5740000e+002  6.8821900e-001
  6.5760000e+002  7.1594700e-001
  6.5780000e+002  7.4770400e-001
  6.5800000e+002  7.9307500e-001
  6.5820000e+002  8.6498200e-001
  6.5840000e+002  9.7119800e-001
  6.5860000e+002  1.1059520e+000
  6.5880000e+002  1.2535570e+000
  6.5900000e+002  1.3942480e+000
  6.5920000e+002  1.5130750e+000
  6.5940000e+002  1.6044130e+000
  6.5960000e+002  1.6692390e+000
  6.5980000e+002  1.7139190e+000
  6.6000000e+002  1.7460100e+000
  6.6020000e+002  1.7767420e+000
  6.6040000e+002  1.8180840e+000
  6.6060000e+002  1.8774030e+000
  6.6080000e+002  1.9559860e+000
  6.6100000e+002  2.0449390e+000
  6.6120000e+002  2.1331070e+000
  6.6140000e+002  2.2106170e+000
  6.6160000e+002  2.2757760e+000
  6.6180000e+002  2.3360960e+000
  6.6200000e+002  2.4030920e+000
  6.6220000e+002  2.4881120e+000
  6.6240000e+002  2.5935640e+000
  6.6260000e+002  2.7137750e+000
  6.6280000e+002  2.8377530e+000
  6.6300000e+002  2.9555320e+000
  6.6320000e+002  3.0642740e+000
  6.6340000e+002  3.1686300e+000
  6.6360000e+002  3.2799950e+000
  6.6380000e+002  3.4099340e+000
  6.6400000e+002  3.5665030e+000
  6.6420000e+002  3.7526360e+000
  6.6440000e+002  3.9613240e+000
  6.6460000e+002  4.1938540e+000
  6.6480000e+002  4.4432640e+000
  6.6500000e+002  4.6977990e+000
  6.6520000e+002  4.9518340e+000
  6.6540000e+002  5.2107570e+000
  6.6560000e+002  5.4932110e+000
  6.6580000e+002  5.7954780e+000
  6.6600000e+002  6.0981750e+000
  6.6620000e+002  6.3841810e+000
  6.6640000e+002  6.6607950e+000
  6.6660000e+002  6.9487090e+000
  6.6680000e+002  7.2298520e+000
  6.6700000e+002  7.4646470e+000
  6.6720000e+002  7.6475850e+000
  6.6740000e+002  7.8870770e+000
  6.6760000e+002  8.3760730e+000
  6.6780000e+002  9.2752930e+000
  6.6800000e+002  1.0586142e+001
  6.6820000e+002  1.2082338e+001
  6.6840000e+002  1.3426566e+001
  6.6860000e+002  1.4364910e+001
  6.6880000e+002  1.4892888e+001
  6.6900000e+002  1.5235543e+001
  6.6920000e+002  1.5650439e+001
  6.6940000e+002  1.6262698e+001
  6.6960000e+002  1.7050051e+001
  6.6980000e+002  1.7949008e+001
  6.7000000e+002  1.8950676e+001
  6.7020000e+002  2.0063996e+001
  6.7040000e+002  2.1279144e+001
  6.7060000e+002  2.2559404e+001
  6.7080000e+002  2.3903036e+001
  6.7100000e+002  2.5348615e+001
  6.7120000e+002  2.6922035e+001
  6.7140000e+002  2.8610181e+001
  6.7160000e+002  3.0344986e+001
  6.7180000e+002  3.2067465e+001
  6.7200000e+002  3.3751726e+001
  6.7220000e+002  3.5424184e+001
  6.7240000e+002  3.7151432e+001
  6.7260000e+002  3.9011025e+001
  6.7280000e+002  4.1050052e+001
  6.7300000e+002  4.3246841e+001
  6.7320000e+002  4.5512819e+001
  6.7340000e+002  4.7743868e+001
  6.7360000e+002  4.9874520e+001
  6.7380000e+002  5.1917457e+001
  6.7400000e+002  5.3952670e+001
  6.7420000e+002  5.6066012e+001
  6.7440000e+002  5.8289551e+001
  6.7460000e+002  6.0564064e+001
  6.7480000e+002  6.2766647e+001
  6.7500000e+002  6.4781379e+001
  6.7520000e+002  6.6561651e+001
  6.7540000e+002  6.8161106e+001
  6.7560000e+002  6.9697809e+001
  6.7580000e+002  7.1268582e+001
  6.7600000e+002  7.2905969e+001
  6.7620000e+002  7.4533581e+001
  6.7640000e+002  7.6041316e+001
  6.7660000e+002  7.7327942e+001
  6.7680000e+002  7.8373432e+001
  6.7700000e+002  7.9244542e+001
  6.7720000e+002  8.0032730e+001
  6.7740000e+002  8.0827045e+001
  6.7760000e+002  8.1632757e+001
  6.7780000e+002  8.2405304e+001
  6.7800000e+002  8.3074140e+001
  6.7820000e+002  8.3586907e+001
  6.7840000e+002  8.3954524e+001
  6.7860000e+002  8.4206461e+001
  6.7880000e+002  8.4398794e+001
  6.7900000e+002  8.4557318e+001
  6.7920000e+002  8.4677290e+001
  6.7940000e+002  8.4751939e+001
  6.7960000e+002  8.4758830e+001
  6.7980000e+002  8.4711694e+001
  6.8000000e+002  8.4611034e+001
  6.8020000e+002  8.4458971e+001
  6.8040000e+002  8.4241318e+001
  6.8060000e+002  8.3920907e+001
  6.8080000e+002  8.3492898e+001
  6.8100000e+002  8.2959938e+001
  6.8120000e+002  8.2363653e+001
  6.8140000e+002  8.1744861e+001
  6.8160000e+002  8.1114649e+001
  6.8180000e+002  8.0455851e+001
  6.8200000e+002  7.9692935e+001
  6.8220000e+002  7.8765940e+001
  6.8240000e+002  7.7630710e+001
  6.8260000e+002  7.6303935e+001
  6.8280000e+002  7.4858140e+001
  6.8300000e+002  7.3366618e+001
  6.8320000e+002  7.1878361e+001
  6.8340000e+002  7.0359063e+001
  6.8360000e+002  6.8734836e+001
  6.8380000e+002  6.6932225e+001
  6.8400000e+002  6.4939856e+001
  6.8420000e+002  6.2834024e+001
  6.8440000e+002  6.0734152e+001
  6.8460000e+002  5.8743023e+001
  6.8480000e+002  5.6881499e+001
  6.8500000e+002  5.5062985e+001
  6.8520000e+002  5.3150606e+001
  6.8540000e+002  5.1027631e+001
  6.8560000e+002  4.8692226e+001
  6.8580000e+002  4.6259427e+001
  6.8600000e+002  4.3903732e+001
  6.8620000e+002  4.1760730e+001
  6.8640000e+002  3.9856624e+001
  6.8660000e+002  3.8115072e+001
  6.8680000e+002  3.6419486e+001
  6.8700000e+002  3.4679341e+001
  6.8720000e+002  3.2872319e+001
  6.8740000e+002  3.1047463e+001
  6.8760000e+002  2.9280853e+001
  6.8780000e+002  2.7643752e+001
  6.8800000e+002  2.6144909e+001
  6.8820000e+002  2.4751377e+001
  6.8840000e+002  2.3398232e+001
  6.8860000e+002  2.2039031e+001
  6.8880000e+002  2.0679259e+001
  6.8900000e+002  1.9361042e+001
  6.8920000e+002  1.8155407e+001
  6.8940000e+002  1.7105603e+001
  6.8960000e+002  1.6214966e+001
  6.8980000e+002  1.5439081e+001
  6.9000000e+002  1.4701437e+001
  6.9020000e+002  1.3945412e+001
  6.9040000e+002  1.3140153e+001
  6.9060000e+002  1.2304401e+001
  6.9080000e+002  1.1485886e+001
  6.9100000e+002  1.0731649e+001
  6.9120000e+002  1.0078048e+001
  6.9140000e+002  9.5203630e+000
  6.9160000e+002  9.0398550e+000
  6.9180000e+002  8.5991850e+000
  6.9200000e+002  8.1655500e+000
  6.9220000e+002  7.7274320e+000
  6.9240000e+002  7.2852610e+000
  6.9260000e+002  6.8608760e+000
  6.9280000e+002  6.4661020e+000
  6.9300000e+002  6.1063050e+000
  6.9320000e+002  5.7739970e+000
  6.9340000e+002  5.4573050e+000
  6.9360000e+002  5.1584950e+000
  6.9380000e+002  4.8868890e+000
  6.9400000e+002  4.6598190e+000
  6.9420000e+002  4.4852490e+000
  6.9440000e+002  4.3546430e+000
  6.9460000e+002  4.2469260e+000
  6.9480000e+002  4.1312450e+000
  6.9500000e+002  3.9904110e+000
  6.9520000e+002  3.8194410e+000
  6.9540000e+002  3.6293500e+000
  6.9560000e+002  3.4371130e+000
  6.9580000e+002  3.2530060e+000
  6.9600000e+002  3.0817270e+000
  6.9620000e+002  2.9184340e+000
  6.9640000e+002  2.7592650e+000
  6.9660000e+002  2.6013130e+000
  6.9680000e+002  2.4443380e+000
  6.9700000e+002  2.2917030e+000
  6.9720000e+002  2.1469590e+000
  6.9740000e+002  2.0169250e+000
  6.9760000e+002  1.9069910e+000
  6.9780000e+002  1.8203020e+000
  6.9800000e+002  1.7546170e+000
  6.9820000e+002  1.7015930e+000
  6.9840000e+002  1.6520500e+000
  6.9860000e+002  1.5998840e+000
  6.9880000e+002  1.5452380e+000
  6.9900000e+002  1.4926430e+000
  6.9920000e+002  1.4455790e+000
  6.9940000e+002  1.4037840e+000
  6.9960000e+002  1.3623950e+000
  6.9980000e+002  1.3179300e+000
  7.0000000e+002  1.2698650e+000
  7.0020000e+002  1.2217280e+000
  7.0040000e+002  1.1780500e+000
  7.0060000e+002  1.1402130e+000
  7.0080000e+002  1.1065240e+000
  7.0100000e+002  1.0726690e+000
  7.0120000e+002  1.0366430e+000
  7.0140000e+002  1.0007140e+000
  7.0160000e+002  9.6926600e-001
  7.0180000e+002  9.4618700e-001
  7.0200000e+002  9.2916400e-001
  7.0220000e+002  9.1102100e-001
  7.0240000e+002  8.8200500e-001
  7.0260000e+002  8.3479800e-001
  7.0280000e+002  7.6875600e-001
  7.0300000e+002  6.9031700e-001
  7.0320000e+002  6.1028000e-001
  7.0340000e+002  5.3913500e-001
  7.0360000e+002  4.8520500e-001
  7.0380000e+002  4.5342400e-001
  7.0400000e+002  4.4593800e-001
  7.0420000e+002  4.6231700e-001
  7.0440000e+002  4.9722100e-001
  7.0460000e+002  5.4175800e-001
  7.0480000e+002  5.8529300e-001
  7.0500000e+002  6.2060300e-001
  7.0520000e+002  6.4585200e-001
  7.0540000e+002  6.6332800e-001
  7.0560000e+002  6.7429500e-001
  7.0580000e+002  6.7439000e-001
  7.0600000e+002  6.5374300e-001
  7.0620000e+002  6.0505800e-001
  7.0640000e+002  5.3112500e-001
  7.0660000e+002  4.4867900e-001
  7.0680000e+002  3.8137400e-001
  7.0700000e+002  3.4887700e-001
  7.0720000e+002  3.5743700e-001
  7.0740000e+002  3.9763400e-001
  7.0760000e+002  4.5192200e-001
  7.0780000e+002  5.0146500e-001
  7.0800000e+002  5.3398600e-001
  7.0820000e+002  5.4380800e-001
  7.0840000e+002  5.3040900e-001
  7.0860000e+002  4.9643500e-001
  7.0880000e+002  4.4705800e-001
  7.0900000e+002  3.9088700e-001
  7.0920000e+002  3.3643200e-001
  7.0940000e+002  2.8901100e-001
  7.0960000e+002  2.4771600e-001
  7.0980000e+002  2.0711400e-001
  7.1000000e+002  1.6252900e-001
  7.1020000e+002  1.1568000e-001
  7.1040000e+002  7.5578000e-002
  7.1060000e+002  5.3572000e-002
  7.1080000e+002  5.5241000e-002
  7.1100000e+002  7.5697000e-002
  7.1120000e+002  1.0139900e-001
  7.1140000e+002  1.1870800e-001
  7.1160000e+002  1.2273700e-001
  7.1180000e+002  1.1975700e-001
  7.1200000e+002  1.2199800e-001
  7.1220000e+002  1.3821100e-001
  7.1240000e+002  1.6777500e-001
  7.1260000e+002  2.0062900e-001
  7.1280000e+002  2.2506700e-001
  7.1300000e+002  2.3472300e-001
  7.1320000e+002  2.3291100e-001
  7.1340000e+002  2.2795200e-001
  7.1360000e+002  2.2723600e-001
  7.1380000e+002  2.3152800e-001
  7.1400000e+002  2.3591500e-001
  7.1420000e+002  2.3436500e-001
  7.1440000e+002  2.2592500e-001
  7.1460000e+002  2.1615000e-001
  7.1480000e+002  2.1510100e-001
  7.1500000e+002  2.3131300e-001
  7.1520000e+002  2.6729100e-001
  7.1540000e+002  3.1628600e-001
  7.1560000e+002  3.6461300e-001
  7.1580000e+002  3.9594100e-001
  7.1600000e+002  3.9718100e-001
  7.1620000e+002  3.6408900e-001
  7.1640000e+002  3.0291000e-001
  7.1660000e+002  2.2971600e-001
  7.1680000e+002  1.6331600e-001
  7.1700000e+002  1.1906600e-001
  7.1720000e+002  1.0328200e-001
  7.1740000e+002  1.1162700e-001
  7.1760000e+002  1.3244100e-001
  7.1780000e+002  1.5144300e-001
  7.1800000e+002  1.5845200e-001
  7.1820000e+002  1.4991700e-001
  7.1840000e+002  1.3089100e-001
  7.1860000e+002  1.1060200e-001
  7.1880000e+002  9.6321000e-002
  7.1900000e+002  8.7785000e-002
  7.1920000e+002  7.8201000e-002
  7.1940000e+002  5.8674000e-002
  7.1960000e+002  2.6583000e-002
  7.1980000e+002 -1.0013000e-002
  7.2000000e+002 -3.5357000e-002
  7.2020000e+002 -3.6835000e-002
  7.2040000e+002 -1.3828000e-002
  7.2060000e+002  2.1195000e-002
  7.2080000e+002  5.0592000e-002
  7.2100000e+002  6.3109000e-002
  7.2120000e+002  5.8722000e-002
  7.2140000e+002  4.6443000e-002
  7.2160000e+002  3.7121000e-002
  7.2180000e+002  3.9839000e-002
  7.2200000e+002  5.8531000e-002
  7.2220000e+002  9.2577000e-002
  7.2240000e+002  1.3608900e-001
  7.2260000e+002  1.7857500e-001
  7.2280000e+002  2.0737600e-001
  7.2300000e+002  2.1340800e-001
  7.2320000e+002  1.9712400e-001
  7.2340000e+002  1.7027800e-001
  7.2360000e+002  1.5113300e-001
  7.2380000e+002  1.5242000e-001
  7.2400000e+002  1.7445000e-001
  7.2420000e+002  2.0313200e-001
  7.2440000e+002  2.1905800e-001
  7.2460000e+002  2.0771000e-001
  7.2480000e+002  1.6639200e-001
  7.2500000e+002  1.0437900e-001
  7.2520000e+002  3.7670000e-002
  7.2540000e+002 -1.8286000e-002
  7.2560000e+002 -5.3095000e-002
  7.2580000e+002 -6.0629000e-002
  7.2600000e+002 -3.6978000e-002
  7.2620000e+002  1.9359000e-002
  7.2640000e+002  1.0483200e-001
  7.2660000e+002  2.0723300e-001
  7.2680000e+002  3.0663000e-001
  7.2700000e+002  3.8115900e-001
  7.2720000e+002  4.1604000e-001
  7.2740000e+002  4.0934000e-001
  7.2760000e+002  3.7043000e-001
  7.2780000e+002  3.1387800e-001
  7.2800000e+002  2.5007700e-001
  7.2820000e+002  1.8329600e-001
  7.2840000e+002  1.1520300e-001
  7.2860000e+002  5.0902000e-002
  7.2880000e+002  1.5020000e-003
  7.2900000e+002 -2.0861000e-002
  7.2920000e+002 -1.0538000e-002
  7.2940000e+002  2.5725000e-002
  7.2960000e+002  7.0214000e-002
  7.2980000e+002  1.0266300e-001
  7.3000000e+002  1.0771700e-001
  7.3020000e+002  8.1896000e-002
  7.3040000e+002  3.3116000e-002
  7.3060000e+002 -2.3150000e-002
  7.3080000e+002 -7.1382000e-002
  7.3100000e+002 -1.0042100e-001
  7.3120000e+002 -1.0662000e-001
  7.3140000e+002 -9.3889000e-002
  7.3160000e+002 -7.0858000e-002
  7.3180000e+002 -4.8041000e-002
  7.3200000e+002 -3.2901000e-002
  7.3220000e+002 -2.7966000e-002
  7.3240000e+002 -3.0660000e-002
  7.3260000e+002 -3.4046000e-002
  7.3280000e+002 -2.9897000e-002
  7.3300000e+002 -1.1467000e-002
  7.3320000e+002  2.2816000e-002
  7.3340000e+002  6.7400000e-002
  7.3360000e+002  1.1053000e-001
  7.3380000e+002  1.4002300e-001
  7.3400000e+002  1.4746100e-001
  7.3420000e+002  1.3306100e-001
  7.3440000e+002  1.0514200e-001
  7.3460000e+002  7.5674000e-002
  7.3480000e+002  5.4407000e-002
  7.3500000e+002  4.5514000e-002
  7.3520000e+002  4.8589000e-002
  7.3540000e+002  6.1202000e-002
  7.3560000e+002  8.1753000e-002
  7.3580000e+002  1.0988700e-001
  7.3600000e+002  1.4503000e-001
  7.3620000e+002  1.8627600e-001
  7.3640000e+002  2.3179000e-001
  7.3660000e+002  2.7749500e-001
  7.3680000e+002  3.1633300e-001
  7.3700000e+002  3.3791000e-001
  7.3720000e+002  3.3073400e-001
  7.3740000e+002  2.8851000e-001
  7.3760000e+002  2.1615000e-001
  7.3780000e+002  1.3189300e-001
  7.3800000e+002  5.9461000e-002
  7.3820000e+002  1.8072000e-002
  7.3840000e+002  1.0895000e-002
  7.3860000e+002  2.6082000e-002
  7.3880000e+002  4.3702000e-002
  7.3900000e+002  4.8995000e-002
  7.3920000e+002  3.8218000e-002
  7.3940000e+002  1.7189000e-002
  7.3960000e+002 -4.4340000e-003
  7.3980000e+002 -1.9812000e-002
  7.4000000e+002 -2.5629000e-002
  7.4020000e+002 -1.9645000e-002
  7.4040000e+002  9.7700000e-004
  7.4060000e+002  3.8003000e-002
  7.4080000e+002  8.7714000e-002
  7.4100000e+002  1.3971300e-001
  7.4120000e+002  1.8026800e-001
  7.4140000e+002  2.0039000e-001
  7.4160000e+002  2.0031900e-001
  7.4180000e+002  1.9001900e-001
  7.4200000e+002  1.8026800e-001
  7.4220000e+002  1.7573800e-001
  7.4240000e+002  1.7035000e-001
  7.4260000e+002  1.5230100e-001
  7.4280000e+002  1.1277100e-001
  7.4300000e+002  5.4287000e-002
  7.4320000e+002 -9.9890000e-003
  7.4340000e+002 -6.1869000e-002
  7.4360000e+002 -8.7642000e-002
  7.4380000e+002 -8.4257000e-002
  7.4400000e+002 -5.8245000e-002
  7.4420000e+002 -2.1266000e-002
  7.4440000e+002  1.6117000e-002
  7.4460000e+002  4.6253000e-002
  7.4480000e+002  6.4539000e-002
  7.4500000e+002  6.8044000e-002
  7.4520000e+002  5.5432000e-002
  7.4540000e+002  2.9063000e-002
  7.4560000e+002 -4.1000000e-003
  7.4580000e+002 -3.3903000e-002
  7.4600000e+002 -5.1999000e-002
  7.4620000e+002 -5.5956000e-002
  7.4640000e+002 -5.0640000e-002
  7.4660000e+002 -4.5084000e-002
  7.4680000e+002 -4.6944000e-002
  7.4700000e+002 -5.7744000e-002
  7.4720000e+002 -7.1787000e-002
  7.4740000e+002 -8.0275000e-002
  7.4760000e+002 -7.6675000e-002
  7.4780000e+002 -6.1678000e-002
  7.4800000e+002 -4.2200000e-002
  7.4820000e+002 -2.6130000e-002
  7.4840000e+002 -1.6117000e-002
  7.4860000e+002 -8.6060000e-003
  7.4880000e+002  3.5280000e-003
  7.4900000e+002  2.3508000e-002
  7.4920000e+002  4.6205000e-002
  7.4940000e+002  5.9413000e-002
  7.4960000e+002  5.3119000e-002
  7.4980000e+002  2.6011000e-002
  7.5000000e+002 -1.0800000e-002
