  2.4000000e+003  1.7197100e-001
  2.4002000e+003  1.8637100e-001
  2.4004000e+003  2.0592200e-001
  2.4006000e+003  2.1708000e-001
  2.4008000e+003  2.0833000e-001
  2.4010000e+003  1.7762100e-001
  2.4012000e+003  1.3587400e-001
  2.4014000e+003  1.0311600e-001
  2.4016000e+003  9.7870000e-002
  2.4018000e+003  1.2471600e-001
  2.4020000e+003  1.7080300e-001
  2.4022000e+003  2.1135800e-001
  2.4024000e+003  2.2621100e-001
  2.4026000e+003  2.1073800e-001
  2.4028000e+003  1.8098300e-001
  2.4030000e+003  1.6136100e-001
  2.4032000e+003  1.6973000e-001
  2.4034000e+003  2.0456300e-001
  2.4036000e+003  2.4833600e-001
  2.4038000e+003  2.7828200e-001
  2.4040000e+003  2.8204900e-001
  2.4042000e+003  2.6149700e-001
  2.4044000e+003  2.2840400e-001
  2.4046000e+003  1.9497800e-001
  2.4048000e+003  1.6713100e-001
  2.4050000e+003  1.4522000e-001
  2.4052000e+003  1.2755300e-001
  2.4054000e+003  1.1327200e-001
  2.4056000e+003  1.0199500e-001
  2.4058000e+003  9.1791000e-002
  2.4060000e+003  7.9941000e-002
  2.4062000e+003  6.6375000e-002
  2.4064000e+003  5.6147000e-002
  2.4066000e+003  5.6982000e-002
  2.4068000e+003  7.4100000e-002
  2.4070000e+003  1.0442700e-001
  2.4072000e+003  1.3802000e-001
  2.4074000e+003  1.6317300e-001
  2.4076000e+003  1.7490300e-001
  2.4078000e+003  1.7626200e-001
  2.4080000e+003  1.7516600e-001
  2.4082000e+003  1.7650100e-001
  2.4084000e+003  1.7795500e-001
  2.4086000e+003  1.7087400e-001
  2.4088000e+003  1.4891600e-001
  2.4090000e+003  1.1336800e-001
  2.4092000e+003  7.5531000e-002
  2.4094000e+003  5.0282000e-002
  2.4096000e+003  4.8518000e-002
  2.4098000e+003  7.0691000e-002
  2.4100000e+003  1.0821800e-001
  2.4102000e+003  1.4815300e-001
  2.4104000e+003  1.7979100e-001
  2.4106000e+003  1.9872100e-001
  2.4108000e+003  2.0594500e-001
  2.4110000e+003  2.0592200e-001
  2.4112000e+003  2.0296500e-001
  2.4114000e+003  2.0024700e-001
  2.4116000e+003  1.9958000e-001
  2.4118000e+003  2.0189200e-001
  2.4120000e+003  2.0773400e-001
  2.4122000e+003  2.1710300e-001
  2.4124000e+003  2.2888100e-001
  2.4126000e+003  2.4018200e-001
  2.4128000e+003  2.4685800e-001
  2.4130000e+003  2.4523700e-001
  2.4132000e+003  2.3446000e-001
  2.4134000e+003  2.1843900e-001
  2.4136000e+003  2.0465800e-001
  2.4138000e+003  2.0027100e-001
  2.4140000e+003  2.0644600e-001
  2.4142000e+003  2.1758000e-001
  2.4144000e+003  2.2461400e-001
  2.4146000e+003  2.2127600e-001
  2.4148000e+003  2.0751900e-001
  2.4150000e+003  1.8928000e-001
  2.4152000e+003  1.7340100e-001
  2.4154000e+003  1.6326900e-001
  2.4156000e+003  1.5709400e-001
  2.4158000e+003  1.5196800e-001
  2.4160000e+003  1.4719900e-001
  2.4162000e+003  1.4688900e-001
  2.4164000e+003  1.5635400e-001
  2.4166000e+003  1.7750200e-001
  2.4168000e+003  2.0530200e-001
  2.4170000e+003  2.2974000e-001
  2.4172000e+003  2.4032500e-001
  2.4174000e+003  2.3248100e-001
  2.4176000e+003  2.1090500e-001
  2.4178000e+003  1.8682400e-001
  2.4180000e+003  1.7263800e-001
  2.4182000e+003  1.7349700e-001
  2.4184000e+003  1.8455900e-001
  2.4186000e+003  1.9223600e-001
  2.4188000e+003  1.8289000e-001
  2.4190000e+003  1.4965500e-001
  2.4192000e+003  9.7370000e-002
  2.4194000e+003  3.9649000e-002
  2.4196000e+003 -6.3180000e-003
  2.4198000e+003 -2.8300000e-002
  2.4200000e+003 -2.3078000e-002
  2.4202000e+003  5.1250000e-003
  2.4204000e+003  4.8685000e-002
  2.4206000e+003  1.0199500e-001
  2.4208000e+003  1.6262500e-001
  2.4210000e+003  2.2842800e-001
  2.4212000e+003  2.9382700e-001
  2.4214000e+003  3.4933000e-001
  2.4216000e+003  3.8506900e-001
  2.4218000e+003  3.9703800e-001
  2.4220000e+003  3.8976600e-001
  2.4222000e+003  3.7386400e-001
  2.4224000e+003  3.5886700e-001
  2.4226000e+003  3.4666000e-001
  2.4228000e+003  3.3059100e-001
  2.4230000e+003  3.0086000e-001
  2.4232000e+003  2.5222300e-001
  2.4234000e+003  1.8887500e-001
  2.4236000e+003  1.2204600e-001
  2.4238000e+003  6.6280000e-002
  2.4240000e+003  3.3903000e-002
  2.4242000e+003  3.1661000e-002
  2.4244000e+003  5.9080000e-002
  2.4246000e+003  1.0769300e-001
  2.4248000e+003  1.6241000e-001
  2.4250000e+003  2.0573100e-001
  2.4252000e+003  2.2513800e-001
  2.4254000e+003  2.1862900e-001
  2.4256000e+003  1.9648000e-001
  2.4258000e+003  1.7447400e-001
  2.4260000e+003  1.6598700e-001
  2.4262000e+003  1.7485600e-001
  2.4264000e+003  1.9588400e-001
  2.4266000e+003  2.2034600e-001
  2.4268000e+003  2.4056400e-001
  2.4270000e+003  2.5136400e-001
  2.4272000e+003  2.4976700e-001
  2.4274000e+003  2.3391200e-001
  2.4276000e+003  2.0549200e-001
  2.4278000e+003  1.7154200e-001
  2.4280000e+003  1.4438600e-001
  2.4282000e+003  1.3556400e-001
  2.4284000e+003  1.4994100e-001
  2.4286000e+003  1.7995800e-001
  2.4288000e+003  2.0968900e-001
  2.4290000e+003  2.2139500e-001
  2.4292000e+003  2.0563600e-001
  2.4294000e+003  1.6555700e-001
  2.4296000e+003  1.1556100e-001
  2.4298000e+003  7.5459000e-002
  2.4300000e+003  6.2394000e-002
  2.4302000e+003  8.4829000e-002
  2.4304000e+003  1.3830600e-001
  2.4306000e+003  2.0780500e-001
  2.4308000e+003  2.7241700e-001
  2.4310000e+003  3.1406800e-001
  2.4312000e+003  3.2365300e-001
  2.4314000e+003  3.0498500e-001
  2.4316000e+003  2.7167700e-001
  2.4318000e+003  2.3958600e-001
  2.4320000e+003  2.2051300e-001
  2.4322000e+003  2.1595900e-001
  2.4324000e+003  2.2034600e-001
  2.4326000e+003  2.2583000e-001
  2.4328000e+003  2.2900100e-001
  2.4330000e+003  2.3162300e-001
  2.4332000e+003  2.3801300e-001
  2.4334000e+003  2.4919500e-001
  2.4336000e+003  2.6004300e-001
  2.4338000e+003  2.6051900e-001
  2.4340000e+003  2.4273300e-001
  2.4342000e+003  2.0630300e-001
  2.4344000e+003  1.6148000e-001
  2.4346000e+003  1.2512200e-001
  2.4348000e+003  1.1334400e-001
  2.4350000e+003  1.3365700e-001
  2.4352000e+003  1.8174600e-001
  2.4354000e+003  2.4318600e-001
  2.4356000e+003  2.9978700e-001
  2.4358000e+003  3.3848200e-001
  2.4360000e+003  3.5545800e-001
  2.4362000e+003  3.5681700e-001
  2.4364000e+003  3.5195300e-001
  2.4366000e+003  3.4687500e-001
  2.4368000e+003  3.4077100e-001
  2.4370000e+003  3.2982800e-001
  2.4372000e+003  3.1256600e-001
  2.4374000e+003  2.9382700e-001
  2.4376000e+003  2.8169100e-001
  2.4378000e+003  2.8219200e-001
  2.4380000e+003  2.9339700e-001
  2.4382000e+003  3.0651000e-001
  2.4384000e+003  3.1147000e-001
  2.4386000e+003  3.0493700e-001
  2.4388000e+003  2.9134700e-001
  2.4390000e+003  2.7992700e-001
  2.4392000e+003  2.7725600e-001
  2.4394000e+003  2.8505300e-001
  2.4396000e+003  2.9990600e-001
  2.4398000e+003  3.1614300e-001
  2.4400000e+003  3.2801600e-001
  2.4402000e+003  3.3075800e-001
  2.4404000e+003  3.2210300e-001
  2.4406000e+003  3.0348300e-001
  2.4408000e+003  2.8069000e-001
  2.4410000e+003  2.6113900e-001
  2.4412000e+003  2.5084000e-001
  2.4414000e+003  2.4998100e-001
  2.4416000e+003  2.5279500e-001
  2.4418000e+003  2.5136400e-001
  2.4420000e+003  2.4082600e-001
  2.4422000e+003  2.2282600e-001
  2.4424000e+003  2.0360900e-001
  2.4426000e+003  1.8973300e-001
  2.4428000e+003  1.8401100e-001
  2.4430000e+003  1.8587100e-001
  2.4432000e+003  1.9345200e-001
  2.4434000e+003  2.0658900e-001
  2.4436000e+003  2.2697400e-001
  2.4438000e+003  2.5601300e-001
  2.4440000e+003  2.9249100e-001
  2.4442000e+003  3.3121100e-001
  2.4444000e+003  3.6561400e-001
  2.4446000e+003  3.9091100e-001
  2.4448000e+003  4.0559700e-001
  2.4450000e+003  4.1160500e-001
  2.4452000e+003  4.1115200e-001
  2.4454000e+003  4.0574000e-001
  2.4456000e+003  3.9682300e-001
  2.4458000e+003  3.8676200e-001
  2.4460000e+003  3.7908500e-001
  2.4462000e+003  3.7612900e-001
  2.4464000e+003  3.7674900e-001
  2.4466000e+003  3.7696300e-001
  2.4468000e+003  3.7345800e-001
  2.4470000e+003  3.6735500e-001
  2.4472000e+003  3.6580500e-001
  2.4474000e+003  3.7739200e-001
  2.4476000e+003  4.0636000e-001
  2.4478000e+003  4.4815500e-001
  2.4480000e+003  4.9169000e-001
  2.4482000e+003  5.2587900e-001
  2.4484000e+003  5.4543000e-001
  2.4486000e+003  5.5201000e-001
  2.4488000e+003  5.5022200e-001
  2.4490000e+003  5.4268800e-001
  2.4492000e+003  5.2828700e-001
  2.4494000e+003  5.0468400e-001
  2.4496000e+003  4.7199700e-001
  2.4498000e+003  4.3551900e-001
  2.4500000e+003  4.0383300e-001
  2.4502000e+003  3.8530800e-001
  2.4504000e+003  3.8352000e-001
  2.4506000e+003  3.9570300e-001
  2.4508000e+003  4.1344100e-001
  2.4510000e+003  4.2638700e-001
  2.4512000e+003  4.2605400e-001
  2.4514000e+003  4.1003200e-001
  2.4516000e+003  3.8399600e-001
  2.4518000e+003  3.5960600e-001
  2.4520000e+003  3.4971200e-001
  2.4522000e+003  3.6094100e-001
  2.4524000e+003  3.9119700e-001
  2.4526000e+003  4.3041700e-001
  2.4528000e+003  4.6715700e-001
  2.4530000e+003  4.9438400e-001
  2.4532000e+003  5.1350500e-001
  2.4534000e+003  5.3133900e-001
  2.4536000e+003  5.5499000e-001
  2.4538000e+003  5.8579400e-001
  2.4540000e+003  6.1862400e-001
  2.4542000e+003  6.4511200e-001
  2.4544000e+003  6.5898800e-001
  2.4546000e+003  6.5956100e-001
  2.4548000e+003  6.5121600e-001
  2.4550000e+003  6.3996300e-001
  2.4552000e+003  6.2990100e-001
  2.4554000e+003  6.2158100e-001
  2.4556000e+003  6.1414200e-001
  2.4558000e+003  6.0803800e-001
  2.4560000e+003  6.0598800e-001
  2.4562000e+003  6.1130500e-001
  2.4564000e+003  6.2561000e-001
  2.4566000e+003  6.4604200e-001
  2.4568000e+003  6.6735700e-001
  2.4570000e+003  6.8418900e-001
  2.4572000e+003  6.9334500e-001
  2.4574000e+003  6.9520400e-001
  2.4576000e+003  6.9339200e-001
  2.4578000e+003  6.9477500e-001
  2.4580000e+003  7.0846000e-001
  2.4582000e+003  7.4453300e-001
  2.4584000e+003  8.0916800e-001
  2.4586000e+003  8.9845600e-001
  2.4588000e+003  9.9506300e-001
  2.4590000e+003  1.0705470e+000
  2.4592000e+003  1.0983700e+000
  2.4594000e+003  1.0649680e+000
  2.4596000e+003  9.8032900e-001
  2.4598000e+003  8.7375600e-001
  2.4600000e+003  7.8289500e-001
  2.4602000e+003  7.3733300e-001
  2.4604000e+003  7.4746600e-001
  2.4606000e+003  8.0473400e-001
  2.4608000e+003  8.8787000e-001
  2.4610000e+003  9.7491700e-001
  2.4612000e+003  1.0498040e+000
  2.4614000e+003  1.1048790e+000
  2.4616000e+003  1.1387820e+000
  2.4618000e+003  1.1529680e+000
  2.4620000e+003  1.1487960e+000
  2.4622000e+003  1.1268370e+000
  2.4624000e+003  1.0883560e+000
  2.4626000e+003  1.0368580e+000
  2.4628000e+003  9.7916100e-001
  2.4630000e+003  9.2649400e-001
  2.4632000e+003  8.9159000e-001
  2.4634000e+003  8.8496200e-001
  2.4636000e+003  9.1135500e-001
  2.4638000e+003  9.6650100e-001
  2.4640000e+003  1.0390040e+000
  2.4642000e+003  1.1132710e+000
  2.4644000e+003  1.1741390e+000
  2.4646000e+003  1.2092590e+000
  2.4648000e+003  1.2117140e+000
  2.4650000e+003  1.1834620e+000
  2.4652000e+003  1.1358730e+000
  2.4654000e+003  1.0896680e+000
  2.4656000e+003  1.0679720e+000
  2.4658000e+003  1.0880470e+000
  2.4660000e+003  1.1516330e+000
  2.4662000e+003  1.2425420e+000
  2.4664000e+003  1.3331890e+000
  2.4666000e+003  1.3954870e+000
  2.4668000e+003  1.4145130e+000
  2.4670000e+003  1.3916960e+000
  2.4672000e+003  1.3437980e+000
  2.4674000e+003  1.2929200e+000
  2.4676000e+003  1.2589450e+000
  2.4678000e+003  1.2524360e+000
  2.4680000e+003  1.2732020e+000
  2.4682000e+003  1.3142100e+000
  2.4684000e+003  1.3663530e+000
  2.4686000e+003  1.4231200e+000
  2.4688000e+003  1.4810560e+000
  2.4690000e+003  1.5393490e+000
  2.4692000e+003  1.5974040e+000
  2.4694000e+003  1.6527890e+000
  2.4696000e+003  1.7021170e+000
  2.4698000e+003  1.7413850e+000
  2.4700000e+003  1.7670860e+000
  2.4702000e+003  1.7769570e+000
  2.4704000e+003  1.7704960e+000
  2.4706000e+003  1.7507310e+000
  2.4708000e+003  1.7259830e+000
  2.4710000e+003  1.7080780e+000
  2.4712000e+003  1.7080300e+000
  2.4714000e+003  1.7298460e+000
  2.4716000e+003  1.7703770e+000
  2.4718000e+003  1.8221370e+000
  2.4720000e+003  1.8792150e+000
  2.4722000e+003  1.9395820e+000
  2.4724000e+003  2.0028820e+000
  2.4726000e+003  2.0663260e+000
  2.4728000e+003  2.1235700e+000
  2.4730000e+003  2.1670810e+000
  2.4732000e+003  2.1934270e+000
  2.4734000e+003  2.2069690e+000
  2.4736000e+003  2.2177690e+000
  2.4738000e+003  2.2348640e+000
  2.4740000e+003  2.2621630e+000
  2.4742000e+003  2.2967570e+000
  2.4744000e+003  2.3331640e+000
  2.4746000e+003  2.3659220e+000
  2.4748000e+003  2.3919580e+000
  2.4750000e+003  2.4113890e+000
  2.4752000e+003  2.4260040e+000
  2.4754000e+003  2.4392600e+000
  2.4756000e+003  2.4546860e+000
  2.4758000e+003  2.4759760e+000
  2.4760000e+003  2.5074000e+000
  2.4762000e+003  2.5539150e+000
  2.4764000e+003  2.6210540e+000
  2.4766000e+003  2.7117720e+000
  2.4768000e+003  2.8238530e+000
  2.4770000e+003  2.9464480e+000
  2.4772000e+003  3.0611750e+000
  2.4774000e+003  3.1493660e+000
  2.4776000e+003  3.1988850e+000
  2.4778000e+003  3.2129760e+000
  2.4780000e+003  3.2073970e+000
  2.4782000e+003  3.2048220e+000
  2.4784000e+003  3.2231800e+000
  2.4786000e+003  3.2688610e+000
  2.4788000e+003  3.3372400e+000
  2.4790000e+003  3.4179440e+000
  2.4792000e+003  3.5033220e+000
  2.4794000e+003  3.5920140e+000
  2.4796000e+003  3.6884060e+000
  2.4798000e+003  3.7971250e+000
  2.4800000e+003  3.9167880e+000
  2.4802000e+003  4.0397400e+000
  2.4804000e+003  4.1541570e+000
  2.4806000e+003  4.2492620e+000
  2.4808000e+003  4.3212410e+000
  2.4810000e+003  4.3740030e+000
  2.4812000e+003  4.4185400e+000
  2.4814000e+003  4.4682260e+000
  2.4816000e+003  4.5351260e+000
  2.4818000e+003  4.6252250e+000
  2.4820000e+003  4.7363750e+000
  2.4822000e+003  4.8604720e+000
  2.4824000e+003  4.9846880e+000
  2.4826000e+003  5.0999640e+000
  2.4828000e+003  5.2025550e+000
  2.4830000e+003  5.2970400e+000
  2.4832000e+003  5.3931230e+000
  2.4834000e+003  5.4999820e+000
  2.4836000e+003  5.6215520e+000
  2.4838000e+003  5.7523720e+000
  2.4840000e+003  5.8817140e+000
  2.4842000e+003  5.9987300e+000
  2.4844000e+003  6.0990570e+000
  2.4846000e+003  6.1882250e+000
  2.4848000e+003  6.2776080e+000
  2.4850000e+003  6.3792700e+000
  2.4852000e+003  6.4998620e+000
  2.4854000e+003  6.6392660e+000
  2.4856000e+003  6.7946910e+000
  2.4858000e+003  6.9635860e+000
  2.4860000e+003  7.1476220e+000
  2.4862000e+003  7.3461770e+000
  2.4864000e+003  7.5542440e+000
  2.4866000e+003  7.7615730e+000
  2.4868000e+003  7.9573150e+000
  2.4870000e+003  8.1387280e+000
  2.4872000e+003  8.3123680e+000
  2.4874000e+003  8.4931610e+000
  2.4876000e+003  8.6958880e+000
  2.4878000e+003  8.9260570e+000
  2.4880000e+003  9.1778270e+000
  2.4882000e+003  9.4325060e+000
  2.4884000e+003  9.6721410e+000
  2.4886000e+003  9.8851440e+000
  2.4888000e+003  1.0075545e+001
  2.4890000e+003  1.0263609e+001
  2.4892000e+003  1.0476255e+001
  2.4894000e+003  1.0738658e+001
  2.4896000e+003  1.1056613e+001
  2.4898000e+003  1.1417484e+001
  2.4900000e+003  1.1792778e+001
  2.4902000e+003  1.2154006e+001
  2.4904000e+003  1.2484407e+001
  2.4906000e+003  1.2779903e+001
  2.4908000e+003  1.3051438e+001
  2.4910000e+003  1.3316035e+001
  2.4912000e+003  1.3595581e+001
  2.4914000e+003  1.3910865e+001
  2.4916000e+003  1.4273643e+001
  2.4918000e+003  1.4684629e+001
  2.4920000e+003  1.5124988e+001
  2.4922000e+003  1.5565133e+001
  2.4924000e+003  1.5976285e+001
  2.4926000e+003  1.6345572e+001
  2.4928000e+003  1.6685390e+001
  2.4930000e+003  1.7024159e+001
  2.4932000e+003  1.7394614e+001
  2.4934000e+003  1.7817306e+001
  2.4936000e+003  1.8294215e+001
  2.4938000e+003  1.8815922e+001
  2.4940000e+003  1.9365477e+001
  2.4942000e+003  1.9933009e+001
  2.4944000e+003  2.0512413e+001
  2.4946000e+003  2.1103405e+001
  2.4948000e+003  2.1705412e+001
  2.4950000e+003  2.2314310e+001
  2.4952000e+003  2.2929859e+001
  2.4954000e+003  2.3550200e+001
  2.4956000e+003  2.4178838e+001
  2.4958000e+003  2.4815344e+001
  2.4960000e+003  2.5453901e+001
  2.4962000e+003  2.6090216e+001
  2.4964000e+003  2.6723074e+001
  2.4966000e+003  2.7368426e+001
  2.4968000e+003  2.8048515e+001
  2.4970000e+003  2.8786158e+001
  2.4972000e+003  2.9587697e+001
  2.4974000e+003  3.0434536e+001
  2.4976000e+003  3.1295466e+001
  2.4978000e+003  3.2140111e+001
  2.4980000e+003  3.2958149e+001
  2.4982000e+003  3.3760428e+001
  2.4984000e+003  3.4568047e+001
  2.4986000e+003  3.5402250e+001
  2.4988000e+003  3.6270236e+001
  2.4990000e+003  3.7171268e+001
  2.4992000e+003  3.8095784e+001
  2.4994000e+003  3.9032483e+001
  2.4996000e+003  3.9974570e+001
  2.4998000e+003  4.0918731e+001
  2.5000000e+003  4.1872096e+001
  2.5002000e+003  4.2843365e+001
  2.5004000e+003  4.3841600e+001
  2.5006000e+003  4.4867086e+001
  2.5008000e+003  4.5907616e+001
  2.5010000e+003  4.6946406e+001
  2.5012000e+003  4.7970366e+001
  2.5014000e+003  4.8981499e+001
  2.5016000e+003  4.9994730e+001
  2.5018000e+003  5.1027607e+001
  2.5020000e+003  5.2088236e+001
  2.5022000e+003  5.3169918e+001
  2.5024000e+003  5.4255843e+001
  2.5026000e+003  5.5329465e+001
  2.5028000e+003  5.6382322e+001
  2.5030000e+003  5.7419919e+001
  2.5032000e+003  5.8456707e+001
  2.5034000e+003  5.9506988e+001
  2.5036000e+003  6.0577583e+001
  2.5038000e+003  6.1661767e+001
  2.5040000e+003  6.2743043e+001
  2.5042000e+003  6.3801836e+001
  2.5044000e+003  6.4822340e+001
  2.5046000e+003  6.5801477e+001
  2.5048000e+003  6.6744518e+001
  2.5050000e+003  6.7665529e+001
  2.5052000e+003  6.8577075e+001
  2.5054000e+003  6.9483900e+001
  2.5056000e+003  7.0384883e+001
  2.5058000e+003  7.1269369e+001
  2.5060000e+003  7.2132134e+001
  2.5062000e+003  7.2969627e+001
  2.5064000e+003  7.3786425e+001
  2.5066000e+003  7.4590754e+001
  2.5068000e+003  7.5383877e+001
  2.5070000e+003  7.6164388e+001
  2.5072000e+003  7.6919364e+001
  2.5074000e+003  7.7638053e+001
  2.5076000e+003  7.8314089e+001
  2.5078000e+003  7.8948974e+001
  2.5080000e+003  7.9555869e+001
  2.5082000e+003  8.0143237e+001
  2.5084000e+003  8.0720043e+001
  2.5086000e+003  8.1283783e+001
  2.5088000e+003  8.1824946e+001
  2.5090000e+003  8.2335019e+001
  2.5092000e+003  8.2804393e+001
  2.5094000e+003  8.3238244e+001
  2.5096000e+003  8.3644580e+001
  2.5098000e+003  8.4037995e+001
  2.5100000e+003  8.4430027e+001
  2.5102000e+003  8.4822487e+001
  2.5104000e+003  8.5214662e+001
  2.5106000e+003  8.5594677e+001
  2.5108000e+003  8.5952019e+001
  2.5110000e+003  8.6273312e+001
  2.5112000e+003  8.6548018e+001
  2.5114000e+003  8.6774063e+001
  2.5116000e+003  8.6953306e+001
  2.5118000e+003  8.7098693e+001
  2.5120000e+003  8.7222623e+001
  2.5122000e+003  8.7337327e+001
  2.5124000e+003  8.7450742e+001
  2.5126000e+003  8.7565255e+001
  2.5128000e+003  8.7686753e+001
  2.5130000e+003  8.7816786e+001
  2.5132000e+003  8.7955069e+001
  2.5134000e+003  8.8092374e+001
  2.5136000e+003  8.8212847e+001
  2.5138000e+003  8.8304829e+001
  2.5140000e+003  8.8365507e+001
  2.5142000e+003  8.8408541e+001
  2.5144000e+003  8.8454151e+001
  2.5146000e+003  8.8521695e+001
  2.5148000e+003  8.8618731e+001
  2.5150000e+003  8.8737177e+001
  2.5152000e+003  8.8858199e+001
  2.5154000e+003  8.8959622e+001
  2.5156000e+003  8.9023280e+001
  2.5158000e+003  8.9040660e+001
  2.5160000e+003  8.9014863e+001
  2.5162000e+003  8.8960051e+001
  2.5164000e+003  8.8898801e+001
  2.5166000e+003  8.8854527e+001
  2.5168000e+003  8.8845229e+001
  2.5170000e+003  8.8877797e+001
  2.5172000e+003  8.8947677e+001
  2.5174000e+003  8.9041900e+001
  2.5176000e+003  8.9144968e+001
  2.5178000e+003  8.9244198e+001
  2.5180000e+003  8.9332365e+001
  2.5182000e+003  8.9408302e+001
  2.5184000e+003  8.9475011e+001
  2.5186000e+003  8.9537787e+001
  2.5188000e+003  8.9602446e+001
  2.5190000e+003  8.9673161e+001
  2.5192000e+003  8.9751791e+001
  2.5194000e+003  8.9836931e+001
  2.5196000e+003  8.9924979e+001
  2.5198000e+003  9.0012550e+001
  2.5200000e+003  9.0098214e+001
  2.5202000e+003  9.0184044e+001
  2.5204000e+003  9.0274524e+001
  2.5206000e+003  9.0372991e+001
  2.5208000e+003  9.0479850e+001
  2.5210000e+003  9.0591239e+001
  2.5212000e+003  9.0699410e+001
  2.5214000e+003  9.0795993e+001
  2.5216000e+003  9.0873336e+001
  2.5218000e+003  9.0929484e+001
  2.5220000e+003  9.0971088e+001
  2.5222000e+003  9.1011023e+001
  2.5224000e+003  9.1065526e+001
  2.5226000e+003  9.1145157e+001
  2.5228000e+003  9.1250491e+001
  2.5230000e+003  9.1370797e+001
  2.5232000e+003  9.1486740e+001
  2.5234000e+003  9.1581177e+001
  2.5236000e+003  9.1641592e+001
  2.5238000e+003  9.1666150e+001
  2.5240000e+003  9.1659879e+001
  2.5242000e+003  9.1629433e+001
  2.5244000e+003  9.1584444e+001
  2.5246000e+003  9.1529440e+001
  2.5248000e+003  9.1470170e+001
  2.5250000e+003  9.1407394e+001
  2.5252000e+003  9.1340804e+001
  2.5254000e+003  9.1270256e+001
  2.5256000e+003  9.1188836e+001
  2.5258000e+003  9.1092014e+001
  2.5260000e+003  9.0967750e+001
  2.5262000e+003  9.0806412e+001
  2.5264000e+003  9.0600943e+001
  2.5266000e+003  9.0346837e+001
  2.5268000e+003  9.0050554e+001
  2.5270000e+003  8.9715433e+001
  2.5272000e+003  8.9351820e+001
  2.5274000e+003  8.8966560e+001
  2.5276000e+003  8.8564991e+001
  2.5278000e+003  8.8154888e+001
  2.5280000e+003  8.7734246e+001
  2.5282000e+003  8.7301397e+001
  2.5284000e+003  8.6841607e+001
  2.5286000e+003  8.6336541e+001
  2.5288000e+003  8.5770034e+001
  2.5290000e+003  8.5129857e+001
  2.5292000e+003  8.4423732e+001
  2.5294000e+003  8.3663272e+001
  2.5296000e+003  8.2868432e+001
  2.5298000e+003  8.2053136e+001
  2.5300000e+003  8.1220412e+001
  2.5302000e+003  8.0371332e+001
  2.5304000e+003  7.9498028e+001
  2.5306000e+003  7.8600859e+001
  2.5308000e+003  7.7679157e+001
  2.5310000e+003  7.6735997e+001
  2.5312000e+003  7.5776743e+001
  2.5314000e+003  7.4801540e+001
  2.5316000e+003  7.3814177e+001
  2.5318000e+003  7.2810769e+001
  2.5320000e+003  7.1787738e+001
  2.5322000e+003  7.0739555e+001
  2.5324000e+003  6.9661498e+001
  2.5326000e+003  6.8558096e+001
  2.5328000e+003  6.7437219e+001
  2.5330000e+003  6.6312837e+001
  2.5332000e+003  6.5196084e+001
  2.5334000e+003  6.4092230e+001
  2.5336000e+003  6.3001441e+001
  2.5338000e+003  6.1918449e+001
  2.5340000e+003  6.0836195e+001
  2.5342000e+003  5.9745430e+001
  2.5344000e+003  5.8636713e+001
  2.5346000e+003  5.7503533e+001
  2.5348000e+003  5.6345033e+001
  2.5350000e+003  5.5168485e+001
  2.5352000e+003  5.3989362e+001
  2.5354000e+003  5.2824187e+001
  2.5356000e+003  5.1686620e+001
  2.5358000e+003  5.0580668e+001
  2.5360000e+003  4.9500679e+001
  2.5362000e+003  4.8437809e+001
  2.5364000e+003  4.7384762e+001
  2.5366000e+003  4.6342206e+001
  2.5368000e+003  4.5315265e+001
  2.5370000e+003  4.4308328e+001
  2.5372000e+003  4.3321704e+001
  2.5374000e+003  4.2346787e+001
  2.5376000e+003  4.1376376e+001
  2.5378000e+003  4.0404033e+001
  2.5380000e+003  3.9432096e+001
  2.5382000e+003  3.8471603e+001
  2.5384000e+003  3.7535405e+001
  2.5386000e+003  3.6637973e+001
  2.5388000e+003  3.5782074e+001
  2.5390000e+003  3.4964036e+001
  2.5392000e+003  3.4169125e+001
  2.5394000e+003  3.3377695e+001
  2.5396000e+003  3.2575678e+001
  2.5398000e+003  3.1753492e+001
  2.5400000e+003  3.0916929e+001
  2.5402000e+003  3.0077505e+001
  2.5404000e+003  2.9251885e+001
  2.5406000e+003  2.8458166e+001
  2.5408000e+003  2.7709627e+001
  2.5410000e+003  2.7017354e+001
  2.5412000e+003  2.6376748e+001
  2.5414000e+003  2.5771212e+001
  2.5416000e+003  2.5174474e+001
  2.5418000e+003  2.4563503e+001
  2.5420000e+003  2.3933434e+001
  2.5422000e+003  2.3296093e+001
  2.5424000e+003  2.2677445e+001
  2.5426000e+003  2.2097826e+001
  2.5428000e+003  2.1559739e+001
  2.5430000e+003  2.1051502e+001
  2.5432000e+003  2.0552110e+001
  2.5434000e+003  2.0051622e+001
  2.5436000e+003  1.9547343e+001
  2.5438000e+003  1.9043970e+001
  2.5440000e+003  1.8544578e+001
  2.5442000e+003  1.8046140e+001
  2.5444000e+003  1.7547988e+001
  2.5446000e+003  1.7049789e+001
  2.5448000e+003  1.6559314e+001
  2.5450000e+003  1.6087412e+001
  2.5452000e+003  1.5643239e+001
  2.5454000e+003  1.5233302e+001
  2.5456000e+003  1.4856195e+001
  2.5458000e+003  1.4508056e+001
  2.5460000e+003  1.4179587e+001
  2.5462000e+003  1.3858938e+001
  2.5464000e+003  1.3535451e+001
  2.5466000e+003  1.3200902e+001
  2.5468000e+003  1.2858080e+001
  2.5470000e+003  1.2515139e+001
  2.5472000e+003  1.2185120e+001
  2.5474000e+003  1.1878395e+001
  2.5476000e+003  1.1597132e+001
  2.5478000e+003  1.1337661e+001
  2.5480000e+003  1.1089420e+001
  2.5482000e+003  1.0845351e+001
  2.5484000e+003  1.0601520e+001
  2.5486000e+003  1.0358977e+001
  2.5488000e+003  1.0120487e+001
  2.5490000e+003  9.8843570e+000
  2.5492000e+003  9.6474400e+000
  2.5494000e+003  9.4047780e+000
  2.5496000e+003  9.1571560e+000
  2.5498000e+003  8.9141360e+000
  2.5500000e+003  8.6900940e+000
  2.5502000e+003  8.4987160e+000
  2.5504000e+003  8.3404540e+000
  2.5506000e+003  8.2025050e+000
  2.5508000e+003  8.0615280e+000
  2.5510000e+003  7.8968760e+000
  2.5512000e+003  7.7020400e+000
  2.5514000e+003  7.4855560e+000
  2.5516000e+003  7.2681900e+000
  2.5518000e+003  7.0683710e+000
  2.5520000e+003  6.8959230e+000
  2.5522000e+003  6.7470780e+000
  2.5524000e+003  6.6098450e+000
  2.5526000e+003  6.4721820e+000
  2.5528000e+003  6.3270800e+000
  2.5530000e+003  6.1749690e+000
  2.5532000e+003  6.0203070e+000
  2.5534000e+003  5.8681720e+000
  2.5536000e+003  5.7229280e+000
  2.5538000e+003  5.5869100e+000
  2.5540000e+003  5.4633610e+000
  2.5542000e+003  5.3544280e+000
  2.5544000e+003  5.2598710e+000
  2.5546000e+003  5.1744460e+000
  2.5548000e+003  5.0877090e+000
  2.5550000e+003  4.9891470e+000
  2.5552000e+003  4.8747300e+000
  2.5554000e+003  4.7508230e+000
  2.5556000e+003  4.6312090e+000
  2.5558000e+003  4.5277350e+000
  2.5560000e+003  4.4447890e+000
  2.5562000e+003  4.3745990e+000
  2.5564000e+003  4.3059580e+000
  2.5566000e+003  4.2309990e+000
  2.5568000e+003  4.1507950e+000
  2.5570000e+003  4.0730470e+000
  2.5572000e+003  4.0048360e+000
  2.5574000e+003  3.9474960e+000
  2.5576000e+003  3.8946150e+000
  2.5578000e+003  3.8379900e+000
  2.5580000e+003  3.7718290e+000
  2.5582000e+003  3.6940330e+000
  2.5584000e+003  3.6053650e+000
  2.5586000e+003  3.5071840e+000
  2.5588000e+003  3.4025660e+000
  2.5590000e+003  3.2991400e+000
  2.5592000e+003  3.2101630e+000
  2.5594000e+003  3.1489130e+000
  2.5596000e+003  3.1211610e+000
  2.5598000e+003  3.1180380e+000
  2.5600000e+003  3.1178230e+000
  2.5602000e+003  3.0951970e+000
  2.5604000e+003  3.0375710e+000
  2.5606000e+003  2.9517650e+000
  2.5608000e+003  2.8611890e+000
  2.5610000e+003  2.7902840e+000
  2.5612000e+003  2.7508730e+000
  2.5614000e+003  2.7354710e+000
  2.5616000e+003  2.7228350e+000
  2.5618000e+003  2.6915550e+000
  2.5620000e+003  2.6289700e+000
  2.5622000e+003  2.5360100e+000
  2.5624000e+003  2.4225950e+000
  2.5626000e+003  2.3037190e+000
  2.5628000e+003  2.1947620e+000
  2.5630000e+003  2.1090030e+000
  2.5632000e+003  2.0565500e+000
  2.5634000e+003  2.0391220e+000
  2.5636000e+003  2.0482300e+000
  2.5638000e+003  2.0673510e+000
  2.5640000e+003  2.0807740e+000
  2.5642000e+003  2.0793910e+000
  2.5644000e+003  2.0642510e+000
  2.5646000e+003  2.0421740e+000
  2.5648000e+003  2.0184270e+000
  2.5650000e+003  1.9922010e+000
  2.5652000e+003  1.9583940e+000
  2.5654000e+003  1.9131180e+000
  2.5656000e+003  1.8608570e+000
  2.5658000e+003  1.8141030e+000
  2.5660000e+003  1.7878530e+000
  2.5662000e+003  1.7882340e+000
  2.5664000e+003  1.8063780e+000
  2.5666000e+003  1.8204920e+000
  2.5668000e+003  1.8050190e+000
  2.5670000e+003  1.7457720e+000
  2.5672000e+003  1.6475430e+000
  2.5674000e+003  1.5346050e+000
  2.5676000e+003  1.4372110e+000
  2.5678000e+003  1.3791560e+000
  2.5680000e+003  1.3654470e+000
  2.5682000e+003  1.3833990e+000
  2.5684000e+003  1.4099350e+000
  2.5686000e+003  1.4247890e+000
  2.5688000e+003  1.4186140e+000
  2.5690000e+003  1.3945100e+000
  2.5692000e+003  1.3643500e+000
  2.5694000e+003  1.3408890e+000
  2.5696000e+003  1.3315910e+000
  2.5698000e+003  1.3345470e+000
  2.5700000e+003  1.3405080e+000
  2.5702000e+003  1.3362400e+000
  2.5704000e+003  1.3119450e+000
  2.5706000e+003  1.2653110e+000
  2.5708000e+003  1.2037270e+000
  2.5710000e+003  1.1423340e+000
  2.5712000e+003  1.0977740e+000
  2.5714000e+003  1.0821580e+000
  2.5716000e+003  1.0955330e+000
  2.5718000e+003  1.1274090e+000
  2.5720000e+003  1.1600010e+000
  2.5722000e+003  1.1773820e+000
  2.5724000e+003  1.1708490e+000
  2.5726000e+003  1.1420240e+000
  2.5728000e+003  1.0994670e+000
  2.5730000e+003  1.0536430e+000
  2.5732000e+003  1.0131350e+000
  2.5734000e+003  9.8328500e-001
  2.5736000e+003  9.6690600e-001
  2.5738000e+003  9.6428300e-001
  2.5740000e+003  9.7100700e-001
  2.5742000e+003  9.7820700e-001
  2.5744000e+003  9.7644300e-001
  2.5746000e+003  9.6216200e-001
  2.5748000e+003  9.4096600e-001
  2.5750000e+003  9.2525400e-001
  2.5752000e+003  9.2549300e-001
  2.5754000e+003  9.4289700e-001
  2.5756000e+003  9.6621500e-001
  2.5758000e+003  9.7959000e-001
  2.5760000e+003  9.7210400e-001
  2.5762000e+003  9.4459000e-001
  2.5764000e+003  9.0765900e-001
  2.5766000e+003  8.7547300e-001
  2.5768000e+003  8.5783000e-001
  2.5770000e+003  8.5816300e-001
  2.5772000e+003  8.7487600e-001
  2.5774000e+003  9.0301000e-001
  2.5776000e+003  9.3517300e-001
  2.5778000e+003  9.6192300e-001
  2.5780000e+003  9.7498800e-001
  2.5782000e+003  9.7024400e-001
  2.5784000e+003  9.4983500e-001
  2.5786000e+003  9.2110600e-001
  2.5788000e+003  8.8937200e-001
  2.5790000e+003  8.5349000e-001
  2.5792000e+003  8.0707000e-001
  2.5794000e+003  7.4553400e-001
  2.5796000e+003  6.7465300e-001
  2.5798000e+003  6.1178200e-001
  2.5800000e+003  5.7654300e-001
  2.5802000e+003  5.7756900e-001
  2.5804000e+003  6.0348500e-001
  2.5806000e+003  6.2777900e-001
  2.5808000e+003  6.2265300e-001
  2.5810000e+003  5.7880800e-001
  2.5812000e+003  5.1031100e-001
  2.5814000e+003  4.4949000e-001
  2.5816000e+003  4.2650600e-001
  2.5818000e+003  4.5588000e-001
  2.5820000e+003  5.2838300e-001
  2.5822000e+003  6.2031700e-001
  2.5824000e+003  7.0495600e-001
  2.5826000e+003  7.6441700e-001
  2.5828000e+003  7.9336100e-001
  2.5830000e+003  7.9483900e-001
  2.5832000e+003  7.7514600e-001
  2.5834000e+003  7.4055100e-001
  2.5836000e+003  6.9770800e-001
  2.5838000e+003  6.5479200e-001
  2.5840000e+003  6.2165200e-001
  2.5842000e+003  6.0756200e-001
  2.5844000e+003  6.1652600e-001
  2.5846000e+003  6.4556500e-001
  2.5848000e+003  6.8445200e-001
  2.5850000e+003  7.1866500e-001
  2.5852000e+003  7.3456700e-001
  2.5854000e+003  7.2343300e-001
  2.5856000e+003  6.8492800e-001
  2.5858000e+003  6.2706400e-001
  2.5860000e+003  5.6581400e-001
  2.5862000e+003  5.1798800e-001
  2.5864000e+003  4.9366900e-001
  2.5866000e+003  4.9126100e-001
  2.5868000e+003  4.9662500e-001
  2.5870000e+003  4.9045000e-001
  2.5872000e+003  4.5828800e-001
  2.5874000e+003  3.9973200e-001
  2.5876000e+003  3.2751500e-001
  2.5878000e+003  2.6321400e-001
  2.5880000e+003  2.2554300e-001
  2.5882000e+003  2.2442300e-001
  2.5884000e+003  2.5815900e-001
  2.5886000e+003  3.1578500e-001
  2.5888000e+003  3.8044400e-001
  2.5890000e+003  4.3148900e-001
  2.5892000e+003  4.5101600e-001
  2.5894000e+003  4.3041700e-001
  2.5896000e+003  3.7703500e-001
  2.5898000e+003  3.1189900e-001
  2.5900000e+003  2.6111600e-001
  2.5902000e+003  2.4404500e-001
  2.5904000e+003  2.6383300e-001
  2.5906000e+003  3.0877500e-001
  2.5908000e+003  3.5836600e-001
  2.5910000e+003  3.9417700e-001
  2.5912000e+003  4.0569300e-001
  2.5914000e+003  3.9238900e-001
  2.5916000e+003  3.6144200e-001
  2.5918000e+003  3.2484500e-001
  2.5920000e+003  2.9571000e-001
  2.5922000e+003  2.8271600e-001
  2.5924000e+003  2.8607800e-001
  2.5926000e+003  2.9585300e-001
  2.5928000e+003  2.9890500e-001
  2.5930000e+003  2.8562500e-001
  2.5932000e+003  2.5651400e-001
  2.5934000e+003  2.2048900e-001
  2.5936000e+003  1.9123500e-001
  2.5938000e+003  1.8081600e-001
  2.5940000e+003  1.9652800e-001
  2.5942000e+003  2.3901400e-001
  2.5944000e+003  3.0128900e-001
  2.5946000e+003  3.7071700e-001
  2.5948000e+003  4.3060700e-001
  2.5950000e+003  4.6508300e-001
  2.5952000e+003  4.6498700e-001
  2.5954000e+003  4.3244300e-001
  2.5956000e+003  3.8003900e-001
  2.5958000e+003  3.2474900e-001
  2.5960000e+003  2.8295500e-001
  2.5962000e+003  2.6426300e-001
  2.5964000e+003  2.7074800e-001
  2.5966000e+003  2.9571000e-001
  2.5968000e+003  3.2608500e-001
  2.5970000e+003  3.4778100e-001
  2.5972000e+003  3.5233400e-001
  2.5974000e+003  3.4162900e-001
  2.5976000e+003  3.2393900e-001
  2.5978000e+003  3.0765500e-001
  2.5980000e+003  2.9432700e-001
  2.5982000e+003  2.7794800e-001
  2.5984000e+003  2.5031500e-001
  2.5986000e+003  2.1047500e-001
  2.5988000e+003  1.6648700e-001
  2.5990000e+003  1.3210700e-001
  2.5992000e+003  1.1732500e-001
  2.5994000e+003  1.2230800e-001
  2.5996000e+003  1.3794800e-001
  2.5998000e+003  1.5444700e-001
  2.6000000e+003  1.6605800e-001
  2.6002000e+003  1.7359200e-001
  2.6004000e+003  1.8093500e-001
  2.6006000e+003  1.9190300e-001
  2.6008000e+003  2.0811500e-001
  2.6010000e+003  2.3059800e-001
  2.6012000e+003  2.6013800e-001
  2.6014000e+003  2.9458900e-001
  2.6016000e+003  3.2622800e-001
  2.6018000e+003  3.4205900e-001
  2.6020000e+003  3.2896900e-001
  2.6022000e+003  2.8321700e-001
  2.6024000e+003  2.1753300e-001
  2.6026000e+003  1.5773700e-001
  2.6028000e+003  1.2912700e-001
  2.6030000e+003  1.4204900e-001
  2.6032000e+003  1.8386800e-001
  2.6034000e+003  2.2785600e-001
  2.6036000e+003  2.4685800e-001
  2.6038000e+003  2.2943000e-001
  2.6040000e+003  1.8217500e-001
  2.6042000e+003  1.2457300e-001
  2.6044000e+003  7.7271000e-002
  2.6046000e+003  5.5313000e-002
  2.6048000e+003  6.4516000e-002
  2.6050000e+003  1.0082700e-001
  2.6052000e+003  1.5189600e-001
  2.6054000e+003  1.9791100e-001
  2.6056000e+003  2.1839100e-001
  2.6058000e+003  2.0198800e-001
  2.6060000e+003  1.5473300e-001
  2.6062000e+003  9.6249000e-002
  2.6064000e+003  4.9161000e-002
  2.6066000e+003  2.6535000e-002
  2.6068000e+003  2.6559000e-002
  2.6070000e+003  3.9291000e-002
  2.6072000e+003  5.6815000e-002
  2.6074000e+003  7.9441000e-002
  2.6076000e+003  1.1262800e-001
  2.6078000e+003  1.5954900e-001
  2.6080000e+003  2.1483800e-001
  2.6082000e+003  2.6557400e-001
  2.6084000e+003  2.9802300e-001
  2.6086000e+003  3.0374500e-001
  2.6088000e+003  2.7987900e-001
  2.6090000e+003  2.2931000e-001
  2.6092000e+003  1.5997800e-001
  2.6094000e+003  8.6712000e-002
  2.6096000e+003  2.9397000e-002
  2.6098000e+003  6.3410000e-003
  2.6100000e+003  2.6297000e-002
  2.6102000e+003  8.1300000e-002
  2.6104000e+003  1.5084700e-001
  2.6106000e+003  2.1033200e-001
  2.6108000e+003  2.4492700e-001
  2.6110000e+003  2.5312900e-001
  2.6112000e+003  2.4328200e-001
  2.6114000e+003  2.2370800e-001
  2.6116000e+003  1.9812500e-001
  2.6118000e+003  1.6641600e-001
  2.6120000e+003  1.3027100e-001
  2.6122000e+003  9.6607000e-002
  2.6124000e+003  7.5531000e-002
  2.6126000e+003  7.3480000e-002
  2.6128000e+003  8.8238000e-002
  2.6130000e+003  1.0743100e-001
  2.6132000e+003  1.1529900e-001
  2.6134000e+003  1.0056400e-001
  2.6136000e+003  6.2656000e-002
  2.6138000e+003  1.1706000e-002
  2.6140000e+003 -3.6239000e-002
  2.6142000e+003 -6.6280000e-002
  2.6144000e+003 -7.1239000e-002
  2.6146000e+003 -5.3310000e-002
  2.6148000e+003 -2.3436000e-002
  2.6150000e+003  5.7450000e-003
  2.6152000e+003  2.5057000e-002
  2.6154000e+003  3.2973000e-002
  2.6156000e+003  3.4546000e-002
  2.6158000e+003  3.7789000e-002
  2.6160000e+003  4.6229000e-002
  2.6162000e+003  5.5956000e-002
  2.6164000e+003  5.6171000e-002
  2.6166000e+003  3.6334000e-002
  2.6168000e+003 -5.0300000e-003
  2.6170000e+003 -5.5885000e-002
  2.6172000e+003 -9.4485000e-002
  2.6174000e+003 -1.0137500e-001
  2.6176000e+003 -7.0834000e-002
  2.6178000e+003 -1.6736000e-002
  2.6180000e+003  3.6287000e-002
  2.6182000e+003  6.5827000e-002
  2.6184000e+003  6.6375000e-002
  2.6186000e+003  5.0663000e-002
  2.6188000e+003  4.2939000e-002
  2.6190000e+003  6.1726000e-002
  2.6192000e+003  1.0907600e-001
  2.6194000e+003  1.6868100e-001
  2.6196000e+003  2.1708000e-001
  2.6198000e+003  2.3682100e-001
  2.6200000e+003  2.2587700e-001
  2.6202000e+003  1.9667100e-001
  2.6204000e+003  1.6567700e-001
  2.6206000e+003  1.4438600e-001
  2.6208000e+003  1.3382400e-001
  2.6210000e+003  1.2857900e-001
  2.6212000e+003  1.2333300e-001
  2.6214000e+003  1.1839800e-001
  2.6216000e+003  1.1804100e-001
  2.6218000e+003  1.2524100e-001
  2.6220000e+003  1.3625600e-001
  2.6222000e+003  1.4264500e-001
  2.6224000e+003  1.3630300e-001
  2.6226000e+003  1.1601400e-001
  2.6228000e+003  8.8596000e-002
  2.6230000e+003  6.7353000e-002
  2.6232000e+003  6.6494000e-002
  2.6234000e+003  9.5129000e-002
  2.6236000e+003  1.5039400e-001
  2.6238000e+003  2.1684100e-001
  2.6240000e+003  2.7050900e-001
  2.6242000e+003  2.9010700e-001
  2.6244000e+003  2.6886400e-001
  2.6246000e+003  2.1779500e-001
  2.6248000e+003  1.6124200e-001
  2.6250000e+003  1.2311900e-001
  2.6252000e+003  1.1560900e-001
  2.6254000e+003  1.3339500e-001
  2.6256000e+003  1.6245800e-001
  2.6258000e+003  1.8835000e-001
  2.6260000e+003  2.0327500e-001
  2.6262000e+003  2.0496800e-001
  2.6264000e+003  1.9271300e-001
  2.6266000e+003  1.6584300e-001
  2.6268000e+003  1.2590800e-001
  2.6270000e+003  7.8392000e-002
  2.6272000e+003  3.2496000e-002
  2.6274000e+003 -5.4800000e-004
  2.6276000e+003 -9.2740000e-003
  2.6278000e+003  1.2922000e-002
  2.6280000e+003  6.7257000e-002
  2.6282000e+003  1.4579200e-001
  2.6284000e+003  2.2990700e-001
  2.6286000e+003  2.9342100e-001
  2.6288000e+003  3.1051600e-001
  2.6290000e+003  2.6996100e-001
  2.6292000e+003  1.8229400e-001
  2.6294000e+003  7.9727000e-002
  2.6296000e+003  4.2900000e-004
  2.6298000e+003 -2.5868000e-002
  2.6300000e+003  9.6550000e-003
  2.6302000e+003  9.3102000e-002
  2.6304000e+003  1.9469200e-001
  2.6306000e+003  2.7854400e-001
  2.6308000e+003  3.1685800e-001
  2.6310000e+003  2.9609200e-001
  2.6312000e+003  2.2294500e-001
  2.6314000e+003  1.2190300e-001
  2.6316000e+003  2.6512000e-002
  2.6318000e+003 -3.5238000e-002
  2.6320000e+003 -5.3739000e-002
  2.6322000e+003 -3.8957000e-002
  2.6324000e+003 -1.0514000e-002
  2.6326000e+003  1.7333000e-002
  2.6328000e+003  4.2867000e-002
  2.6330000e+003  7.4219000e-002
  2.6332000e+003  1.1720600e-001
  2.6334000e+003  1.6667800e-001
  2.6336000e+003  2.0821000e-001
  2.6338000e+003  2.2897700e-001
  2.6340000e+003  2.2661600e-001
  2.6342000e+003  2.1054700e-001
  2.6344000e+003  1.9152100e-001
  2.6346000e+003  1.7189900e-001
  2.6348000e+003  1.4421900e-001
  2.6350000e+003  1.0058800e-001
  2.6352000e+003  4.1770000e-002
  2.6354000e+003 -1.8572000e-002
  2.6356000e+003 -6.0987000e-002
  2.6358000e+003 -7.0810000e-002
  2.6360000e+003 -4.7826000e-002
  2.6362000e+003 -4.0760000e-003
  2.6364000e+003  4.2319000e-002
  2.6366000e+003  7.7056000e-002
  2.6368000e+003  9.3293000e-002
  2.6370000e+003  9.0503000e-002
  2.6372000e+003  7.1954000e-002
  2.6374000e+003  4.3010000e-002
  2.6376000e+003  1.0752000e-002
  2.6378000e+003 -1.6546000e-002
  2.6380000e+003 -3.0755000e-002
  2.6382000e+003 -2.7108000e-002
  2.6384000e+003 -6.5560000e-003
  2.6386000e+003  2.3436000e-002
  2.6388000e+003  5.1116000e-002
  2.6390000e+003  6.7019000e-002
  2.6392000e+003  6.7186000e-002
  2.6394000e+003  5.5599000e-002
  2.6396000e+003  4.0173000e-002
  2.6398000e+003  2.8562000e-002
  2.6400000e+003  2.4223000e-002
  2.6402000e+003  2.5129000e-002
  2.6404000e+003  2.6106000e-002
  2.6406000e+003  2.3150000e-002
  2.6408000e+003  1.5568000e-002
  2.6410000e+003  6.4370000e-003
  2.6412000e+003  8.8200000e-004
  2.6414000e+003  3.2660000e-003
  2.6416000e+003  1.6236000e-002
  2.6418000e+003  3.9315000e-002
  2.6420000e+003  6.9952000e-002
  2.6422000e+003  1.0395000e-001
  2.6424000e+003  1.3687600e-001
  2.6426000e+003  1.6546200e-001
  2.6428000e+003  1.8782600e-001
  2.6430000e+003  2.0375200e-001
  2.6432000e+003  2.1345600e-001
  2.6434000e+003  2.1755600e-001
  2.6436000e+003  2.1770000e-001
  2.6438000e+003  2.1700800e-001
  2.6440000e+003  2.1958300e-001
  2.6442000e+003  2.2816600e-001
  2.6444000e+003  2.4127900e-001
  2.6446000e+003  2.5112600e-001
  2.6448000e+003  2.4657200e-001
  2.6450000e+003  2.1855800e-001
  2.6452000e+003  1.6708300e-001
  2.6454000e+003  1.0321100e-001
  2.6456000e+003  4.5180000e-002
  2.6458000e+003  1.0538000e-002
  2.6460000e+003  5.6980000e-003
  2.6462000e+003  2.3150000e-002
  2.6464000e+003  4.4155000e-002
  2.6466000e+003  4.9734000e-002
  2.6468000e+003  2.9730000e-002
  2.6470000e+003 -1.1515000e-002
  2.6472000e+003 -5.9342000e-002
  2.6474000e+003 -9.6344000e-002
  2.6476000e+003 -1.1122200e-001
  2.6478000e+003 -1.0116100e-001
  2.6480000e+003 -6.9141000e-002
  2.6482000e+003 -1.9955000e-002
  2.6484000e+003  4.2819000e-002
  2.6486000e+003  1.1482200e-001
  2.6488000e+003  1.8718200e-001
  2.6490000e+003  2.4712000e-001
  2.6492000e+003  2.8140500e-001
  2.6494000e+003  2.8438500e-001
  2.6496000e+003  2.6118700e-001
  2.6498000e+003  2.2585300e-001
  2.6500000e+003  1.9347600e-001
  2.6502000e+003  1.7240000e-001
  2.6504000e+003  1.6105100e-001
  2.6506000e+003  1.5003600e-001
  2.6508000e+003  1.2950800e-001
  2.6510000e+003  9.5701000e-002
  2.6512000e+003  5.3763000e-002
  2.6514000e+003  1.5377000e-002
  2.6516000e+003 -6.2220000e-003
  2.6518000e+003 -2.9560000e-003
  2.6520000e+003  2.5367000e-002
  2.6522000e+003  7.0905000e-002
  2.6524000e+003  1.2073500e-001
  2.6526000e+003  1.6057400e-001
  2.6528000e+003  1.7724000e-001
  2.6530000e+003  1.6207600e-001
  2.6532000e+003  1.1267600e-001
  2.6534000e+003  3.5214000e-002
  2.6536000e+003 -5.5241000e-002
  2.6538000e+003 -1.3668500e-001
  2.6540000e+003 -1.8641900e-001
  2.6542000e+003 -1.9152100e-001
  2.6544000e+003 -1.5239700e-001
  2.6546000e+003 -8.4495000e-002
  2.6548000e+003 -1.0132000e-002
  2.6550000e+003  5.1093000e-002
  2.6552000e+003  9.0336000e-002
  2.6554000e+003  1.1160300e-001
  2.6556000e+003  1.2691000e-001
  2.6558000e+003  1.4722300e-001
  2.6560000e+003  1.7309100e-001
  2.6562000e+003  1.9447800e-001
  2.6564000e+003  1.9650400e-001
  2.6566000e+003  1.7144600e-001
  2.6568000e+003  1.2497900e-001
  2.6570000e+003  7.6818000e-002
  2.6572000e+003  4.9519000e-002
  2.6574000e+003  5.7911000e-002
  2.6576000e+003  9.9849000e-002
  2.6578000e+003  1.5854800e-001
  2.6580000e+003  2.0973600e-001
  2.6582000e+003  2.3360200e-001
  2.6584000e+003  2.2015500e-001
  2.6586000e+003  1.7063600e-001
  2.6588000e+003  9.7680000e-002
  2.6590000e+003  2.0861000e-002
  2.6592000e+003 -3.8337000e-002
  2.6594000e+003 -6.5445000e-002
  2.6596000e+003 -5.8293000e-002
  2.6598000e+003 -2.8705000e-002
  2.6600000e+003  4.1000000e-003
  2.6602000e+003  2.2554000e-002
  2.6604000e+003  1.7452000e-002
  2.6606000e+003 -1.0013000e-002
  2.6608000e+003 -5.3071000e-002
  2.6610000e+003 -1.0254300e-001
  2.6612000e+003 -1.4791400e-001
  2.6614000e+003 -1.7631000e-001
  2.6616000e+003 -1.7361600e-001
  2.6618000e+003 -1.3284600e-001
  2.6620000e+003 -6.0820000e-002
  2.6622000e+003  1.9836000e-002
  2.6624000e+003  8.1944000e-002
  2.6626000e+003  1.0712100e-001
  2.6628000e+003  9.6583000e-002
  2.6630000e+003  6.9236000e-002
  2.6632000e+003  4.8255000e-002
  2.6634000e+003  4.6467000e-002
  2.6636000e+003  6.0677000e-002
  2.6638000e+003  7.8201000e-002
  2.6640000e+003  8.6927000e-002
  2.6642000e+003  8.2945000e-002
  2.6644000e+003  6.8569000e-002
  2.6646000e+003  4.8303000e-002
  2.6648000e+003  2.5844000e-002
  2.6650000e+003  5.2690000e-003
  2.6652000e+003 -6.6990000e-003
  2.6654000e+003 -2.4550000e-003
  2.6656000e+003  2.1958000e-002
  2.6658000e+003  6.1178000e-002
  2.6660000e+003  1.0254300e-001
  2.6662000e+003  1.3272700e-001
  2.6664000e+003  1.4572100e-001
  2.6666000e+003  1.4345600e-001
  2.6668000e+003  1.3146400e-001
  2.6670000e+003  1.1360600e-001
  2.6672000e+003  9.1242000e-002
  2.6674000e+003  6.5636000e-002
  2.6676000e+003  4.0984000e-002
  2.6678000e+003  2.2673000e-002
  2.6680000e+003  1.3637000e-002
  2.6682000e+003  1.1324000e-002
  2.6684000e+003  9.2020000e-003
  2.6686000e+003  1.8110000e-003
  2.6688000e+003 -9.1790000e-003
  2.6690000e+003 -1.6593000e-002
  2.6692000e+003 -1.2660000e-002
  2.6694000e+003  5.2450000e-003
  2.6696000e+003  3.4022000e-002
  2.6698000e+003  6.6542000e-002
  2.6700000e+003  9.6035000e-002
  2.6702000e+003  1.1630000e-001
  2.6704000e+003  1.2123500e-001
  2.6706000e+003  1.0526100e-001
  2.6708000e+003  6.5064000e-002
  2.6710000e+003  4.5060000e-003
  2.6712000e+003 -6.2727000e-002
  2.6714000e+003 -1.1463100e-001
  2.6716000e+003 -1.2831600e-001
  2.6718000e+003 -9.2506000e-002
  2.6720000e+003 -1.3160000e-002
  2.6722000e+003  8.5949000e-002
  2.6724000e+003  1.7461700e-001
  2.6726000e+003  2.2709300e-001
  2.6728000e+003  2.3343500e-001
  2.6730000e+003  2.0089100e-001
  2.6732000e+003  1.4791400e-001
  2.6734000e+003  9.4628000e-002
  2.6736000e+003  5.5170000e-002
  2.6738000e+003  3.5595000e-002
  2.6740000e+003  3.4403000e-002
  2.6742000e+003  4.5156000e-002
  2.6744000e+003  5.7458000e-002
  2.6746000e+003  5.9962000e-002
  2.6748000e+003  4.5585000e-002
  2.6750000e+003  1.5735000e-002
  2.6752000e+003 -1.8429000e-002
  2.6754000e+003 -4.2200000e-002
  2.6756000e+003 -4.5013000e-002
  2.6758000e+003 -2.9253000e-002
  2.6760000e+003 -8.5590000e-003
  2.6762000e+003 -4.7600000e-004
  2.6764000e+003 -1.4066000e-002
  2.6766000e+003 -4.4846000e-002
  2.6768000e+003 -7.5864000e-002
  2.6770000e+003 -8.9740000e-002
  2.6772000e+003 -7.7581000e-002
  2.6774000e+003 -4.3654000e-002
  2.6776000e+003 -2.3600000e-003
  2.6778000e+003  2.9444000e-002
  2.6780000e+003  3.9649000e-002
  2.6782000e+003  2.5534000e-002
  2.6784000e+003 -8.6060000e-003
  2.6786000e+003 -5.3310000e-002
  2.6788000e+003 -9.7846000e-002
  2.6790000e+003 -1.3175000e-001
  2.6792000e+003 -1.4595900e-001
  2.6794000e+003 -1.3532600e-001
  2.6796000e+003 -1.0130400e-001
  2.6798000e+003 -5.4597000e-002
  2.6800000e+003 -1.1372000e-002
  2.6802000e+003  1.2016000e-002
  2.6804000e+003  7.5340000e-003
  2.6806000e+003 -1.8954000e-002
  2.6808000e+003 -4.9710000e-002
  2.6810000e+003 -6.5445000e-002
  2.6812000e+003 -5.7959000e-002
  2.6814000e+003 -3.5166000e-002
  2.6816000e+003 -1.7595000e-002
  2.6818000e+003 -2.5010000e-002
  2.6820000e+003 -6.4492000e-002
  2.6822000e+003 -1.2354800e-001
  2.6824000e+003 -1.7755000e-001
  2.6826000e+003 -2.0081900e-001
  2.6828000e+003 -1.8119800e-001
  2.6830000e+003 -1.2423900e-001
  2.6832000e+003 -5.0497000e-002
  2.6834000e+003  1.5044000e-002
  2.6836000e+003  5.3644000e-002
  2.6838000e+003  5.8841000e-002
  2.6840000e+003  3.8933000e-002
  2.6842000e+003  9.8700000e-003
  2.6844000e+003 -1.2350000e-002
  2.6846000e+003 -2.1195000e-002
  2.6848000e+003 -1.9955000e-002
  2.6850000e+003 -1.9025000e-002
  2.6852000e+003 -2.6631000e-002
  2.6854000e+003 -4.4369000e-002
  2.6856000e+003 -6.7043000e-002
  2.6858000e+003 -8.7976000e-002
  2.6860000e+003 -1.0404500e-001
  2.6862000e+003 -1.1646700e-001
  2.6864000e+003 -1.2688600e-001
  2.6866000e+003 -1.3225000e-001
  2.6868000e+003 -1.2419200e-001
  2.6870000e+003 -9.5319000e-002
  2.6872000e+003 -4.5680000e-002
  2.6874000e+003  1.4352000e-002
  2.6876000e+003  6.8736000e-002
  2.6878000e+003  1.0509400e-001
  2.6880000e+003  1.2147400e-001
  2.6882000e+003  1.2528800e-001
  2.6884000e+003  1.2688600e-001
  2.6886000e+003  1.3105800e-001
  2.6888000e+003  1.3439600e-001
  2.6890000e+003  1.2989000e-001
  2.6892000e+003  1.1415400e-001
  2.6894000e+003  9.1505000e-002
  2.6896000e+003  7.2073000e-002
  2.6898000e+003  6.5231000e-002
  2.6900000e+003  7.4195000e-002
  2.6902000e+003  9.5677000e-002
  2.6904000e+003  1.2252300e-001
  2.6906000e+003  1.4700800e-001
  2.6908000e+003  1.6050300e-001
  2.6910000e+003  1.5296900e-001
  2.6912000e+003  1.1520300e-001
  2.6914000e+003  4.3058000e-002
  2.6916000e+003 -5.5408000e-002
  2.6918000e+003 -1.5945400e-001
  2.6920000e+003 -2.4049200e-001
  2.6922000e+003 -2.7670800e-001
  2.6924000e+003 -2.6245100e-001
  2.6926000e+003 -2.1212100e-001
  2.6928000e+003 -1.5158600e-001
  2.6930000e+003 -1.0418800e-001
  2.6932000e+003 -8.0204000e-002
  2.6934000e+003 -7.4315000e-002
  2.6936000e+003 -7.3647000e-002
  2.6938000e+003 -6.7543000e-002
  2.6940000e+003 -5.6362000e-002
  2.6942000e+003 -4.9567000e-002
  2.6944000e+003 -5.8627000e-002
  2.6946000e+003 -8.7785000e-002
  2.6948000e+003 -1.3034300e-001
  2.6950000e+003 -1.7066000e-001
  2.6952000e+003 -1.9266600e-001
  2.6954000e+003 -1.8589400e-001
  2.6956000e+003 -1.4979800e-001
  2.6958000e+003 -9.2291000e-002
  2.6960000e+003 -2.6917000e-002
  2.6962000e+003  3.0970000e-002
  2.6964000e+003  6.9117000e-002
  2.6966000e+003  8.0299000e-002
  2.6968000e+003  6.5445000e-002
  2.6970000e+003  3.3545000e-002
  2.6972000e+003 -1.0960000e-003
  2.6974000e+003 -2.4318000e-002
  2.6976000e+003 -2.7918000e-002
  2.6978000e+003 -1.1253000e-002
  2.6980000e+003  1.9264000e-002
  2.6982000e+003  5.4931000e-002
  2.6984000e+003  8.7952000e-002
  2.6986000e+003  1.1348700e-001
  2.6988000e+003  1.2950800e-001
  2.6990000e+003  1.3625600e-001
  2.6992000e+003  1.3594600e-001
  2.6994000e+003  1.3232200e-001
  2.6996000e+003  1.2900800e-001
  2.6998000e+003  1.2776800e-001
  2.7000000e+003  1.2812600e-001
