  6.5000000e+002 -1.5044200e-001
  6.5020000e+002 -1.2850700e-001
  6.5040000e+002 -9.0098000e-002
  6.5060000e+002 -3.7312000e-002
  6.5080000e+002  2.9492000e-002
  6.5100000e+002  1.1122200e-001
  6.5120000e+002  2.0518300e-001
  6.5140000e+002  2.9933400e-001
  6.5160000e+002  3.7016800e-001
  6.5180000e+002  3.9446300e-001
  6.5200000e+002  3.6249100e-001
  6.5220000e+002  2.8939200e-001
  6.5240000e+002  2.0906900e-001
  6.5260000e+002  1.5885800e-001
  6.5280000e+002  1.5988300e-001
  6.5300000e+002  2.0709000e-001
  6.5320000e+002  2.7525400e-001
  6.5340000e+002  3.3435800e-001
  6.5360000e+002  3.6704500e-001
  6.5380000e+002  3.7221900e-001
  6.5400000e+002  3.5929600e-001
  6.5420000e+002  3.3698000e-001
  6.5440000e+002  3.0808400e-001
  6.5460000e+002  2.7153400e-001
  6.5480000e+002  2.2976300e-001
  6.5500000e+002  1.9156900e-001
  6.5520000e+002  1.6767900e-001
  6.5540000e+002  1.6086100e-001
  6.5560000e+002  1.6086100e-001
  6.5580000e+002  1.4836700e-001
  6.5600000e+002  1.0869500e-001
  6.5620000e+002  4.4012000e-002
  6.5640000e+002 -2.5177000e-002
  6.5660000e+002 -7.4100000e-002
  6.5680000e+002 -8.8715000e-002
  6.5700000e+002 -7.6484000e-002
  6.5720000e+002 -5.9676000e-002
  6.5740000e+002 -6.1130000e-002
  6.5760000e+002 -8.6760000e-002
  6.5780000e+002 -1.2438200e-001
  6.5800000e+002 -1.5220600e-001
  6.5820000e+002 -1.5478100e-001
  6.5840000e+002 -1.3000900e-001
  6.5860000e+002 -8.8500000e-002
  6.5880000e+002 -4.4608000e-002
  6.5900000e+002 -1.3446000e-002
  6.5920000e+002 -8.3680000e-003
  6.5940000e+002 -3.5810000e-002
  6.5960000e+002 -9.0909000e-002
  6.5980000e+002 -1.5459000e-001
  6.6000000e+002 -2.0127200e-001
  6.6020000e+002 -2.0985600e-001
  6.6040000e+002 -1.7621500e-001
  6.6060000e+002 -1.1439300e-001
  6.6080000e+002 -4.7564000e-002
  6.6100000e+002  4.4100000e-003
  6.6120000e+002  3.5858000e-002
  6.6140000e+002  5.4454000e-002
  6.6160000e+002  7.3170000e-002
  6.6180000e+002  9.9396000e-002
  6.6200000e+002  1.3089100e-001
  6.6220000e+002  1.5790400e-001
  6.6240000e+002  1.6880000e-001
  6.6260000e+002  1.5385100e-001
  6.6280000e+002  1.0893300e-001
  6.6300000e+002  3.6883000e-002
  6.6320000e+002 -5.1259000e-002
  6.6340000e+002 -1.3556400e-001
  6.6360000e+002 -1.9199800e-001
  6.6380000e+002 -1.9736200e-001
  6.6400000e+002 -1.4207300e-001
  6.6420000e+002 -3.5977000e-002
  6.6440000e+002  9.3650000e-002
  6.6460000e+002  2.0687500e-001
  6.6480000e+002  2.7127200e-001
  6.6500000e+002  2.8402800e-001
  6.6520000e+002  2.6514500e-001
  6.6540000e+002  2.2904800e-001
  6.6560000e+002  1.7294800e-001
  6.6580000e+002  1.0793200e-001
  6.6600000e+002  7.3051000e-002
  6.6620000e+002  8.6355000e-002
  6.6640000e+002  1.0318700e-001
  6.6660000e+002  6.0224000e-002
  6.6680000e+002 -1.5997000e-002
  6.6700000e+002 -1.2469000e-002
  6.6720000e+002  8.3637000e-002
  6.6740000e+002  6.6995000e-002
  6.6760000e+002 -2.9118000e-001
  6.6780000e+002 -9.5918100e-001
  6.6800000e+002 -1.5249720e+000
  6.6820000e+002 -1.5870800e+000
  6.6840000e+002 -1.0985370e+000
  6.6860000e+002 -4.0512000e-001
  6.6880000e+002  1.2142600e-001
  6.6900000e+002  3.5479000e-001
  6.6920000e+002  4.0731400e-001
  6.6940000e+002  3.9350900e-001
  6.6960000e+002  3.5042700e-001
  6.6980000e+002  2.7503900e-001
  6.7000000e+002  1.9218900e-001
  6.7020000e+002  1.4173900e-001
  6.7040000e+002  1.3072400e-001
  6.7060000e+002  1.4262100e-001
  6.7080000e+002  1.6450800e-001
  6.7100000e+002  1.9583700e-001
  6.7120000e+002  2.3505600e-001
  6.7140000e+002  2.7244000e-001
  6.7160000e+002  3.0078800e-001
  6.7180000e+002  3.1991000e-001
  6.7200000e+002  3.2608500e-001
  6.7220000e+002  3.0844200e-001
  6.7240000e+002  2.5703900e-001
  6.7260000e+002  1.7242400e-001
  6.7280000e+002  6.7734000e-002
  6.7300000e+002 -3.0207000e-002
  6.7320000e+002 -9.3102000e-002
  6.7340000e+002 -1.1003000e-001
  6.7360000e+002 -9.1123000e-002
  6.7380000e+002 -6.1798000e-002
  6.7400000e+002 -4.3702000e-002
  6.7420000e+002 -4.2986000e-002
  6.7440000e+002 -4.9710000e-002
  6.7460000e+002 -5.0258000e-002
  6.7480000e+002 -3.8170000e-002
  6.7500000e+002 -1.6808000e-002
  6.7520000e+002  7.9630000e-003
  6.7540000e+002  3.5381000e-002
  6.7560000e+002  6.9880000e-002
  6.7580000e+002  1.1351100e-001
  6.7600000e+002  1.5890500e-001
  6.7620000e+002  1.8911300e-001
  6.7640000e+002  1.9009100e-001
  6.7660000e+002  1.6100400e-001
  6.7680000e+002  1.1663400e-001
  6.7700000e+002  7.5602000e-002
  6.7720000e+002  5.0759000e-002
  6.7740000e+002  4.2676000e-002
  6.7760000e+002  4.4775000e-002
  6.7780000e+002  4.9281000e-002
  6.7800000e+002  5.1236000e-002
  6.7820000e+002  4.8661000e-002
  6.7840000e+002  4.0650000e-002
  6.7860000e+002  2.5463000e-002
  6.7880000e+002  5.9600000e-004
  6.7900000e+002 -3.5381000e-002
  6.7920000e+002 -7.9321000e-002
  6.7940000e+002 -1.2261800e-001
  6.7960000e+002 -1.5373200e-001
  6.7980000e+002 -1.6410300e-001
  6.8000000e+002 -1.5156200e-001
  6.8020000e+002 -1.2032900e-001
  6.8040000e+002 -7.8153000e-002
  6.8060000e+002 -3.3164000e-002
  6.8080000e+002  6.6040000e-003
  6.8100000e+002  3.4570000e-002
  6.8120000e+002  4.7850000e-002
  6.8140000e+002  4.8565000e-002
  6.8160000e+002  4.1413000e-002
  6.8180000e+002  2.9301000e-002
  6.8200000e+002  1.1324000e-002
  6.8220000e+002 -1.2636000e-002
  6.8240000e+002 -3.8456000e-002
  6.8260000e+002 -5.7554000e-002
  6.8280000e+002 -6.0963000e-002
  6.8300000e+002 -4.1842000e-002
  6.8320000e+002  3.9330000e-003
  6.8340000e+002  7.6556000e-002
  6.8360000e+002  1.6736900e-001
  6.8380000e+002  2.5534600e-001
  6.8400000e+002  3.1456900e-001
  6.8420000e+002  3.2517900e-001
  6.8440000e+002  2.8519600e-001
  6.8460000e+002  2.1009400e-001
  6.8480000e+002  1.2362000e-001
  6.8500000e+002  4.5585000e-002
  6.8520000e+002 -1.6641000e-002
  6.8540000e+002 -6.5207000e-002
  6.8560000e+002 -1.0519000e-001
  6.8580000e+002 -1.3585000e-001
  6.8600000e+002 -1.4846300e-001
  6.8620000e+002 -1.3146400e-001
  6.8640000e+002 -8.0299000e-002
  6.8660000e+002 -2.8840000e-003
  6.8680000e+002  8.0132000e-002
  6.8700000e+002  1.4531600e-001
  6.8720000e+002  1.7495100e-001
  6.8740000e+002  1.6767900e-001
  6.8760000e+002  1.3828200e-001
  6.8780000e+002  1.1048300e-001
  6.8800000e+002  1.0378300e-001
  6.8820000e+002  1.2483500e-001
  6.8840000e+002  1.6834700e-001
  6.8860000e+002  2.2389800e-001
  6.8880000e+002  2.8290700e-001
  6.8900000e+002  3.3829200e-001
  6.8920000e+002  3.8492600e-001
  6.8940000e+002  4.1959200e-001
  6.8960000e+002  4.4212300e-001
  6.8980000e+002  4.5266100e-001
  6.9000000e+002  4.4806000e-001
  6.9020000e+002  4.2159500e-001
  6.9040000e+002  3.6957200e-001
  6.9060000e+002  2.9656800e-001
  6.9080000e+002  2.1700800e-001
  6.9100000e+002  1.4774700e-001
  6.9120000e+002  1.0151800e-001
  6.9140000e+002  8.4996000e-002
  6.9160000e+002  9.6774000e-002
  6.9180000e+002  1.2903200e-001
  6.9200000e+002  1.6882400e-001
  6.9220000e+002  2.0372800e-001
  6.9240000e+002  2.2611600e-001
  6.9260000e+002  2.3608200e-001
  6.9280000e+002  2.3934800e-001
  6.9300000e+002  2.4263800e-001
  6.9320000e+002  2.5026700e-001
  6.9340000e+002  2.6330900e-001
  6.9360000e+002  2.8128600e-001
  6.9380000e+002  3.0310100e-001
  6.9400000e+002  3.2634700e-001
  6.9420000e+002  3.4537300e-001
  6.9440000e+002  3.5052200e-001
  6.9460000e+002  3.3164000e-001
  6.9480000e+002  2.8355100e-001
  6.9500000e+002  2.1357500e-001
  6.9520000e+002  1.4040400e-001
  6.9540000e+002  8.9311000e-002
  6.9560000e+002  7.8582000e-002
  6.9580000e+002  1.1050700e-001
  6.9600000e+002  1.7089800e-001
  6.9620000e+002  2.3939600e-001
  6.9640000e+002  3.0171800e-001
  6.9660000e+002  3.5405100e-001
  6.9680000e+002  3.9970800e-001
  6.9700000e+002  4.4054900e-001
  6.9720000e+002  4.7216400e-001
  6.9740000e+002  4.8482400e-001
  6.9760000e+002  4.6913600e-001
  6.9780000e+002  4.2233400e-001
  6.9800000e+002  3.5433700e-001
  6.9820000e+002  2.8572000e-001
  6.9840000e+002  2.4113600e-001
  6.9860000e+002  2.3543800e-001
  6.9880000e+002  2.6926900e-001
  6.9900000e+002  3.2937500e-001
  6.9920000e+002  3.9863500e-001
  6.9940000e+002  4.6422400e-001
  6.9960000e+002  5.2003800e-001
  6.9980000e+002  5.6483700e-001
  7.0000000e+002  5.9802500e-001
  7.0020000e+002  6.1748000e-001
  7.0040000e+002  6.2046000e-001
  7.0060000e+002  6.0567800e-001
  7.0080000e+002  5.7415900e-001
  7.0100000e+002  5.2855000e-001
  7.0120000e+002  4.7309300e-001
  7.0140000e+002  4.1680300e-001
  7.0160000e+002  3.7477000e-001
  7.0180000e+002  3.6575700e-001
  7.0200000e+002  4.0280800e-001
  7.0220000e+002  4.8513400e-001
  7.0240000e+002  5.9587900e-001
  7.0260000e+002  7.0869900e-001
  7.0280000e+002  8.0118100e-001
  7.0300000e+002  8.6245500e-001
  7.0320000e+002  8.9638200e-001
  7.0340000e+002  9.1433500e-001
  7.0360000e+002  9.2673300e-001
  7.0380000e+002  9.3593500e-001
  7.0400000e+002  9.3722300e-001
  7.0420000e+002  9.2434800e-001
  7.0440000e+002  8.9719200e-001
  7.0460000e+002  8.6355200e-001
  7.0480000e+002  8.3763500e-001
  7.0500000e+002  8.3332000e-001
  7.0520000e+002  8.5802000e-001
  7.0540000e+002  9.0939900e-001
  7.0560000e+002  9.7727700e-001
  7.0580000e+002  1.0486360e+000
  7.0600000e+002  1.1123890e+000
  7.0620000e+002  1.1637440e+000
  7.0640000e+002  1.2027970e+000
  7.0660000e+002  1.2317180e+000
  7.0680000e+002  1.2518160e+000
  7.0700000e+002  1.2616150e+000
  7.0720000e+002  1.2572760e+000
  7.0740000e+002  1.2364140e+000
  7.0760000e+002  1.2013430e+000
  7.0780000e+002  1.1603830e+000
  7.0800000e+002  1.1265270e+000
  7.0820000e+002  1.1121030e+000
  7.0840000e+002  1.1246440e+000
  7.0860000e+002  1.1646270e+000
  7.0880000e+002  1.2269970e+000
  7.0900000e+002  1.3046500e+000
  7.0920000e+002  1.3906000e+000
  7.0940000e+002  1.4784810e+000
  7.0960000e+002  1.5621420e+000
  7.0980000e+002  1.6353130e+000
  7.1000000e+002  1.6928910e+000
  7.1020000e+002  1.7328500e+000
  7.1040000e+002  1.7586460e+000
  7.1060000e+002  1.7782210e+000
  7.1080000e+002  1.8028730e+000
  7.1100000e+002  1.8435710e+000
  7.1120000e+002  1.9075870e+000
  7.1140000e+002  1.9968270e+000
  7.1160000e+002  2.1043770e+000
  7.1180000e+002  2.2176020e+000
  7.1200000e+002  2.3232690e+000
  7.1220000e+002  2.4135350e+000
  7.1240000e+002  2.4915210e+000
  7.1260000e+002  2.5663370e+000
  7.1280000e+002  2.6488540e+000
  7.1300000e+002  2.7436970e+000
  7.1320000e+002  2.8465030e+000
  7.1340000e+002  2.9489040e+000
  7.1360000e+002  3.0418150e+000
  7.1380000e+002  3.1240460e+000
  7.1400000e+002  3.2001010e+000
  7.1420000e+002  3.2800190e+000
  7.1440000e+002  3.3745760e+000
  7.1460000e+002  3.4917350e+000
  7.1480000e+002  3.6387680e+000
  7.1500000e+002  3.8168190e+000
  7.1520000e+002  4.0245770e+000
  7.1540000e+002  4.2550800e+000
  7.1560000e+002  4.4980040e+000
  7.1580000e+002  4.7449580e+000
  7.1600000e+002  4.9875020e+000
  7.1620000e+002  5.2265400e+000
  7.1640000e+002  5.4645530e+000
  7.1660000e+002  5.7061190e+000
  7.1680000e+002  5.9533110e+000
  7.1700000e+002  6.2000030e+000
  7.1720000e+002  6.4435950e+000
  7.1740000e+002  6.6812510e+000
  7.1760000e+002  6.9212670e+000
  7.1780000e+002  7.1789020e+000
  7.1800000e+002  7.4676270e+000
  7.1820000e+002  7.7996490e+000
  7.1840000e+002  8.1700560e+000
  7.1860000e+002  8.5733890e+000
  7.1880000e+002  9.0015640e+000
  7.1900000e+002  9.4547740e+000
  7.1920000e+002  9.9429360e+000
  7.1940000e+002  1.0470581e+001
  7.1960000e+002  1.1044907e+001
  7.1980000e+002  1.1660480e+001
  7.2000000e+002  1.2314796e+001
  7.2020000e+002  1.3006591e+001
  7.2040000e+002  1.3730359e+001
  7.2060000e+002  1.4487171e+001
  7.2080000e+002  1.5263986e+001
  7.2100000e+002  1.6058564e+001
  7.2120000e+002  1.6872286e+001
  7.2140000e+002  1.7718648e+001
  7.2160000e+002  1.8624567e+001
  7.2180000e+002  1.9601869e+001
  7.2200000e+002  2.0659255e+001
  7.2220000e+002  2.1780872e+001
  7.2240000e+002  2.2948122e+001
  7.2260000e+002  2.4152541e+001
  7.2280000e+002  2.5391769e+001
  7.2300000e+002  2.6686716e+001
  7.2320000e+002  2.8048753e+001
  7.2340000e+002  2.9489493e+001
  7.2360000e+002  3.1007599e+001
  7.2380000e+002  3.2592773e+001
  7.2400000e+002  3.4242391e+001
  7.2420000e+002  3.5949921e+001
  7.2440000e+002  3.7719750e+001
  7.2460000e+002  3.9552426e+001
  7.2480000e+002  4.1446256e+001
  7.2500000e+002  4.3397617e+001
  7.2520000e+002  4.5396113e+001
  7.2540000e+002  4.7433090e+001
  7.2560000e+002  4.9497652e+001
  7.2580000e+002  5.1578521e+001
  7.2600000e+002  5.3662252e+001
  7.2620000e+002  5.5733013e+001
  7.2640000e+002  5.7776856e+001
  7.2660000e+002  5.9791707e+001
  7.2680000e+002  6.1782312e+001
  7.2700000e+002  6.3759708e+001
  7.2720000e+002  6.5725779e+001
  7.2740000e+002  6.7666172e+001
  7.2760000e+002  6.9560599e+001
  7.2780000e+002  7.1379041e+001
  7.2800000e+002  7.3109126e+001
  7.2820000e+002  7.4745273e+001
  7.2840000e+002  7.6292228e+001
  7.2860000e+002  7.7762222e+001
  7.2880000e+002  7.9154300e+001
  7.2900000e+002  8.0476617e+001
  7.2920000e+002  8.1723308e+001
  7.2940000e+002  8.2891511e+001
  7.2960000e+002  8.3976078e+001
  7.2980000e+002  8.4961271e+001
  7.3000000e+002  8.5847330e+001
  7.3020000e+002  8.6626768e+001
  7.3040000e+002  8.7314653e+001
  7.3060000e+002  8.7929630e+001
  7.3080000e+002  8.8487744e+001
  7.3100000e+002  8.9007687e+001
  7.3120000e+002  8.9481067e+001
  7.3140000e+002  8.9908146e+001
  7.3160000e+002  9.0276288e+001
  7.3180000e+002  9.0582299e+001
  7.3200000e+002  9.0832972e+001
  7.3220000e+002  9.1026067e+001
  7.3240000e+002  9.1176271e+001
  7.3260000e+002  9.1278243e+001
  7.3280000e+002  9.1334199e+001
  7.3300000e+002  9.1340613e+001
  7.3320000e+002  9.1291594e+001
  7.3340000e+002  9.1201090e+001
  7.3360000e+002  9.1071534e+001
  7.3380000e+002  9.0921688e+001
  7.3400000e+002  9.0752315e+001
  7.3420000e+002  9.0555143e+001
  7.3440000e+002  9.0321469e+001
  7.3460000e+002  9.0026593e+001
  7.3480000e+002  8.9667844e+001
  7.3500000e+002  8.9231014e+001
  7.3520000e+002  8.8713693e+001
  7.3540000e+002  8.8111710e+001
  7.3560000e+002  8.7410306e+001
  7.3580000e+002  8.6609649e+001
  7.3600000e+002  8.5697460e+001
  7.3620000e+002  8.4684395e+001
  7.3640000e+002  8.3580136e+001
  7.3660000e+002  8.2391810e+001
  7.3680000e+002  8.1126046e+001
  7.3700000e+002  7.9765725e+001
  7.3720000e+002  7.8306365e+001
  7.3740000e+002  7.6739192e+001
  7.3760000e+002  7.5071883e+001
  7.3780000e+002  7.3321723e+001
  7.3800000e+002  7.1497607e+001
  7.3820000e+002  6.9612741e+001
  7.3840000e+002  6.7662930e+001
  7.3860000e+002  6.5652179e+001
  7.3880000e+002  6.3588905e+001
  7.3900000e+002  6.1485147e+001
  7.3920000e+002  5.9358549e+001
  7.3940000e+002  5.7216191e+001
  7.3960000e+002  5.5065226e+001
  7.3980000e+002  5.2911376e+001
  7.4000000e+002  5.0764584e+001
  7.4020000e+002  4.8638129e+001
  7.4040000e+002  4.6542620e+001
  7.4060000e+002  4.4482183e+001
  7.4080000e+002  4.2459011e+001
  7.4100000e+002  4.0474629e+001
  7.4120000e+002  3.8538217e+001
  7.4140000e+002  3.6661744e+001
  7.4160000e+002  3.4848070e+001
  7.4180000e+002  3.3098006e+001
  7.4200000e+002  3.1399989e+001
  7.4220000e+002  2.9753279e+001
  7.4240000e+002  2.8166484e+001
  7.4260000e+002  2.6651597e+001
  7.4280000e+002  2.5226807e+001
  7.4300000e+002  2.3888158e+001
  7.4320000e+002  2.2630429e+001
  7.4340000e+002  2.1434950e+001
  7.4360000e+002  2.0285773e+001
  7.4380000e+002  1.9180345e+001
  7.4400000e+002  1.8113207e+001
  7.4420000e+002  1.7097067e+001
  7.4440000e+002  1.6134381e+001
  7.4460000e+002  1.5233540e+001
  7.4480000e+002  1.4401817e+001
  7.4500000e+002  1.3636803e+001
  7.4520000e+002  1.2941360e+001
  7.4540000e+002  1.2299394e+001
  7.4560000e+002  1.1698865e+001
  7.4580000e+002  1.1121296e+001
  7.4600000e+002  1.0551238e+001
  7.4620000e+002  9.9878780e+000
  7.4640000e+002  9.4306230e+000
  7.4660000e+002  8.8959690e+000
  7.4680000e+002  8.3951710e+000
  7.4700000e+002  7.9392910e+000
  7.4720000e+002  7.5343840e+000
  7.4740000e+002  7.1744680e+000
  7.4760000e+002  6.8553920e+000
  7.4780000e+002  6.5642590e+000
  7.4800000e+002  6.2923430e+000
  7.4820000e+002  6.0292480e+000
  7.4840000e+002  5.7632440e+000
  7.4860000e+002  5.4884430e+000
  7.4880000e+002  5.1987170e+000
  7.4900000e+002  4.9009560e+000
  7.4920000e+002  4.6073670e+000
  7.4940000e+002  4.3361420e+000
  7.4960000e+002  4.1037550e+000
  7.4980000e+002  3.9155480e+000
  7.5000000e+002  3.7687540e+000
  7.5020000e+002  3.6484710e+000
  7.5040000e+002  3.5385600e+000
  7.5060000e+002  3.4260270e+000
  7.5080000e+002  3.3035270e+000
  7.5100000e+002  3.1724690e+000
  7.5120000e+002  3.0348300e+000
  7.5140000e+002  2.8949490e+000
  7.5160000e+002  2.7549980e+000
  7.5180000e+002  2.6161670e+000
  7.5200000e+002  2.4806730e+000
  7.5220000e+002  2.3502110e+000
  7.5240000e+002  2.2294990e+000
  7.5260000e+002  2.1223300e+000
  7.5280000e+002  2.0334950e+000
  7.5300000e+002  1.9663330e+000
  7.5320000e+002  1.9201270e+000
  7.5340000e+002  1.8912070e+000
  7.5360000e+002  1.8701310e+000
  7.5380000e+002  1.8465750e+000
  7.5400000e+002  1.8113850e+000
  7.5420000e+002  1.7606010e+000
  7.5440000e+002  1.6958950e+000
  7.5460000e+002  1.6221280e+000
  7.5480000e+002  1.5451900e+000
  7.5500000e+002  1.4698980e+000
  7.5520000e+002  1.4006130e+000
  7.5540000e+002  1.3415810e+000
  7.5560000e+002  1.2967100e+000
  7.5580000e+002  1.2692680e+000
  7.5600000e+002  1.2588260e+000
  7.5620000e+002  1.2612580e+000
  7.5640000e+002  1.2677660e+000
  7.5660000e+002  1.2672180e+000
  7.5680000e+002  1.2491460e+000
  7.5700000e+002  1.2052770e+000
  7.5720000e+002  1.1347050e+000
  7.5740000e+002  1.0443440e+000
  7.5760000e+002  9.4897700e-001
  7.5780000e+002  8.6455300e-001
  7.5800000e+002  8.0149100e-001
  7.5820000e+002  7.6062600e-001
  7.5840000e+002  7.3413800e-001
  7.5860000e+002  7.1208400e-001
  7.5880000e+002  6.8802800e-001
  7.5900000e+002  6.6111000e-001
  7.5920000e+002  6.3393100e-001
  7.5940000e+002  6.0861100e-001
  7.5960000e+002  5.8486400e-001
  7.5980000e+002  5.6149900e-001
  7.6000000e+002  5.3880200e-001
  7.6020000e+002  5.1927500e-001
  7.6040000e+002  5.0575700e-001
  7.6060000e+002  4.9796100e-001
  7.6080000e+002  4.9254800e-001
  7.6100000e+002  4.8587300e-001
  7.6120000e+002  4.7783800e-001
  7.6140000e+002  4.7299800e-001
  7.6160000e+002  4.7912500e-001
  7.6180000e+002  5.0110800e-001
  7.6200000e+002  5.3708500e-001
  7.6220000e+002  5.7630500e-001
  7.6240000e+002  6.0303200e-001
  7.6260000e+002  6.0470100e-001
  7.6280000e+002  5.7797400e-001
  7.6300000e+002  5.3105300e-001
  7.6320000e+002  4.7798100e-001
  7.6340000e+002  4.3218100e-001
  7.6360000e+002  3.9901700e-001
  7.6380000e+002  3.7608100e-001
  7.6400000e+002  3.5758000e-001
  7.6420000e+002  3.4046100e-001
  7.6440000e+002  3.2639500e-001
  7.6460000e+002  3.1945700e-001
  7.6480000e+002  3.2091100e-001
  7.6500000e+002  3.2725300e-001
  7.6520000e+002  3.3228300e-001
  7.6540000e+002  3.3092400e-001
  7.6560000e+002  3.2107800e-001
  7.6580000e+002  3.0267200e-001
  7.6600000e+002  2.7596900e-001
  7.6620000e+002  2.4158900e-001
  7.6640000e+002  2.0253600e-001
  7.6660000e+002  1.6615300e-001
  7.6680000e+002  1.4398000e-001
  7.6700000e+002  1.4636500e-001
  7.6720000e+002  1.7588100e-001
  7.6740000e+002  2.2556700e-001
  7.6760000e+002  2.7990300e-001
  7.6780000e+002  3.2339000e-001
  7.6800000e+002  3.4470500e-001
  7.6820000e+002  3.3993700e-001
  7.6840000e+002  3.1137400e-001
  7.6860000e+002  2.6490600e-001
  7.6880000e+002  2.0847300e-001
  7.6900000e+002  1.5084700e-001
  7.6920000e+002  1.0139900e-001
  7.6940000e+002  6.7901000e-002
  7.6960000e+002  5.4073000e-002
  7.6980000e+002  5.7983000e-002
  7.7000000e+002  7.3337000e-002
  7.7020000e+002  9.2911000e-002
  7.7040000e+002  1.1160300e-001
  7.7060000e+002  1.2829300e-001
  7.7080000e+002  1.4474300e-001
  7.7100000e+002  1.6279200e-001
  7.7120000e+002  1.8231800e-001
  7.7140000e+002  2.0053300e-001
  7.7160000e+002  2.1312200e-001
  7.7180000e+002  2.1696000e-001
  7.7200000e+002  2.1169100e-001
  7.7220000e+002  2.0029500e-001
  7.7240000e+002  1.8651400e-001
  7.7260000e+002  1.7349700e-001
  7.7280000e+002  1.6181400e-001
  7.7300000e+002  1.4944000e-001
  7.7320000e+002  1.3411000e-001
  7.7340000e+002  1.1541800e-001
  7.7360000e+002  9.6321000e-002
  7.7380000e+002  8.2373000e-002
  7.7400000e+002  7.9488000e-002
  7.7420000e+002  8.9764000e-002
  7.7440000e+002  1.1038700e-001
  7.7460000e+002  1.3399100e-001
  7.7480000e+002  1.5311200e-001
  7.7500000e+002  1.6381700e-001
  7.7520000e+002  1.6884800e-001
  7.7540000e+002  1.7542800e-001
  7.7560000e+002  1.9066300e-001
  7.7580000e+002  2.1584000e-001
  7.7600000e+002  2.4452200e-001
  7.7620000e+002  2.6512100e-001
  7.7640000e+002  2.6752900e-001
  7.7660000e+002  2.4876500e-001
  7.7680000e+002  2.1476700e-001
  7.7700000e+002  1.7795500e-001
  7.7720000e+002  1.5044200e-001
  7.7740000e+002  1.3916400e-001
  7.7760000e+002  1.4300300e-001
  7.7780000e+002  1.5437600e-001
  7.7800000e+002  1.6326900e-001
  7.7820000e+002  1.6202900e-001
  7.7840000e+002  1.4781900e-001
  7.7860000e+002  1.2307100e-001
  7.7880000e+002  9.3340000e-002
  7.7900000e+002  6.3467000e-002
  7.7920000e+002  3.4952000e-002
  7.7940000e+002  5.8410000e-003
  7.7960000e+002 -2.6679000e-002
  7.7980000e+002 -6.2108000e-002
  7.8000000e+002 -9.4294000e-002
  7.8020000e+002 -1.1358200e-001
  7.8040000e+002 -1.1141300e-001
  7.8060000e+002 -8.6140000e-002
  7.8080000e+002 -4.4918000e-002
  7.8100000e+002 -2.5980000e-003
  7.8120000e+002  2.5653000e-002
  7.8140000e+002  3.0398000e-002
  7.8160000e+002  1.1730000e-002
  7.8180000e+002 -2.1123000e-002
  7.8200000e+002 -5.4216000e-002
  7.8220000e+002 -7.4076000e-002
  7.8240000e+002 -7.3003000e-002
  7.8260000e+002 -4.9972000e-002
  7.8280000e+002 -1.0609000e-002
  7.8300000e+002  3.5190000e-002
  7.8320000e+002  7.6913000e-002
  7.8340000e+002  1.0571400e-001
  7.8360000e+002  1.1711100e-001
  7.8380000e+002  1.1141300e-001
  7.8400000e+002  9.3531000e-002
  7.8420000e+002  7.0905000e-002
  7.8440000e+002  5.1689000e-002
  7.8460000e+002  4.2438000e-002
  7.8480000e+002  4.6610000e-002
  7.8500000e+002  6.3681000e-002
  7.8520000e+002  8.8500000e-002
  7.8540000e+002  1.1258100e-001
  7.8560000e+002  1.2598000e-001
  7.8580000e+002  1.2211700e-001
  7.8600000e+002  1.0089800e-001
  7.8620000e+002  6.9403000e-002
  7.8640000e+002  3.7884000e-002
  7.8660000e+002  1.4019000e-002
  7.8680000e+002 -3.3300000e-004
  7.8700000e+002 -9.2500000e-003
  7.8720000e+002 -1.8095000e-002
  7.8740000e+002 -2.8157000e-002
  7.8760000e+002 -3.5309000e-002
  7.8780000e+002 -3.3235000e-002
  7.8800000e+002 -1.8477000e-002
  7.8820000e+002  6.1750000e-003
  7.8840000e+002  3.3307000e-002
  7.8860000e+002  5.4264000e-002
  7.8880000e+002  6.3967000e-002
  7.8900000e+002  6.2108000e-002
  7.8920000e+002  5.2666000e-002
  7.8940000e+002  4.1341000e-002
  7.8960000e+002  3.2663000e-002
  7.8980000e+002  2.7704000e-002
  7.9000000e+002  2.4271000e-002
  7.9020000e+002  1.8858000e-002
  7.9040000e+002  1.0228000e-002
  7.9060000e+002  1.3350000e-003
  7.9080000e+002 -1.9550000e-003
  7.9100000e+002  5.6260000e-003
  7.9120000e+002  2.2745000e-002
  7.9140000e+002  4.0507000e-002
  7.9160000e+002  4.6467000e-002
  7.9180000e+002  3.2782000e-002
  7.9200000e+002  1.4060000e-003
  7.9220000e+002 -3.4666000e-002
  7.9240000e+002 -5.9556000e-002
  7.9260000e+002 -6.1798000e-002
  7.9280000e+002 -4.0936000e-002
  7.9300000e+002 -6.7470000e-003
  7.9320000e+002  2.5129000e-002
  7.9340000e+002  4.1627000e-002
  7.9360000e+002  3.7312000e-002
  7.9380000e+002  1.5854000e-002
  7.9400000e+002 -1.1777000e-002
  7.9420000e+002 -3.3259000e-002
  7.9440000e+002 -3.9267000e-002
  7.9460000e+002 -2.8777000e-002
  7.9480000e+002 -8.3680000e-003
  7.9500000e+002  1.0800000e-002
  7.9520000e+002  1.9288000e-002
  7.9540000e+002  1.4638000e-002
  7.9560000e+002  2.8840000e-003
  7.9580000e+002 -5.5070000e-003
  7.9600000e+002 -1.1920000e-003
  7.9620000e+002  1.9097000e-002
  7.9640000e+002  5.0497000e-002
  7.9660000e+002  8.3255000e-002
  7.9680000e+002  1.0707300e-001
  7.9700000e+002  1.1587100e-001
  7.9720000e+002  1.0867100e-001
  7.9740000e+002  8.9216000e-002
  7.9760000e+002  6.4229000e-002
  7.9780000e+002  4.1604000e-002
  7.9800000e+002  2.9349000e-002
  7.9820000e+002  3.3307000e-002
  7.9840000e+002  5.4883000e-002
  7.9860000e+002  8.8071000e-002
  7.9880000e+002  1.2090200e-001
  7.9900000e+002  1.3871100e-001
  7.9920000e+002  1.3020000e-001
  7.9940000e+002  9.3650000e-002
  7.9960000e+002  3.7741000e-002
  7.9980000e+002 -2.1028000e-002
  8.0000000e+002 -6.6995000e-002
