  6.0000000e+002 -1.6596300e-001
  6.0020000e+002 -1.3554000e-001
  6.0040000e+002 -1.1589500e-001
  6.0060000e+002 -1.0135100e-001
  6.0080000e+002 -7.9965000e-002
  6.0100000e+002 -4.4870000e-002
  6.0120000e+002 -3.5760000e-003
  6.0140000e+002  2.5796000e-002
  6.0160000e+002  2.7346000e-002
  6.0180000e+002  1.5970000e-003
  6.0200000e+002 -3.3187000e-002
  6.0220000e+002 -5.2976000e-002
  6.0240000e+002 -4.2414000e-002
  6.0260000e+002 -5.0540000e-003
  6.0280000e+002  4.2343000e-002
  6.0300000e+002  7.9941000e-002
  6.0320000e+002  9.6321000e-002
  6.0340000e+002  9.1099000e-002
  6.0360000e+002  7.2598000e-002
  6.0380000e+002  4.9519000e-002
  6.0400000e+002  2.6035000e-002
  6.0420000e+002  0.0000000e+000
  6.0440000e+002 -3.2496000e-002
  6.0460000e+002 -7.3146000e-002
  6.0480000e+002 -1.1847000e-001
  6.0500000e+002 -1.6226700e-001
  6.0520000e+002 -1.9724300e-001
  6.0540000e+002 -2.1705600e-001
  6.0560000e+002 -2.1715100e-001
  6.0580000e+002 -1.9538400e-001
  6.0600000e+002 -1.5306400e-001
  6.0620000e+002 -9.6440000e-002
  6.0640000e+002 -3.7860000e-002
  6.0660000e+002  7.7240000e-003
  6.0680000e+002  2.9778000e-002
  6.0700000e+002  2.8538000e-002
  6.0720000e+002  1.5330000e-002
  6.0740000e+002  5.2920000e-003
  6.0760000e+002  9.8220000e-003
  6.0780000e+002  3.2305000e-002
  6.0800000e+002  7.1787000e-002
  6.0820000e+002  1.2667100e-001
  6.0840000e+002  1.9509700e-001
  6.0860000e+002  2.7174900e-001
  6.0880000e+002  3.4353700e-001
  6.0900000e+002  3.9305600e-001
  6.0920000e+002  4.0681300e-001
  6.0940000e+002  3.8387700e-001
  6.0960000e+002  3.3824400e-001
  6.0980000e+002  2.8986900e-001
  6.1000000e+002  2.5312900e-001
  6.1020000e+002  2.2952500e-001
  6.1040000e+002  2.1250200e-001
  6.1060000e+002  1.9478700e-001
  6.1080000e+002  1.7414000e-001
  6.1100000e+002  1.5230100e-001
  6.1120000e+002  1.3203600e-001
  6.1140000e+002  1.1401100e-001
  6.1160000e+002  9.7775000e-002
  6.1180000e+002  8.5425000e-002
  6.1200000e+002  8.1896000e-002
  6.1220000e+002  9.4246000e-002
  6.1240000e+002  1.2578900e-001
  6.1260000e+002  1.7144600e-001
  6.1280000e+002  2.1862900e-001
  6.1300000e+002  2.5069700e-001
  6.1320000e+002  2.5560800e-001
  6.1340000e+002  2.3193300e-001
  6.1360000e+002  1.9357200e-001
  6.1380000e+002  1.6491400e-001
  6.1400000e+002  1.7168500e-001
  6.1420000e+002  2.2289700e-001
  6.1440000e+002  3.0496100e-001
  6.1460000e+002  3.8461600e-001
  6.1480000e+002  4.2603000e-001
  6.1500000e+002  4.0814800e-001
  6.1520000e+002  3.3326100e-001
  6.1540000e+002  2.2499500e-001
  6.1560000e+002  1.1348700e-001
  6.1580000e+002  2.3293000e-002
  6.1600000e+002 -3.6311000e-002
  6.1620000e+002 -6.8593000e-002
  6.1640000e+002 -8.3589000e-002
  6.1660000e+002 -8.9216000e-002
  6.1680000e+002 -8.8167000e-002
  6.1700000e+002 -7.5244000e-002
  6.1720000e+002 -4.1723000e-002
  6.1740000e+002  1.6331000e-002
  6.1760000e+002  9.0885000e-002
  6.1780000e+002  1.6160000e-001
  6.1800000e+002  2.0585000e-001
  6.1820000e+002  2.1231100e-001
  6.1840000e+002  1.8942300e-001
  6.1860000e+002  1.5990700e-001
  6.1880000e+002  1.4829600e-001
  6.1900000e+002  1.6517600e-001
  6.1920000e+002  2.0406200e-001
  6.1940000e+002  2.4437900e-001
  6.1960000e+002  2.6650400e-001
  6.1980000e+002  2.6278400e-001
  6.2000000e+002  2.4096900e-001
  6.2020000e+002  2.1605400e-001
  6.2040000e+002  1.9881700e-001
  6.2060000e+002  1.8613300e-001
  6.2080000e+002  1.6477100e-001
  6.2100000e+002  1.2140200e-001
  6.2120000e+002  5.4502000e-002
  6.2140000e+002 -2.2172000e-002
  6.2160000e+002 -8.5806000e-002
  6.2180000e+002 -1.1703900e-001
  6.2200000e+002 -1.0964800e-001
  6.2220000e+002 -7.2264000e-002
  6.2240000e+002 -2.1791000e-002
  6.2260000e+002  2.6321000e-002
  6.2280000e+002  6.2584000e-002
  6.2300000e+002  8.5353000e-002
  6.2320000e+002  9.7370000e-002
  6.2340000e+002  1.0261500e-001
  6.2360000e+002  1.0416500e-001
  6.2380000e+002  1.0280600e-001
  6.2400000e+002  9.7274000e-002
  6.2420000e+002  8.4328000e-002
  6.2440000e+002  6.0868000e-002
  6.2460000e+002  2.7823000e-002
  6.2480000e+002 -8.5830000e-003
  6.2500000e+002 -3.8456000e-002
  6.2520000e+002 -5.3477000e-002
  6.2540000e+002 -5.2571000e-002
  6.2560000e+002 -4.1532000e-002
  6.2580000e+002 -2.8586000e-002
  6.2600000e+002 -1.7428000e-002
  6.2620000e+002 -6.1980000e-003
  6.2640000e+002  8.5350000e-003
  6.2660000e+002  2.5486000e-002
  6.2680000e+002  3.7646000e-002
  6.2700000e+002  3.5738000e-002
  6.2720000e+002  1.8191000e-002
  6.2740000e+002 -5.5780000e-003
  6.2760000e+002 -1.8048000e-002
  6.2780000e+002 -5.6020000e-003
  6.2800000e+002  3.4213000e-002
  6.2820000e+002  8.9311000e-002
  6.2840000e+002  1.4162000e-001
  6.2860000e+002  1.7464100e-001
  6.2880000e+002  1.8069700e-001
  6.2900000e+002  1.6183800e-001
  6.2920000e+002  1.2652800e-001
  6.2940000e+002  8.5091000e-002
  6.2960000e+002  4.5442000e-002
  6.2980000e+002  1.1873000e-002
  6.3000000e+002 -1.5664000e-002
  6.3020000e+002 -3.9720000e-002
  6.3040000e+002 -6.2036000e-002
  6.3060000e+002 -8.0537000e-002
  6.3080000e+002 -8.8095000e-002
  6.3100000e+002 -7.5578000e-002
  6.3120000e+002 -3.8361000e-002
  6.3140000e+002  1.9693000e-002
  6.3160000e+002  8.5473000e-002
  6.3180000e+002  1.4193000e-001
  6.3200000e+002  1.7540400e-001
  6.3220000e+002  1.7976700e-001
  6.3240000e+002  1.5859600e-001
  6.3260000e+002  1.2226100e-001
  6.3280000e+002  8.4352000e-002
  6.3300000e+002  5.6147000e-002
  6.3320000e+002  4.5585000e-002
  6.3340000e+002  5.7363000e-002
  6.3360000e+002  9.3221000e-002
  6.3380000e+002  1.5292100e-001
  6.3400000e+002  2.3307800e-001
  6.3420000e+002  3.2668100e-001
  6.3440000e+002  4.2357400e-001
  6.3460000e+002  5.1033400e-001
  6.3480000e+002  5.7229900e-001
  6.3500000e+002  5.9502100e-001
  6.3520000e+002  5.6998700e-001
  6.3540000e+002  5.0208500e-001
  6.3560000e+002  4.1060400e-001
  6.3580000e+002  3.2570300e-001
  6.3600000e+002  2.7375200e-001
  6.3620000e+002  2.6762400e-001
  6.3640000e+002  3.0126500e-001
  6.3660000e+002  3.5495700e-001
  6.3680000e+002  4.0435700e-001
  6.3700000e+002  4.3165600e-001
  6.3720000e+002  4.3225200e-001
  6.3740000e+002  4.1432300e-001
  6.3760000e+002  3.9353300e-001
  6.3780000e+002  3.8499800e-001
  6.3800000e+002  3.9610800e-001
  6.3820000e+002  4.2178600e-001
  6.3840000e+002  4.4817900e-001
  6.3860000e+002  4.5852600e-001
  6.3880000e+002  4.4381600e-001
  6.3900000e+002  4.0652700e-001
  6.3920000e+002  3.5839000e-001
  6.3940000e+002  3.1216100e-001
  6.3960000e+002  2.7492000e-001
  6.3980000e+002  2.4678700e-001
  6.4000000e+002  2.2473300e-001
  6.4020000e+002  2.0751900e-001
  6.4040000e+002  1.9636100e-001
  6.4060000e+002  1.9135400e-001
  6.4080000e+002  1.8749200e-001
  6.4100000e+002  1.7392600e-001
  6.4120000e+002  1.4276500e-001
  6.4140000e+002  9.5677000e-002
  6.4160000e+002  4.7469000e-002
  6.4180000e+002  1.8548000e-002
  6.4200000e+002  2.4151000e-002
  6.4220000e+002  6.4420000e-002
  6.4240000e+002  1.2311900e-001
  6.4260000e+002  1.7497500e-001
  6.4280000e+002  1.9669500e-001
  6.4300000e+002  1.7988600e-001
  6.4320000e+002  1.3303700e-001
  6.4340000e+002  7.8082000e-002
  6.4360000e+002  3.6787000e-002
  6.4380000e+002  2.1886000e-002
  6.4400000e+002  2.9969000e-002
  6.4420000e+002  4.5609000e-002
  6.4440000e+002  5.1140000e-002
  6.4460000e+002  3.6931000e-002
  6.4480000e+002  8.3200000e-003
  6.4500000e+002 -1.7642000e-002
  6.4520000e+002 -2.0980000e-002
  6.4540000e+002  8.7970000e-003
  6.4560000e+002  6.7138000e-002
  6.4580000e+002  1.3461100e-001
  6.4600000e+002  1.8801600e-001
  6.4620000e+002  2.0968900e-001
  6.4640000e+002  1.9698100e-001
  6.4660000e+002  1.6081300e-001
  6.4680000e+002  1.2016200e-001
  6.4700000e+002  9.2458000e-002
  6.4720000e+002  8.6307000e-002
  6.4740000e+002  9.9229000e-002
  6.4760000e+002  1.2128300e-001
  6.4780000e+002  1.4395700e-001
  6.4800000e+002  1.6720200e-001
  6.4820000e+002  1.9919800e-001
  6.4840000e+002  2.4759700e-001
  6.4860000e+002  3.0975300e-001
  6.4880000e+002  3.6859500e-001
  6.4900000e+002  4.0032800e-001
  6.4920000e+002  3.8769200e-001
  6.4940000e+002  3.3245000e-001
  6.4960000e+002  2.5415400e-001
  6.4980000e+002  1.8243700e-001
  6.5000000e+002  1.3837800e-001
  6.5020000e+002  1.2626600e-001
  6.5040000e+002  1.3368100e-001
  6.5060000e+002  1.4221600e-001
  6.5080000e+002  1.3689900e-001
  6.5100000e+002  1.1305800e-001
  6.5120000e+002  7.7438000e-002
  6.5140000e+002  4.2915000e-002
  6.5160000e+002  2.3055000e-002
  6.5180000e+002  2.5916000e-002
  6.5200000e+002  5.2142000e-002
  6.5220000e+002  9.6392000e-002
  6.5240000e+002  1.5044200e-001
  6.5260000e+002  2.0463400e-001
  6.5280000e+002  2.4850300e-001
  6.5300000e+002  2.7134400e-001
  6.5320000e+002  2.6445300e-001
  6.5340000e+002  2.2664000e-001
  6.5360000e+002  1.6703600e-001
  6.5380000e+002  1.0440300e-001
  6.5400000e+002  6.1655000e-002
  6.5420000e+002  5.5003000e-002
  6.5440000e+002  8.7189000e-002
  6.5460000e+002  1.4581600e-001
  6.5480000e+002  2.1104800e-001
  6.5500000e+002  2.6273700e-001
  6.5520000e+002  2.8905800e-001
  6.5540000e+002  2.8860500e-001
  6.5560000e+002  2.6733800e-001
  6.5580000e+002  2.3398300e-001
  6.5600000e+002  1.9607500e-001
  6.5620000e+002  1.5838100e-001
  6.5640000e+002  1.2407300e-001
  6.5660000e+002  9.7084000e-002
  6.5680000e+002  8.2111000e-002
  6.5700000e+002  8.2731000e-002
  6.5720000e+002  9.8514000e-002
  6.5740000e+002  1.2164100e-001
  6.5760000e+002  1.3718600e-001
  6.5780000e+002  1.2943700e-001
  6.5800000e+002  9.1242000e-002
  6.5820000e+002  3.2091000e-002
  6.5840000e+002 -2.5129000e-002
  6.5860000e+002 -5.2928000e-002
  6.5880000e+002 -3.5285000e-002
  6.5900000e+002  3.0064000e-002
  6.5920000e+002  1.3103400e-001
  6.5940000e+002  2.4626200e-001
  6.5960000e+002  3.4990300e-001
  6.5980000e+002  4.1720800e-001
  6.6000000e+002  4.3408800e-001
  6.6020000e+002  4.0245000e-001
  6.6040000e+002  3.4093800e-001
  6.6060000e+002  2.7480100e-001
  6.6080000e+002  2.2728400e-001
  6.6100000e+002  2.0887800e-001
  6.6120000e+002  2.1569700e-001
  6.6140000e+002  2.3224300e-001
  6.6160000e+002  2.3882300e-001
  6.6180000e+002  2.2149000e-001
  6.6200000e+002  1.7690600e-001
  6.6220000e+002  1.1360600e-001
  6.6240000e+002  4.5442000e-002
  6.6260000e+002 -1.3351000e-002
  6.6280000e+002 -5.2595000e-002
  6.6300000e+002 -6.6232000e-002
  6.6320000e+002 -5.1140000e-002
  6.6340000e+002 -4.8870000e-003
  6.6360000e+002  7.1191000e-002
  6.6380000e+002  1.6987300e-001
  6.6400000e+002  2.7675600e-001
  6.6420000e+002  3.7255200e-001
  6.6440000e+002  4.3790300e-001
  6.6460000e+002  4.6327100e-001
  6.6480000e+002  4.4813100e-001
  6.6500000e+002  4.0159200e-001
  6.6520000e+002  3.4010400e-001
  6.6540000e+002  2.8262100e-001
  6.6560000e+002  2.4564200e-001
  6.6580000e+002  2.3617700e-001
  6.6600000e+002  2.5069700e-001
  6.6620000e+002  2.7797200e-001
  6.6640000e+002  3.0558100e-001
  6.6660000e+002  3.2298500e-001
  6.6680000e+002  3.2360500e-001
  6.6700000e+002  3.0560400e-001
  6.6720000e+002  2.7337000e-001
  6.6740000e+002  2.4118400e-001
  6.6760000e+002  2.3481800e-001
  6.6780000e+002  2.8643600e-001
  6.6800000e+002  4.1432300e-001
  6.6820000e+002  5.9621300e-001
  6.6840000e+002  7.6985300e-001
  6.6860000e+002  8.6691300e-001
  6.6880000e+002  8.6176300e-001
  6.6900000e+002  7.7974700e-001
  6.6920000e+002  6.6661800e-001
  6.6940000e+002  5.4748000e-001
  6.6960000e+002  4.2622000e-001
  6.6980000e+002  3.0648700e-001
  6.7000000e+002  2.0587400e-001
  6.7020000e+002  1.4462400e-001
  6.7040000e+002  1.2431100e-001
  6.7060000e+002  1.3160700e-001
  6.7080000e+002  1.5189600e-001
  6.7100000e+002  1.8019600e-001
  6.7120000e+002  2.1812900e-001
  6.7140000e+002  2.6502600e-001
  6.7160000e+002  3.1445000e-001
  6.7180000e+002  3.5638800e-001
  6.7200000e+002  3.7989600e-001
  6.7220000e+002  3.7879900e-001
  6.7240000e+002  3.5512400e-001
  6.7260000e+002  3.2103000e-001
  6.7280000e+002  2.9253900e-001
  6.7300000e+002  2.8092800e-001
  6.7320000e+002  2.8777100e-001
  6.7340000e+002  3.0500800e-001
  6.7360000e+002  3.2153100e-001
  6.7380000e+002  3.3218800e-001
  6.7400000e+002  3.4148600e-001
  6.7420000e+002  3.6063100e-001
  6.7440000e+002  3.9882600e-001
  6.7460000e+002  4.5392500e-001
  6.7480000e+002  5.1326700e-001
  6.7500000e+002  5.6014000e-001
  6.7520000e+002  5.8572200e-001
  6.7540000e+002  5.9309000e-001
  6.7560000e+002  5.9466300e-001
  6.7580000e+002  6.0176800e-001
  6.7600000e+002  6.1805200e-001
  6.7620000e+002  6.3848400e-001
  6.7640000e+002  6.5569800e-001
  6.7660000e+002  6.6750000e-001
  6.7680000e+002  6.8066100e-001
  6.7700000e+002  7.0564700e-001
  6.7720000e+002  7.4927800e-001
  6.7740000e+002  8.0804800e-001
  6.7760000e+002  8.7172900e-001
  6.7780000e+002  9.2978400e-001
  6.7800000e+002  9.7923200e-001
  6.7820000e+002  1.0236500e+000
  6.7840000e+002  1.0663740e+000
  6.7860000e+002  1.1047360e+000
  6.7880000e+002  1.1315100e+000
  6.7900000e+002  1.1424540e+000
  6.7920000e+002  1.1440510e+000
  6.7940000e+002  1.1512990e+000
  6.7960000e+002  1.1790270e+000
  6.7980000e+002  1.2271880e+000
  6.8000000e+002  1.2808080e+000
  6.8020000e+002  1.3183110e+000
  6.8040000e+002  1.3301610e+000
  6.8060000e+002  1.3270610e+000
  6.8080000e+002  1.3360970e+000
  6.8100000e+002  1.3822790e+000
  6.8120000e+002  1.4734740e+000
  6.8140000e+002  1.5956640e+000
  6.8160000e+002  1.7238850e+000
  6.8180000e+002  1.8377780e+000
  6.8200000e+002  1.9304270e+000
  6.8220000e+002  2.0055050e+000
  6.8240000e+002  2.0693540e+000
  6.8260000e+002  2.1253340e+000
  6.8280000e+002  2.1761650e+000
  6.8300000e+002  2.2284980e+000
  6.8320000e+002  2.2917500e+000
  6.8340000e+002  2.3746490e+000
  6.8360000e+002  2.4767870e+000
  6.8380000e+002  2.5875320e+000
  6.8400000e+002  2.6921510e+000
  6.8420000e+002  2.7778860e+000
  6.8440000e+002  2.8433560e+000
  6.8460000e+002  2.8955450e+000
  6.8480000e+002  2.9460900e+000
  6.8500000e+002  3.0047410e+000
  6.8520000e+002  3.0757420e+000
  6.8540000e+002  3.1614780e+000
  6.8560000e+002  3.2629960e+000
  6.8580000e+002  3.3840890e+000
  6.8600000e+002  3.5273790e+000
  6.8620000e+002  3.6934370e+000
  6.8640000e+002  3.8803570e+000
  6.8660000e+002  4.0824650e+000
  6.8680000e+002  4.2977330e+000
  6.8700000e+002  4.5216790e+000
  6.8720000e+002  4.7513000e+000
  6.8740000e+002  4.9835200e+000
  6.8760000e+002  5.2138560e+000
  6.8780000e+002  5.4403780e+000
  6.8800000e+002  5.6552170e+000
  6.8820000e+002  5.8555120e+000
  6.8840000e+002  6.0441730e+000
  6.8860000e+002  6.2378880e+000
  6.8880000e+002  6.4651480e+000
  6.8900000e+002  6.7460290e+000
  6.8920000e+002  7.0886370e+000
  6.8940000e+002  7.4782840e+000
  6.8960000e+002  7.8933950e+000
  6.8980000e+002  8.3214520e+000
  6.9000000e+002  8.7613100e+000
  6.9020000e+002  9.2318770e+000
  6.9040000e+002  9.7402090e+000
  6.9060000e+002  1.0284829e+001
  6.9080000e+002  1.0846495e+001
  6.9100000e+002  1.1404967e+001
  6.9120000e+002  1.1962366e+001
  6.9140000e+002  1.2536239e+001
  6.9160000e+002  1.3168644e+001
  6.9180000e+002  1.3890266e+001
  6.9200000e+002  1.4711761e+001
  6.9220000e+002  1.5617728e+001
  6.9240000e+002  1.6565227e+001
  6.9260000e+002  1.7522501e+001
  6.9280000e+002  1.8469476e+001
  6.9300000e+002  1.9423341e+001
  6.9320000e+002  2.0426964e+001
  6.9340000e+002  2.1520709e+001
  6.9360000e+002  2.2736978e+001
  6.9380000e+002  2.4060726e+001
  6.9400000e+002  2.5458979e+001
  6.9420000e+002  2.6885223e+001
  6.9440000e+002  2.8315567e+001
  6.9460000e+002  2.9767513e+001
  6.9480000e+002  3.1278824e+001
  6.9500000e+002  3.2899165e+001
  6.9520000e+002  3.4641575e+001
  6.9540000e+002  3.6481904e+001
  6.9560000e+002  3.8367342e+001
  6.9580000e+002  4.0244984e+001
  6.9600000e+002  4.2096066e+001
  6.9620000e+002  4.3940162e+001
  6.9640000e+002  4.5821356e+001
  6.9660000e+002  4.7781872e+001
  6.9680000e+002  4.9831748e+001
  6.9700000e+002  5.1945471e+001
  6.9720000e+002  5.4071688e+001
  6.9740000e+002  5.6157398e+001
  6.9760000e+002  5.8174562e+001
  6.9780000e+002  6.0123562e+001
  6.9800000e+002  6.2027049e+001
  6.9820000e+002  6.3912820e+001
  6.9840000e+002  6.5785598e+001
  6.9860000e+002  6.7630934e+001
  6.9880000e+002  6.9410014e+001
  6.9900000e+002  7.1083712e+001
  6.9920000e+002  7.2631812e+001
  6.9940000e+002  7.4049425e+001
  6.9960000e+002  7.5362062e+001
  6.9980000e+002  7.6586413e+001
  7.0000000e+002  7.7737855e+001
  7.0020000e+002  7.8813600e+001
  7.0040000e+002  7.9798197e+001
  7.0060000e+002  8.0687642e+001
  7.0080000e+002  8.1476545e+001
  7.0100000e+002  8.2185697e+001
  7.0120000e+002  8.2834267e+001
  7.0140000e+002  8.3443546e+001
  7.0160000e+002  8.4031915e+001
  7.0180000e+002  8.4593367e+001
  7.0200000e+002  8.5122084e+001
  7.0220000e+002  8.5591244e+001
  7.0240000e+002  8.5983610e+001
  7.0260000e+002  8.6295723e+001
  7.0280000e+002  8.6536359e+001
  7.0300000e+002  8.6740183e+001
  7.0320000e+002  8.6928367e+001
  7.0340000e+002  8.7122821e+001
  7.0360000e+002  8.7324380e+001
  7.0380000e+002  8.7521433e+001
  7.0400000e+002  8.7706732e+001
  7.0420000e+002  8.7864637e+001
  7.0440000e+002  8.7998223e+001
  7.0460000e+002  8.8098835e+001
  7.0480000e+002  8.8160300e+001
  7.0500000e+002  8.8175678e+001
  7.0520000e+002  8.8133358e+001
  7.0540000e+002  8.8044762e+001
  7.0560000e+002  8.7915301e+001
  7.0580000e+002  8.7765240e+001
  7.0600000e+002  8.7600779e+001
  7.0620000e+002  8.7408113e+001
  7.0640000e+002  8.7169289e+001
  7.0660000e+002  8.6843395e+001
  7.0680000e+002  8.6419153e+001
  7.0700000e+002  8.5890007e+001
  7.0720000e+002  8.5268330e+001
  7.0740000e+002  8.4569382e+001
  7.0760000e+002  8.3783221e+001
  7.0780000e+002  8.2900404e+001
  7.0800000e+002  8.1889152e+001
  7.0820000e+002  8.0736780e+001
  7.0840000e+002  7.9446744e+001
  7.0860000e+002  7.8033208e+001
  7.0880000e+002  7.6527762e+001
  7.0900000e+002  7.4939823e+001
  7.0920000e+002  7.3278903e+001
  7.0940000e+002  7.1536278e+001
  7.0960000e+002  6.9697761e+001
  7.0980000e+002  6.7755746e+001
  7.1000000e+002  6.5699887e+001
  7.1020000e+002  6.3543748e+001
  7.1040000e+002  6.1305642e+001
  7.1060000e+002  5.9016108e+001
  7.1080000e+002  5.6705784e+001
  7.1100000e+002  5.4393625e+001
  7.1120000e+002  5.2095174e+001
  7.1140000e+002  4.9816823e+001
  7.1160000e+002  4.7564578e+001
  7.1180000e+002  4.5345783e+001
  7.1200000e+002  4.3168735e+001
  7.1220000e+002  4.1042065e+001
  7.1240000e+002  3.8975334e+001
  7.1260000e+002  3.6971211e+001
  7.1280000e+002  3.5034489e+001
  7.1300000e+002  3.3164095e+001
  7.1320000e+002  3.1357693e+001
  7.1340000e+002  2.9617929e+001
  7.1360000e+002  2.7941823e+001
  7.1380000e+002  2.6339769e+001
  7.1400000e+002  2.4814438e+001
  7.1420000e+002  2.3372483e+001
  7.1440000e+002  2.2020101e+001
  7.1460000e+002  2.0754265e+001
  7.1480000e+002  1.9583582e+001
  7.1500000e+002  1.8498826e+001
  7.1520000e+002  1.7495155e+001
  7.1540000e+002  1.6558218e+001
  7.1560000e+002  1.5669441e+001
  7.1580000e+002  1.4823913e+001
  7.1600000e+002  1.4011192e+001
  7.1620000e+002  1.3240814e+001
  7.1640000e+002  1.2515425e+001
  7.1660000e+002  1.1835885e+001
  7.1680000e+002  1.1200761e+001
  7.1700000e+002  1.0595488e+001
  7.1720000e+002  1.0018491e+001
  7.1740000e+002  9.4626180e+000
  7.1760000e+002  8.9325420e+000
  7.1780000e+002  8.4368700e+000
  7.1800000e+002  7.9803940e+000
  7.1820000e+002  7.5722450e+000
  7.1840000e+002  7.2047940e+000
  7.1860000e+002  6.8704840e+000
  7.1880000e+002  6.5538640e+000
  7.1900000e+002  6.2413690e+000
  7.1920000e+002  5.9306380e+000
  7.1940000e+002  5.6221480e+000
  7.1960000e+002  5.3274390e+000
  7.1980000e+002  5.0527090e+000
  7.2000000e+002  4.8024650e+000
  7.2020000e+002  4.5781610e+000
  7.2040000e+002  4.3786280e+000
  7.2060000e+002  4.2078490e+000
  7.2080000e+002  4.0638680e+000
  7.2100000e+002  3.9419410e+000
  7.2120000e+002  3.8283100e+000
  7.2140000e+002  3.7059540e+000
  7.2160000e+002  3.5643100e+000
  7.2180000e+002  3.4000870e+000
  7.2200000e+002  3.2241820e+000
  7.2220000e+002  3.0501120e+000
  7.2240000e+002  2.8907530e+000
  7.2260000e+002  2.7518980e+000
  7.2280000e+002  2.6309960e+000
  7.2300000e+002  2.5236120e+000
  7.2320000e+002  2.4240010e+000
  7.2340000e+002  2.3293970e+000
  7.2360000e+002  2.2378440e+000
  7.2380000e+002  2.1476740e+000
  7.2400000e+002  2.0588870e+000
  7.2420000e+002  1.9719360e+000
  7.2440000e+002  1.8894670e+000
  7.2460000e+002  1.8119810e+000
  7.2480000e+002  1.7369740e+000
  7.2500000e+002  1.6614430e+000
  7.2520000e+002  1.5850540e+000
  7.2540000e+002  1.5146970e+000
  7.2560000e+002  1.4607900e+000
  7.2580000e+002  1.4318700e+000
  7.2600000e+002  1.4262190e+000
  7.2620000e+002  1.4310350e+000
  7.2640000e+002  1.4289850e+000
  7.2660000e+002  1.4069790e+000
  7.2680000e+002  1.3649940e+000
  7.2700000e+002  1.3126370e+000
  7.2720000e+002  1.2620440e+000
  7.2740000e+002  1.2201300e+000
  7.2760000e+002  1.1856790e+000
  7.2780000e+002  1.1530160e+000
  7.2800000e+002  1.1164180e+000
  7.2820000e+002  1.0733360e+000
  7.2840000e+002  1.0253900e+000
  7.2860000e+002  9.7620400e-001
  7.2880000e+002  9.2997500e-001
  7.2900000e+002  8.8906200e-001
  7.2920000e+002  8.5365700e-001
  7.2940000e+002  8.2137500e-001
  7.2960000e+002  7.8923700e-001
  7.2980000e+002  7.5702600e-001
  7.3000000e+002  7.3075200e-001
  7.3020000e+002  7.2054800e-001
  7.3040000e+002  7.3399500e-001
  7.3060000e+002  7.6844600e-001
  7.3080000e+002  8.0809500e-001
  7.3100000e+002  8.3110300e-001
  7.3120000e+002  8.2035000e-001
  7.3140000e+002  7.7345300e-001
  7.3160000e+002  7.0271400e-001
  7.3180000e+002  6.2873300e-001
  7.3200000e+002  5.6784100e-001
  7.3220000e+002  5.2676200e-001
  7.3240000e+002  5.0148900e-001
  7.3260000e+002  4.8468100e-001
  7.3280000e+002  4.6925500e-001
  7.3300000e+002  4.5039600e-001
  7.3320000e+002  4.2564800e-001
  7.3340000e+002  3.9360500e-001
  7.3360000e+002  3.5557700e-001
  7.3380000e+002  3.1626200e-001
  7.3400000e+002  2.8388500e-001
  7.3420000e+002  2.6755300e-001
  7.3440000e+002  2.7117700e-001
  7.3460000e+002  2.9087000e-001
  7.3480000e+002  3.1385400e-001
  7.3500000e+002  3.2517900e-001
  7.3520000e+002  3.1485500e-001
  7.3540000e+002  2.8510000e-001
  7.3560000e+002  2.4843200e-001
  7.3580000e+002  2.2132300e-001
  7.3600000e+002  2.1443300e-001
  7.3620000e+002  2.2633000e-001
  7.3640000e+002  2.4507000e-001
  7.3660000e+002  2.5696700e-001
  7.3680000e+002  2.5575100e-001
  7.3700000e+002  2.4566600e-001
  7.3720000e+002  2.3732100e-001
  7.3740000e+002  2.3937200e-001
  7.3760000e+002  2.5269900e-001
  7.3780000e+002  2.7010400e-001
  7.3800000e+002  2.8207300e-001
  7.3820000e+002  2.8192900e-001
  7.3840000e+002  2.6962700e-001
  7.3860000e+002  2.5014800e-001
  7.3880000e+002  2.2988300e-001
  7.3900000e+002  2.1274000e-001
  7.3920000e+002  1.9972300e-001
  7.3940000e+002  1.9025800e-001
  7.3960000e+002  1.8417800e-001
  7.3980000e+002  1.8243700e-001
  7.4000000e+002  1.8641900e-001
  7.4020000e+002  1.9636100e-001
  7.4040000e+002  2.1059500e-001
  7.4060000e+002  2.2563900e-001
  7.4080000e+002  2.3775100e-001
  7.4100000e+002  2.4428300e-001
  7.4120000e+002  2.4447400e-001
  7.4140000e+002  2.3880000e-001
  7.4160000e+002  2.2833300e-001
  7.4180000e+002  2.1421900e-001
  7.4200000e+002  1.9810100e-001
  7.4220000e+002  1.8279500e-001
  7.4240000e+002  1.7166100e-001
  7.4260000e+002  1.6710700e-001
  7.4280000e+002  1.6944400e-001
  7.4300000e+002  1.7604800e-001
  7.4320000e+002  1.8322400e-001
  7.4340000e+002  1.8832600e-001
  7.4360000e+002  1.9173600e-001
  7.4380000e+002  1.9581300e-001
  7.4400000e+002  2.0225000e-001
  7.4420000e+002  2.0930700e-001
  7.4440000e+002  2.1147700e-001
  7.4460000e+002  2.0155900e-001
  7.4480000e+002  1.7585700e-001
  7.4500000e+002  1.3773400e-001
  7.4520000e+002  9.7393000e-002
  7.4540000e+002  6.7615000e-002
  7.4560000e+002  5.7601000e-002
  7.4580000e+002  6.9141000e-002
  7.4600000e+002  9.6154000e-002
  7.4620000e+002  1.2876900e-001
  7.4640000e+002  1.5738000e-001
  7.4660000e+002  1.7750200e-001
  7.4680000e+002  1.9037700e-001
  7.4700000e+002  2.0167800e-001
  7.4720000e+002  2.1626900e-001
  7.4740000e+002  2.3436500e-001
  7.4760000e+002  2.4995800e-001
  7.4780000e+002  2.5303300e-001
  7.4800000e+002  2.3539000e-001
  7.4820000e+002  1.9633700e-001
  7.4840000e+002  1.4450500e-001
  7.4860000e+002  9.4151000e-002
  7.4880000e+002  5.8579000e-002
  7.4900000e+002  4.2796000e-002
  7.4920000e+002  4.3416000e-002
  7.4940000e+002  5.1784000e-002
  7.4960000e+002  6.0820000e-002
  7.4980000e+002  6.7400000e-002
  7.5000000e+002  7.2193000e-002
  7.5020000e+002  7.6770000e-002
  7.5040000e+002  8.1324000e-002
  7.5060000e+002  8.5067000e-002
  7.5080000e+002  8.8453000e-002
  7.5100000e+002  9.4246000e-002
  7.5120000e+002  1.0619100e-001
  7.5140000e+002  1.2490700e-001
  7.5160000e+002  1.4548300e-001
  7.5180000e+002  1.5811900e-001
  7.5200000e+002  1.5356500e-001
  7.5220000e+002  1.2845900e-001
  7.5240000e+002  8.9764000e-002
  7.5260000e+002  5.1283000e-002
  7.5280000e+002  2.8610000e-002
  7.5300000e+002  3.1042000e-002
  7.5320000e+002  5.7840000e-002
  7.5340000e+002  9.9062000e-002
  7.5360000e+002  1.4042800e-001
  7.5380000e+002  1.6958700e-001
  7.5400000e+002  1.7964800e-001
  7.5420000e+002  1.7116000e-001
  7.5440000e+002  1.4982200e-001
  7.5460000e+002  1.2421600e-001
  7.5480000e+002  1.0209000e-001
  7.5500000e+002  8.7738000e-002
  7.5520000e+002  8.0943000e-002
  7.5540000e+002  7.6889000e-002
  7.5560000e+002  6.9427000e-002
  7.5580000e+002  5.4526000e-002
  7.5600000e+002  3.4260000e-002
  7.5620000e+002  1.6784000e-002
  7.5640000e+002  1.3399000e-002
  7.5660000e+002  3.1280000e-002
  7.5680000e+002  6.9379000e-002
  7.5700000e+002  1.1608600e-001
  7.5720000e+002  1.5504300e-001
  7.5740000e+002  1.7232800e-001
  7.5760000e+002  1.6312500e-001
  7.5780000e+002  1.3306100e-001
  7.5800000e+002  9.4127000e-002
  7.5820000e+002  5.8698000e-002
  7.5840000e+002  3.3307000e-002
  7.5860000e+002  1.9025000e-002
  7.5880000e+002  1.3327000e-002
  7.5900000e+002  1.3875000e-002
  7.5920000e+002  2.0766000e-002
  7.5940000e+002  3.5738000e-002
  7.5960000e+002  5.9580000e-002
  7.5980000e+002  8.9430000e-002
  7.6000000e+002  1.1768300e-001
  7.6020000e+002  1.3425300e-001
  7.6040000e+002  1.2993800e-001
  7.6060000e+002  1.0147000e-001
  7.6080000e+002  5.3453000e-002
  7.6100000e+002 -1.9550000e-003
  7.6120000e+002 -4.8518000e-002
  7.6140000e+002 -7.2121000e-002
  7.6160000e+002 -6.5302000e-002
  7.6180000e+002 -3.0303000e-002
  7.6200000e+002  2.3269000e-002
  7.6220000e+002  8.1276000e-002
  7.6240000e+002  1.3101100e-001
  7.6260000e+002  1.6441300e-001
  7.6280000e+002  1.7890900e-001
  7.6300000e+002  1.7623900e-001
  7.6320000e+002  1.6047900e-001
  7.6340000e+002  1.3682800e-001
  7.6360000e+002  1.1096000e-001
  7.6380000e+002  8.8787000e-002
  7.6400000e+002  7.5292000e-002
  7.6420000e+002  7.2336000e-002
  7.6440000e+002  7.7652000e-002
  7.6460000e+002  8.5020000e-002
  7.6480000e+002  8.8667000e-002
  7.6500000e+002  8.6236000e-002
  7.6520000e+002  8.0323000e-002
  7.6540000e+002  7.6580000e-002
  7.6560000e+002  7.9631000e-002
  7.6580000e+002  8.9073000e-002
  7.6600000e+002  9.9134000e-002
  7.6620000e+002  1.0287700e-001
  7.6640000e+002  9.6821000e-002
  7.6660000e+002  8.4543000e-002
  7.6680000e+002  7.4481000e-002
  7.6700000e+002  7.3933000e-002
  7.6720000e+002  8.2826000e-002
  7.6740000e+002  9.3340000e-002
  7.6760000e+002  9.3555000e-002
  7.6780000e+002  7.6889000e-002
  7.6800000e+002  4.7016000e-002
  7.6820000e+002  1.6808000e-002
  7.6840000e+002 -1.9000000e-004
  7.6860000e+002  2.1690000e-003
  7.6880000e+002  1.7762000e-002
  7.6900000e+002  3.4141000e-002
  7.6920000e+002  4.0316000e-002
  7.6940000e+002  3.4499000e-002
  7.6960000e+002  2.3078000e-002
  7.6980000e+002  1.5068000e-002
  7.7000000e+002  1.4734000e-002
  7.7020000e+002  2.0170000e-002
  7.7040000e+002  2.6893000e-002
  7.7060000e+002  3.3974000e-002
  7.7080000e+002  4.5633000e-002
  7.7100000e+002  6.7543000e-002
  7.7120000e+002  9.9587000e-002
  7.7140000e+002  1.3349000e-001
  7.7160000e+002  1.5518600e-001
  7.7180000e+002  1.5351700e-001
  7.7200000e+002  1.2636100e-001
  7.7220000e+002  8.2755000e-002
  7.7240000e+002  3.6644000e-002
  7.7260000e+002  1.1900000e-004
  7.7280000e+002 -2.1529000e-002
  7.7300000e+002 -2.9897000e-002
  7.7320000e+002 -2.9277000e-002
  7.7340000e+002 -2.3269000e-002
  7.7360000e+002 -1.2779000e-002
  7.7380000e+002  1.9780000e-003
  7.7400000e+002  1.9168000e-002
  7.7420000e+002  3.3998000e-002
  7.7440000e+002  3.9887000e-002
  7.7460000e+002  3.1542000e-002
  7.7480000e+002  9.2020000e-003
  7.7500000e+002 -2.0051000e-002
  7.7520000e+002 -4.4083000e-002
  7.7540000e+002 -5.2022000e-002
  7.7560000e+002 -3.9792000e-002
  7.7580000e+002 -1.4019000e-002
  7.7600000e+002  1.1897000e-002
  7.7620000e+002  2.5105000e-002
  7.7640000e+002  2.2959000e-002
  7.7660000e+002  1.4495000e-002
  7.7680000e+002  1.5234000e-002
  7.7700000e+002  3.6287000e-002
  7.7720000e+002  7.5960000e-002
  7.7740000e+002  1.1913700e-001
  7.7760000e+002  1.4600700e-001
  7.7780000e+002  1.4436200e-001
  7.7800000e+002  1.1639500e-001
  7.7820000e+002  7.8320000e-002
  7.7840000e+002  4.9209000e-002
  7.7860000e+002  4.1389000e-002
  7.7880000e+002  5.3405000e-002
  7.7900000e+002  7.4005000e-002
  7.7920000e+002  8.9430000e-002
  7.7940000e+002  9.2554000e-002
  7.7960000e+002  8.5592000e-002
  7.7980000e+002  7.7128000e-002
  7.8000000e+002  7.4958000e-002
  7.8020000e+002  8.1944000e-002
  7.8040000e+002  9.4795000e-002
  7.8060000e+002  1.0805100e-001
  7.8080000e+002  1.1775400e-001
  7.8100000e+002  1.2366700e-001
  7.8120000e+002  1.2745800e-001
  7.8140000e+002  1.2996100e-001
  7.8160000e+002  1.2977100e-001
  7.8180000e+002  1.2388200e-001
  7.8200000e+002  1.0998200e-001
  7.8220000e+002  8.8691000e-002
  7.8240000e+002  6.2870000e-002
  7.8260000e+002  3.5619000e-002
  7.8280000e+002  8.8930000e-003
  7.8300000e+002 -1.5306000e-002
  7.8320000e+002 -3.3783000e-002
  7.8340000e+002 -4.0268000e-002
  7.8360000e+002 -2.7871000e-002
  7.8380000e+002  6.8180000e-003
  7.8400000e+002  5.9318000e-002
  7.8420000e+002  1.1804100e-001
  7.8440000e+002  1.6758400e-001
  7.8460000e+002  1.9624200e-001
  7.8480000e+002  2.0146300e-001
  7.8500000e+002  1.8980500e-001
  7.8520000e+002  1.7335400e-001
  7.8540000e+002  1.6281600e-001
  7.8560000e+002  1.6317300e-001
  7.8580000e+002  1.7080300e-001
  7.8600000e+002  1.7623900e-001
  7.8620000e+002  1.6798900e-001
  7.8640000e+002  1.3847300e-001
  7.8660000e+002  8.7761000e-002
  7.8680000e+002  2.4724000e-002
  7.8700000e+002 -3.5643000e-002
  7.8720000e+002 -7.7462000e-002
  7.8740000e+002 -8.9097000e-002
  7.8760000e+002 -6.8664000e-002
  7.8780000e+002 -2.3341000e-002
  7.8800000e+002  3.2138000e-002
  7.8820000e+002  8.1896000e-002
  7.8840000e+002  1.1460700e-001
  7.8860000e+002  1.2562200e-001
  7.8880000e+002  1.1782600e-001
  7.8900000e+002  9.7823000e-002
  7.8920000e+002  7.1763000e-002
  7.8940000e+002  4.2772000e-002
  7.8960000e+002  1.3375000e-002
  7.8980000e+002 -1.1277000e-002
  7.9000000e+002 -2.2673000e-002
  7.9020000e+002 -1.2207000e-002
  7.9040000e+002  2.2172000e-002
  7.9060000e+002  7.1644000e-002
  7.9080000e+002  1.1842200e-001
  7.9100000e+002  1.4367100e-001
  7.9120000e+002  1.3725700e-001
  7.9140000e+002  1.0166100e-001
  7.9160000e+002  5.0449000e-002
  7.9180000e+002 -3.3300000e-004
  7.9200000e+002 -3.8433000e-002
  7.9220000e+002 -5.7721000e-002
  7.9240000e+002 -5.7291000e-002
  7.9260000e+002 -3.8862000e-002
  7.9280000e+002 -6.4840000e-003
  7.9300000e+002  3.3569000e-002
  7.9320000e+002  7.3146000e-002
  7.9340000e+002  1.0473700e-001
  7.9360000e+002  1.2400100e-001
  7.9380000e+002  1.3091500e-001
  7.9400000e+002  1.2872200e-001
  7.9420000e+002  1.2028200e-001
  7.9440000e+002  1.0659600e-001
  7.9460000e+002  8.7642000e-002
  7.9480000e+002  6.4659000e-002
  7.9500000e+002  4.2223000e-002
  7.9520000e+002  2.7823000e-002
  7.9540000e+002  2.7728000e-002
  7.9560000e+002  4.3296000e-002
  7.9580000e+002  6.9427000e-002
  7.9600000e+002  9.6130000e-002
  7.9620000e+002  1.1286700e-001
  7.9640000e+002  1.1506000e-001
  7.9660000e+002  1.0516600e-001
  7.9680000e+002  9.1648000e-002
  7.9700000e+002  8.2826000e-002
  7.9720000e+002  8.1610000e-002
  7.9740000e+002  8.3446000e-002
  7.9760000e+002  7.9560000e-002
  7.9780000e+002  6.2656000e-002
  7.9800000e+002  3.3593000e-002
  7.9820000e+002  1.2630000e-003
  7.9840000e+002 -2.1553000e-002
  7.9860000e+002 -2.4914000e-002
  7.9880000e+002 -7.4140000e-003
  7.9900000e+002  2.4104000e-002
  7.9920000e+002  5.8412000e-002
  7.9940000e+002  8.6212000e-002
  7.9960000e+002  1.0349700e-001
  7.9980000e+002  1.1248500e-001
  8.0000000e+002  1.1813600e-001
