  1.2000000e+003  2.6087520e-003
  1.2002000e+003  2.6627380e-003
  1.2004000e+003  2.7323860e-003
  1.2006000e+003  2.8170000e-003
  1.2008000e+003  2.9122710e-003
  1.2010000e+003  3.0127650e-003
  1.2012000e+003  3.1121270e-003
  1.2014000e+003  3.2051330e-003
  1.2016000e+003  3.2872550e-003
  1.2018000e+003  3.3546280e-003
  1.2020000e+003  3.4058940e-003
  1.2022000e+003  3.4403750e-003
  1.2024000e+003  3.4596610e-003
  1.2026000e+003  3.4657790e-003
  1.2028000e+003  3.4619260e-003
  1.2030000e+003  3.4512690e-003
  1.2032000e+003  3.4371970e-003
  1.2034000e+003  3.4233630e-003
  1.2036000e+003  3.4120210e-003
  1.2038000e+003  3.4045330e-003
  1.2040000e+003  3.4013550e-003
  1.2042000e+003  3.4013550e-003
  1.2044000e+003  3.4029440e-003
  1.2046000e+003  3.4024970e-003
  1.2048000e+003  3.3950090e-003
  1.2050000e+003  3.3768550e-003
  1.2052000e+003  3.3432870e-003
  1.2054000e+003  3.2911080e-003
  1.2056000e+003  3.2198810e-003
  1.2058000e+003  3.1325460e-003
  1.2060000e+003  3.0354480e-003
  1.2062000e+003  2.9376840e-003
  1.2064000e+003  2.8498920e-003
  1.2066000e+003  2.7841080e-003
  1.2068000e+003  2.7523480e-003
  1.2070000e+003  2.7636890e-003
  1.2072000e+003  2.8222140e-003
  1.2074000e+003  2.9279220e-003
  1.2076000e+003  3.0767420e-003
  1.2078000e+003  3.2602620e-003
  1.2080000e+003  3.4646470e-003
  1.2082000e+003  3.6765200e-003
  1.2084000e+003  3.8816000e-003
  1.2086000e+003  4.0671560e-003
  1.2088000e+003  4.2220940e-003
  1.2090000e+003  4.3396000e-003
  1.2092000e+003  4.4153660e-003
  1.2094000e+003  4.4498470e-003
  1.2096000e+003  4.4468980e-003
  1.2098000e+003  4.4121970e-003
  1.2100000e+003  4.3538910e-003
  1.2102000e+003  4.2817600e-003
  1.2104000e+003  4.2055380e-003
  1.2106000e+003  4.1343010e-003
  1.2108000e+003  4.0757760e-003
  1.2110000e+003  4.0365380e-003
  1.2112000e+003  4.0213330e-003
  1.2114000e+003  4.0324470e-003
  1.2116000e+003  4.0694300e-003
  1.2118000e+003  4.1286310e-003
  1.2120000e+003  4.2057660e-003
  1.2122000e+003  4.2942340e-003
  1.2124000e+003  4.3861080e-003
  1.2126000e+003  4.4739000e-003
  1.2128000e+003  4.5514830e-003
  1.2130000e+003  4.6138620e-003
  1.2132000e+003  4.6583240e-003
  1.2134000e+003  4.6841850e-003
  1.2136000e+003  4.6923480e-003
  1.2138000e+003  4.6880380e-003
  1.2140000e+003  4.6766970e-003
  1.2142000e+003  4.6639950e-003
  1.2144000e+003  4.6556030e-003
  1.2146000e+003  4.6565070e-003
  1.2148000e+003  4.6698940e-003
  1.2150000e+003  4.6984760e-003
  1.2152000e+003  4.7413490e-003
  1.2154000e+003  4.7973810e-003
  1.2156000e+003  4.8640790e-003
  1.2158000e+003  4.9371240e-003
  1.2160000e+003  5.0117570e-003
  1.2162000e+003  5.0841160e-003
  1.2164000e+003  5.1496820e-003
  1.2166000e+003  5.2063900e-003
  1.2168000e+003  5.2522130e-003
  1.2170000e+003  5.2871510e-003
  1.2172000e+003  5.3130120e-003
  1.2174000e+003  5.3332020e-003
  1.2176000e+003  5.3531640e-003
  1.2178000e+003  5.3787960e-003
  1.2180000e+003  5.4164560e-003
  1.2182000e+003  5.4706700e-003
  1.2184000e+003  5.5459790e-003
  1.2186000e+003  5.6426200e-003
  1.2188000e+003  5.7585380e-003
  1.2190000e+003  5.8878430e-003
  1.2192000e+003  6.0219050e-003
  1.2194000e+003  6.1500780e-003
  1.2196000e+003  6.2591920e-003
  1.2198000e+003  6.3385920e-003
  1.2200000e+003  6.3798770e-003
  1.2202000e+003  6.3794200e-003
  1.2204000e+003  6.3367750e-003
  1.2206000e+003  6.2562430e-003
  1.2208000e+003  6.1478130e-003
  1.2210000e+003  6.0248540e-003
  1.2212000e+003  5.9007730e-003
  1.2214000e+003  5.7875770e-003
  1.2216000e+003  5.6950180e-003
  1.2218000e+003  5.6299180e-003
  1.2220000e+003  5.5940760e-003
  1.2222000e+003  5.5854560e-003
  1.2224000e+003  5.5988340e-003
  1.2226000e+003  5.6271970e-003
  1.2228000e+003  5.6643990e-003
  1.2230000e+003  5.7040950e-003
  1.2232000e+003  5.7419820e-003
  1.2234000e+003  5.7771390e-003
  1.2236000e+003  5.8091280e-003
  1.2238000e+003  5.8392990e-003
  1.2240000e+003  5.8683380e-003
  1.2242000e+003  5.8964630e-003
  1.2244000e+003  5.9241410e-003
  1.2246000e+003  5.9481850e-003
  1.2248000e+003  5.9667860e-003
  1.2250000e+003  5.9781280e-003
  1.2252000e+003  5.9808490e-003
  1.2254000e+003  5.9772240e-003
  1.2256000e+003  5.9720000e-003
  1.2258000e+003  5.9726850e-003
  1.2260000e+003  5.9883370e-003
  1.2262000e+003  6.0282610e-003
  1.2264000e+003  6.1010770e-003
  1.2266000e+003  6.2138260e-003
  1.2268000e+003  6.3669460e-003
  1.2270000e+003  6.5561370e-003
  1.2272000e+003  6.7718730e-003
  1.2274000e+003  7.0009870e-003
  1.2276000e+003  7.2282840e-003
  1.2278000e+003  7.4344960e-003
  1.2280000e+003  7.6039530e-003
  1.2282000e+003  7.7232680e-003
  1.2284000e+003  7.7845230e-003
  1.2286000e+003  7.7849700e-003
  1.2288000e+003  7.7264450e-003
  1.2290000e+003  7.6166550e-003
  1.2292000e+003  7.4662560e-003
  1.2294000e+003  7.2890830e-003
  1.2296000e+003  7.0992070e-003
  1.2298000e+003  6.9111590e-003
  1.2300000e+003  6.7387520e-003
  1.2302000e+003  6.5933390e-003
  1.2304000e+003  6.4844530e-003
  1.2306000e+003  6.4179830e-003
  1.2308000e+003  6.3971170e-003
  1.2310000e+003  6.4225220e-003
  1.2312000e+003  6.4919410e-003
  1.2314000e+003  6.5990100e-003
  1.2316000e+003  6.7353460e-003
  1.2318000e+003  6.8909690e-003
  1.2320000e+003  7.0545260e-003
  1.2322000e+003  7.2149060e-003
  1.2324000e+003  7.3607670e-003
  1.2326000e+003  7.4844010e-003
  1.2328000e+003  7.5810420e-003
  1.2330000e+003  7.6499950e-003
  1.2332000e+003  7.6937810e-003
  1.2334000e+003  7.7171500e-003
  1.2336000e+003  7.7284910e-003
  1.2338000e+003  7.7364260e-003
  1.2340000e+003  7.7477680e-003
  1.2342000e+003  7.7681860e-003
  1.2344000e+003  7.8004030e-003
  1.2346000e+003  7.8457690e-003
  1.2348000e+003  7.9022580e-003
  1.2350000e+003  7.9662260e-003
  1.2352000e+003  8.0340560e-003
  1.2354000e+003  8.1018770e-003
  1.2356000e+003  8.1656250e-003
  1.2358000e+003  8.2225610e-003
  1.2360000e+003  8.2704300e-003
  1.2362000e+003  8.3069470e-003
  1.2364000e+003  8.3312290e-003
  1.2366000e+003  8.3416570e-003
  1.2368000e+003  8.3364430e-003
  1.2370000e+003  8.3142070e-003
  1.2372000e+003  8.2742830e-003
  1.2374000e+003  8.2175760e-003
  1.2376000e+003  8.1463390e-003
  1.2378000e+003  8.0646740e-003
  1.2380000e+003  7.9775670e-003
  1.2382000e+003  7.8922770e-003
  1.2384000e+003  7.8176440e-003
  1.2386000e+003  7.7609270e-003
  1.2388000e+003  7.7278060e-003
  1.2390000e+003  7.7216880e-003
  1.2392000e+003  7.7434580e-003
  1.2394000e+003  7.7906410e-003
  1.2396000e+003  7.8587000e-003
  1.2398000e+003  7.9426290e-003
  1.2400000e+003  8.0356450e-003
  1.2402000e+003  8.1325050e-003
  1.2404000e+003  8.2277850e-003
  1.2406000e+003  8.3182980e-003
  1.2408000e+003  8.4040450e-003
  1.2410000e+003  8.4843490e-003
  1.2412000e+003  8.5612470e-003
  1.2414000e+003  8.6358800e-003
  1.2416000e+003  8.7105130e-003
  1.2418000e+003  8.7865070e-003
  1.2420000e+003  8.8643190e-003
  1.2422000e+003  8.9434900e-003
  1.2424000e+003  9.0226620e-003
  1.2426000e+003  9.0995600e-003
  1.2428000e+003  9.1714720e-003
  1.2430000e+003  9.2363530e-003
  1.2432000e+003  9.2914720e-003
  1.2434000e+003  9.3354770e-003
  1.2436000e+003  9.3670090e-003
  1.2438000e+003  9.3860670e-003
  1.2440000e+003  9.3937830e-003
  1.2442000e+003  9.3912910e-003
  1.2444000e+003  9.3808530e-003
  1.2446000e+003  9.3642880e-003
  1.2448000e+003  9.3438790e-003
  1.2450000e+003  9.3223280e-003
  1.2452000e+003  9.3028130e-003
  1.2454000e+003  9.2878470e-003
  1.2456000e+003  9.2805870e-003
  1.2458000e+003  9.2835370e-003
  1.2460000e+003  9.2985030e-003
  1.2462000e+003  9.3279990e-003
  1.2464000e+003  9.3722330e-003
  1.2466000e+003  9.4312140e-003
  1.2468000e+003  9.5026700e-003
  1.2470000e+003  9.5834310e-003
  1.2472000e+003  9.6687200e-003
  1.2474000e+003  9.7526590e-003
  1.2476000e+003  9.8286530e-003
  1.2478000e+003  9.8892140e-003
  1.2480000e+003  9.9284620e-003
  1.2482000e+003  9.9416210e-003
  1.2484000e+003  9.9264260e-003
  1.2486000e+003  9.8830960e-003
  1.2488000e+003  9.8139050e-003
  1.2490000e+003  9.7261130e-003
  1.2492000e+003  9.6283400e-003
  1.2494000e+003  9.5307950e-003
  1.2496000e+003  9.4448200e-003
  1.2498000e+003  9.3801680e-003
  1.2500000e+003  9.3475040e-003
  1.2502000e+003  9.3529460e-003
  1.2504000e+003  9.4001300e-003
  1.2506000e+003  9.4881500e-003
  1.2508000e+003  9.6133730e-003
  1.2510000e+003  9.7687580e-003
  1.2512000e+003  9.9434380e-003
  1.2514000e+003  1.0124456e-002
  1.2516000e+003  1.0300040e-002
  1.2518000e+003  1.0458831e-002
  1.2520000e+003  1.0590182e-002
  1.2522000e+003  1.0687041e-002
  1.2524000e+003  1.0744891e-002
  1.2526000e+003  1.0764396e-002
  1.2528000e+003  1.0748516e-002
  1.2530000e+003  1.0702246e-002
  1.2532000e+003  1.0632827e-002
  1.2534000e+003  1.0548212e-002
  1.2536000e+003  1.0457023e-002
  1.2538000e+003  1.0367414e-002
  1.2540000e+003  1.0285977e-002
  1.2542000e+003  1.0218604e-002
  1.2544000e+003  1.0169603e-002
  1.2546000e+003  1.0143057e-002
  1.2548000e+003  1.0140564e-002
  1.2550000e+003  1.0163476e-002
  1.2552000e+003  1.0211344e-002
  1.2554000e+003  1.0282124e-002
  1.2556000e+003  1.0373313e-002
  1.2558000e+003  1.0480382e-002
  1.2560000e+003  1.0596309e-002
  1.2562000e+003  1.0714035e-002
  1.2564000e+003  1.0826555e-002
  1.2566000e+003  1.0927506e-002
  1.2568000e+003  1.1011664e-002
  1.2570000e+003  1.1074728e-002
  1.2572000e+003  1.1115565e-002
  1.2574000e+003  1.1135298e-002
  1.2576000e+003  1.1138019e-002
  1.2578000e+003  1.1129171e-002
  1.2580000e+003  1.1113976e-002
  1.2582000e+003  1.1098771e-002
  1.2584000e+003  1.1088343e-002
  1.2586000e+003  1.1085393e-002
  1.2588000e+003  1.1091511e-002
  1.2590000e+003  1.1107391e-002
  1.2592000e+003  1.1131216e-002
  1.2594000e+003  1.1161606e-002
  1.2596000e+003  1.1195869e-002
  1.2598000e+003  1.1232615e-002
  1.2600000e+003  1.1270721e-002
  1.2602000e+003  1.1309512e-002
  1.2604000e+003  1.1348532e-002
  1.2606000e+003  1.1389817e-002
  1.2608000e+003  1.1432918e-002
  1.2610000e+003  1.1479883e-002
  1.2612000e+003  1.1532280e-002
  1.2614000e+003  1.1592166e-002
  1.2616000e+003  1.1662489e-002
  1.2618000e+003  1.1746428e-002
  1.2620000e+003  1.1847369e-002
  1.2622000e+003  1.1968739e-002
  1.2624000e+003  1.2114828e-002
  1.2626000e+003  1.2288138e-002
  1.2628000e+003  1.2489812e-002
  1.2630000e+003  1.2718469e-002
  1.2632000e+003  1.2969591e-002
  1.2634000e+003  1.3235003e-002
  1.2636000e+003  1.3504270e-002
  1.2638000e+003  1.3765144e-002
  1.2640000e+003  1.4002659e-002
  1.2642000e+003  1.4202287e-002
  1.2644000e+003  1.4352230e-002
  1.2646000e+003  1.4445236e-002
  1.2648000e+003  1.4478357e-002
  1.2650000e+003  1.4452496e-002
  1.2652000e+003  1.4376273e-002
  1.2654000e+003  1.4260812e-002
  1.2656000e+003  1.4121755e-002
  1.2658000e+003  1.3972945e-002
  1.2660000e+003  1.3828436e-002
  1.2662000e+003  1.3700501e-002
  1.2664000e+003  1.3597276e-002
  1.2666000e+003  1.3522871e-002
  1.2668000e+003  1.3477048e-002
  1.2670000e+003  1.3458218e-002
  1.2672000e+003  1.3461853e-002
  1.2674000e+003  1.3484308e-002
  1.2676000e+003  1.3521967e-002
  1.2678000e+003  1.3573461e-002
  1.2680000e+003  1.3639017e-002
  1.2682000e+003  1.3720006e-002
  1.2684000e+003  1.3818455e-002
  1.2686000e+003  1.3935057e-002
  1.2688000e+003  1.4070937e-002
  1.2690000e+003  1.4222478e-002
  1.2692000e+003  1.4385579e-002
  1.2694000e+003  1.4554351e-002
  1.2696000e+003  1.4722675e-002
  1.2698000e+003  1.4883740e-002
  1.2700000e+003  1.5032093e-002
  1.2702000e+003  1.5164805e-002
  1.2704000e+003  1.5281855e-002
  1.2706000e+003  1.5385298e-002
  1.2708000e+003  1.5478305e-002
  1.2710000e+003  1.5566325e-002
  1.2712000e+003  1.5654565e-002
  1.2714000e+003  1.5747352e-002
  1.2716000e+003  1.5847390e-002
  1.2718000e+003  1.5955591e-002
  1.2720000e+003  1.6071061e-002
  1.2722000e+003  1.6190614e-002
  1.2724000e+003  1.6309928e-002
  1.2726000e+003  1.6423581e-002
  1.2728000e+003  1.6526797e-002
  1.2730000e+003  1.6616853e-002
  1.2732000e+003  1.6690354e-002
  1.2734000e+003  1.6746843e-002
  1.2736000e+003  1.6787671e-002
  1.2738000e+003  1.6816034e-002
  1.2740000e+003  1.6837585e-002
  1.2742000e+003  1.6858907e-002
  1.2744000e+003  1.6886357e-002
  1.2746000e+003  1.6928317e-002
  1.2748000e+003  1.6991609e-002
  1.2750000e+003  1.7080990e-002
  1.2752000e+003  1.7198954e-002
  1.2754000e+003  1.7345718e-002
  1.2756000e+003  1.7517449e-002
  1.2758000e+003  1.7707086e-002
  1.2760000e+003  1.7905126e-002
  1.2762000e+003  1.8099996e-002
  1.2764000e+003  1.8281013e-002
  1.2766000e+003  1.8438453e-002
  1.2768000e+003  1.8564124e-002
  1.2770000e+003  1.8654865e-002
  1.2772000e+003  1.8710212e-002
  1.2774000e+003  1.8734941e-002
  1.2776000e+003  1.8737206e-002
  1.2778000e+003  1.8728138e-002
  1.2780000e+003  1.8719061e-002
  1.2782000e+003  1.8723143e-002
  1.2784000e+003  1.8749908e-002
  1.2786000e+003  1.8805940e-002
  1.2788000e+003  1.8894417e-002
  1.2790000e+003  1.9014645e-002
  1.2792000e+003  1.9162551e-002
  1.2794000e+003  1.9329506e-002
  1.2796000e+003  1.9506222e-002
  1.2798000e+003  1.9683624e-002
  1.2800000e+003  1.9854432e-002
  1.2802000e+003  2.0012319e-002
  1.2804000e+003  2.0153650e-002
  1.2806000e+003  2.0279092e-002
  1.2808000e+003  2.0392745e-002
  1.2810000e+003  2.0498910e-002
  1.2812000e+003  2.0602354e-002
  1.2814000e+003  2.0708748e-002
  1.2816000e+003  2.0822401e-002
  1.2818000e+003  2.0945350e-002
  1.2820000e+003  2.1077376e-002
  1.2822000e+003  2.1216205e-002
  1.2824000e+003  2.1359344e-002
  1.2826000e+003  2.1503169e-002
  1.2828000e+003  2.1645861e-002
  1.2830000e+003  2.1784918e-002
  1.2832000e+003  2.1921254e-002
  1.2834000e+003  2.2057591e-002
  1.2836000e+003  2.2198009e-002
  1.2838000e+003  2.2347494e-002
  1.2840000e+003  2.2511509e-002
  1.2842000e+003  2.2693211e-002
  1.2844000e+003  2.2894428e-002
  1.2846000e+003  2.3114703e-002
  1.2848000e+003  2.3350848e-002
  1.2850000e+003  2.3596299e-002
  1.2852000e+003  2.3843111e-002
  1.2854000e+003  2.4082891e-002
  1.2856000e+003  2.4309512e-002
  1.2858000e+003  2.4518436e-002
  1.2860000e+003  2.4706494e-002
  1.2862000e+003  2.4874819e-002
  1.2864000e+003  2.5029756e-002
  1.2866000e+003  2.5180384e-002
  1.2868000e+003  2.5336453e-002
  1.2870000e+003  2.5507042e-002
  1.2872000e+003  2.5701000e-002
  1.2874000e+003  2.5925347e-002
  1.2876000e+003  2.6183053e-002
  1.2878000e+003  2.6472281e-002
  1.2880000e+003  2.6788055e-002
  1.2882000e+003  2.7121517e-002
  1.2884000e+003  2.7464284e-002
  1.2886000e+003  2.7806147e-002
  1.2888000e+003  2.8135528e-002
  1.2890000e+003  2.8445184e-002
  1.2892000e+003  2.8731234e-002
  1.2894000e+003  2.8993021e-002
  1.2896000e+003  2.9233477e-002
  1.2898000e+003  2.9456016e-002
  1.2900000e+003  2.9669479e-002
  1.2902000e+003  2.9882494e-002
  1.2904000e+003  3.0105024e-002
  1.2906000e+003  3.0345489e-002
  1.2908000e+003  3.0610217e-002
  1.2910000e+003  3.0903536e-002
  1.2912000e+003  3.1229063e-002
  1.2914000e+003  3.1586350e-002
  1.2916000e+003  3.1972666e-002
  1.2918000e+003  3.2382131e-002
  1.2920000e+003  3.2807476e-002
  1.2922000e+003  3.3241204e-002
  1.2924000e+003  3.3674942e-002
  1.2926000e+003  3.4100049e-002
  1.2928000e+003  3.4509743e-002
  1.2930000e+003  3.4898105e-002
  1.2932000e+003  3.5262194e-002
  1.2934000e+003  3.5601793e-002
  1.2936000e+003  3.5916654e-002
  1.2938000e+003  3.6209060e-002
  1.2940000e+003  3.6483550e-002
  1.2942000e+003  3.6746241e-002
  1.2944000e+003  3.7004841e-002
  1.2946000e+003  3.7265725e-002
  1.2948000e+003  3.7536580e-002
  1.2950000e+003  3.7825352e-002
  1.2952000e+003  3.8140678e-002
  1.2954000e+003  3.8490249e-002
  1.2956000e+003  3.8878839e-002
  1.2958000e+003  3.9310987e-002
  1.2960000e+003  3.9788730e-002
  1.2962000e+003  4.0312296e-002
  1.2964000e+003  4.0878963e-002
  1.2966000e+003  4.1481691e-002
  1.2968000e+003  4.2113468e-002
  1.2970000e+003  4.2764074e-002
  1.2972000e+003  4.3426240e-002
  1.2974000e+003  4.4091128e-002
  1.2976000e+003  4.4751258e-002
  1.2978000e+003  4.5402311e-002
  1.2980000e+003  4.6042937e-002
  1.2982000e+003  4.6677425e-002
  1.2984000e+003  4.7306937e-002
  1.2986000e+003  4.7934622e-002
  1.2988000e+003  4.8564581e-002
  1.2990000e+003  4.9201343e-002
  1.2992000e+003  4.9850351e-002
  1.2994000e+003  5.0510481e-002
  1.2996000e+003  5.1179917e-002
  1.2998000e+003  5.1858420e-002
  1.3000000e+003  5.2545762e-002
  1.3002000e+003  5.3241963e-002
  1.3004000e+003  5.3944281e-002
  1.3006000e+003  5.4651376e-002
  1.3008000e+003  5.5365940e-002
  1.3010000e+003  5.6090951e-002
  1.3012000e+003  5.6828893e-002
  1.3014000e+003  5.7578851e-002
  1.3016000e+003  5.8339923e-002
  1.3018000e+003  5.9113250e-002
  1.3020000e+003  5.9900411e-002
  1.3022000e+003  6.0699827e-002
  1.3024000e+003  6.1507179e-002
  1.3026000e+003  6.2319753e-002
  1.3028000e+003  6.3140264e-002
  1.3030000e+003  6.3973704e-002
  1.3032000e+003  6.4821436e-002
  1.3034000e+003  6.5684819e-002
  1.3036000e+003  6.6567936e-002
  1.3038000e+003  6.7478503e-002
  1.3040000e+003  6.8425825e-002
  1.3042000e+003  6.9409893e-002
  1.3044000e+003  7.0432296e-002
  1.3046000e+003  7.1495079e-002
  1.3048000e+003  7.2600964e-002
  1.3050000e+003  7.3753585e-002
  1.3052000e+003  7.4946577e-002
  1.3054000e+003  7.6175192e-002
  1.3056000e+003  7.7436918e-002
  1.3058000e+003  7.8730632e-002
  1.3060000e+003  8.0055203e-002
  1.3062000e+003  8.1399955e-002
  1.3064000e+003  8.2756961e-002
  1.3066000e+003  8.4123501e-002
  1.3068000e+003  8.5500241e-002
  1.3070000e+003  8.6885601e-002
  1.3072000e+003  8.8273692e-002
  1.3074000e+003  8.9663810e-002
  1.3076000e+003  9.1063918e-002
  1.3078000e+003  9.2487165e-002
  1.3080000e+003  9.3940813e-002
  1.3082000e+003  9.5429617e-002
  1.3084000e+003  9.6961979e-002
  1.3086000e+003  9.8550593e-002
  1.3088000e+003  1.0021044e-001
  1.3090000e+003  1.0194039e-001
  1.3092000e+003  1.0373725e-001
  1.3094000e+003  1.0559854e-001
  1.3096000e+003  1.0752607e-001
  1.3098000e+003  1.0952302e-001
  1.3100000e+003  1.1157486e-001
  1.3102000e+003  1.1367185e-001
  1.3104000e+003  1.1581035e-001
  1.3106000e+003  1.1799149e-001
  1.3108000e+003  1.2022187e-001
  1.3110000e+003  1.2249080e-001
  1.3112000e+003  1.2479671e-001
  1.3114000e+003  1.2714527e-001
  1.3116000e+003  1.2954828e-001
  1.3118000e+003  1.3201571e-001
  1.3120000e+003  1.3454098e-001
  1.3122000e+003  1.3712365e-001
  1.3124000e+003  1.3977188e-001
  1.3126000e+003  1.4249791e-001
  1.3128000e+003  1.4530425e-001
  1.3130000e+003  1.4818228e-001
  1.3132000e+003  1.5112903e-001
  1.3134000e+003  1.5415111e-001
  1.3136000e+003  1.5726097e-001
  1.3138000e+003  1.6045317e-001
  1.3140000e+003  1.6371775e-001
  1.3142000e+003  1.6705197e-001
  1.3144000e+003  1.7046082e-001
  1.3146000e+003  1.7396040e-001
  1.3148000e+003  1.7753916e-001
  1.3150000e+003  1.8119165e-001
  1.3152000e+003  1.8491990e-001
  1.3154000e+003  1.8873526e-001
  1.3156000e+003  1.9265724e-001
  1.3158000e+003  1.9667336e-001
  1.3160000e+003  2.0077976e-001
  1.3162000e+003  2.0498009e-001
  1.3164000e+003  2.0928476e-001
  1.3166000e+003  2.1370762e-001
  1.3168000e+003  2.1822826e-001
  1.3170000e+003  2.2283985e-001
  1.3172000e+003  2.2754672e-001
  1.3174000e+003  2.3236407e-001
  1.3176000e+003  2.3730279e-001
  1.3178000e+003  2.4235289e-001
  1.3180000e+003  2.4751777e-001
  1.3182000e+003  2.5281354e-001
  1.3184000e+003  2.5826539e-001
  1.3186000e+003  2.6387648e-001
  1.3188000e+003  2.6963411e-001
  1.3190000e+003  2.7553171e-001
  1.3192000e+003  2.8156587e-001
  1.3194000e+003  2.8774613e-001
  1.3196000e+003  2.9405160e-001
  1.3198000e+003  3.0046347e-001
  1.3200000e+003  3.0697606e-001
  1.3202000e+003  3.1359617e-001
  1.3204000e+003  3.2035149e-001
  1.3206000e+003  3.2723679e-001
  1.3208000e+003  3.3425774e-001
  1.3210000e+003  3.4142591e-001
  1.3212000e+003  3.4875720e-001
  1.3214000e+003  3.5627540e-001
  1.3216000e+003  3.6396170e-001
  1.3218000e+003  3.7180770e-001
  1.3220000e+003  3.7980706e-001
  1.3222000e+003  3.8795862e-001
  1.3224000e+003  3.9626445e-001
  1.3226000e+003  4.0470025e-001
  1.3228000e+003  4.1326036e-001
  1.3230000e+003  4.2194367e-001
  1.3232000e+003  4.3076171e-001
  1.3234000e+003  4.3972086e-001
  1.3236000e+003  4.4881248e-001
  1.3238000e+003  4.5804157e-001
  1.3240000e+003  4.6740610e-001
  1.3242000e+003  4.7691399e-001
  1.3244000e+003  4.8655890e-001
  1.3246000e+003  4.9632857e-001
  1.3248000e+003  5.0621507e-001
  1.3250000e+003  5.1620751e-001
  1.3252000e+003  5.2630090e-001
  1.3254000e+003  5.3647822e-001
  1.3256000e+003  5.4672382e-001
  1.3258000e+003  5.5702160e-001
  1.3260000e+003  5.6735227e-001
  1.3262000e+003  5.7769949e-001
  1.3264000e+003  5.8804718e-001
  1.3266000e+003  5.9838488e-001
  1.3268000e+003  6.0870444e-001
  1.3270000e+003  6.1899813e-001
  1.3272000e+003  6.2926188e-001
  1.3274000e+003  6.3950136e-001
  1.3276000e+003  6.4972110e-001
  1.3278000e+003  6.5991816e-001
  1.3280000e+003  6.7008527e-001
  1.3282000e+003  6.8021313e-001
  1.3284000e+003  6.9030426e-001
  1.3286000e+003  7.0034933e-001
  1.3288000e+003  7.1033428e-001
  1.3290000e+003  7.2023530e-001
  1.3292000e+003  7.3003696e-001
  1.3294000e+003  7.3973540e-001
  1.3296000e+003  7.4931475e-001
  1.3298000e+003  7.5875277e-001
  1.3300000e+003  7.6801454e-001
  1.3302000e+003  7.7709187e-001
  1.3304000e+003  7.8598115e-001
  1.3306000e+003  7.9467011e-001
  1.3308000e+003  8.0314562e-001
  1.3310000e+003  8.1137704e-001
  1.3312000e+003  8.1938183e-001
  1.3314000e+003  8.2716817e-001
  1.3316000e+003  8.3473809e-001
  1.3318000e+003  8.4208934e-001
  1.3320000e+003  8.4919786e-001
  1.3322000e+003  8.5609314e-001
  1.3324000e+003  8.6277881e-001
  1.3326000e+003  8.6924920e-001
  1.3328000e+003  8.7548708e-001
  1.3330000e+003  8.8146294e-001
  1.3332000e+003  8.8719993e-001
  1.3334000e+003  8.9269692e-001
  1.3336000e+003  8.9794891e-001
  1.3338000e+003  9.0293934e-001
  1.3340000e+003  9.0766346e-001
  1.3342000e+003  9.1215641e-001
  1.3344000e+003  9.1643545e-001
  1.3346000e+003  9.2050897e-001
  1.3348000e+003  9.2436403e-001
  1.3350000e+003  9.2801266e-001
  1.3352000e+003  9.3148298e-001
  1.3354000e+003  9.3478340e-001
  1.3356000e+003  9.3790869e-001
  1.3358000e+003  9.4082981e-001
  1.3360000e+003  9.4355834e-001
  1.3362000e+003  9.4610653e-001
  1.3364000e+003  9.4847482e-001
  1.3366000e+003  9.5065711e-001
  1.3368000e+003  9.5263091e-001
  1.3370000e+003  9.5442732e-001
  1.3372000e+003  9.5606721e-001
  1.3374000e+003  9.5756440e-001
  1.3376000e+003  9.5892482e-001
  1.3378000e+003  9.6014095e-001
  1.3380000e+003  9.6124796e-001
  1.3382000e+003  9.6225881e-001
  1.3384000e+003  9.6317414e-001
  1.3386000e+003  9.6398058e-001
  1.3388000e+003  9.6465908e-001
  1.3390000e+003  9.6521758e-001
  1.3392000e+003  9.6564837e-001
  1.3394000e+003  9.6593783e-001
  1.3396000e+003  9.6606691e-001
  1.3398000e+003  9.6603038e-001
  1.3400000e+003  9.6584459e-001
  1.3402000e+003  9.6552678e-001
  1.3404000e+003  9.6509282e-001
  1.3406000e+003  9.6455791e-001
  1.3408000e+003  9.6395199e-001
  1.3410000e+003  9.6331184e-001
  1.3412000e+003  9.6266895e-001
  1.3414000e+003  9.6204353e-001
  1.3416000e+003  9.6144646e-001
  1.3418000e+003  9.6089318e-001
  1.3420000e+003  9.6039389e-001
  1.3422000e+003  9.5994994e-001
  1.3424000e+003  9.5955364e-001
  1.3426000e+003  9.5919341e-001
  1.3428000e+003  9.5886357e-001
  1.3430000e+003  9.5856209e-001
  1.3432000e+003  9.5828351e-001
  1.3434000e+003  9.5802151e-001
  1.3436000e+003  9.5777650e-001
  1.3438000e+003  9.5755170e-001
  1.3440000e+003  9.5735866e-001
  1.3442000e+003  9.5720349e-001
  1.3444000e+003  9.5709347e-001
  1.3446000e+003  9.5703653e-001
  1.3448000e+003  9.5703834e-001
  1.3450000e+003  9.5710458e-001
  1.3452000e+003  9.5723389e-001
  1.3454000e+003  9.5742444e-001
  1.3456000e+003  9.5767080e-001
  1.3458000e+003  9.5796366e-001
  1.3460000e+003  9.5829576e-001
  1.3462000e+003  9.5865736e-001
  1.3464000e+003  9.5904459e-001
  1.3466000e+003  9.5945246e-001
  1.3468000e+003  9.5987848e-001
  1.3470000e+003  9.6032674e-001
  1.3472000e+003  9.6080131e-001
  1.3474000e+003  9.6131579e-001
  1.3476000e+003  9.6187906e-001
  1.3478000e+003  9.6250267e-001
  1.3480000e+003  9.6319682e-001
  1.3482000e+003  9.6396924e-001
  1.3484000e+003  9.6482537e-001
  1.3486000e+003  9.6575908e-001
  1.3488000e+003  9.6676196e-001
  1.3490000e+003  9.6781909e-001
  1.3492000e+003  9.6891317e-001
  1.3494000e+003  9.7002632e-001
  1.3496000e+003  9.7113969e-001
  1.3498000e+003  9.7224240e-001
  1.3500000e+003  9.7332514e-001
  1.3502000e+003  9.7438543e-001
  1.3504000e+003  9.7542916e-001
  1.3506000e+003  9.7646631e-001
  1.3508000e+003  9.7751639e-001
  1.3510000e+003  9.7858893e-001
  1.3512000e+003  9.7969300e-001
  1.3514000e+003  9.8083813e-001
  1.3516000e+003  9.8203316e-001
  1.3518000e+003  9.8328242e-001
  1.3520000e+003  9.8457637e-001
  1.3522000e+003  9.8589957e-001
  1.3524000e+003  9.8724478e-001
  1.3526000e+003  9.8860337e-001
  1.3528000e+003  9.8996174e-001
  1.3530000e+003  9.9129970e-001
  1.3532000e+003  9.9259023e-001
  1.3534000e+003  9.9382587e-001
  1.3536000e+003  9.9499550e-001
  1.3538000e+003  9.9608188e-001
  1.3540000e+003  9.9706277e-001
  1.3542000e+003  9.9790982e-001
  1.3544000e+003  9.9862259e-001
  1.3546000e+003  9.9919650e-001
  1.3548000e+003  9.9962366e-001
  1.3550000e+003  9.9989383e-001
  1.3552000e+003  1.0000000e+000
  1.3554000e+003  9.9996802e-001
  1.3556000e+003  9.9981308e-001
  1.3558000e+003  9.9954041e-001
  1.3560000e+003  9.9914252e-001
  1.3562000e+003  9.9862008e-001
  1.3564000e+003  9.9799466e-001
  1.3566000e+003  9.9726671e-001
  1.3568000e+003  9.9642057e-001
  1.3570000e+003  9.9542062e-001
  1.3572000e+003  9.9425326e-001
  1.3574000e+003  9.9291350e-001
  1.3576000e+003  9.9138453e-001
  1.3578000e+003  9.8964075e-001
  1.3580000e+003  9.8764857e-001
  1.3582000e+003  9.8542750e-001
  1.3584000e+003  9.8300181e-001
  1.3586000e+003  9.8039328e-001
  1.3588000e+003  9.7762029e-001
  1.3590000e+003  9.7468351e-001
  1.3592000e+003  9.7162605e-001
  1.3594000e+003  9.6846401e-001
  1.3596000e+003  9.6519241e-001
  1.3598000e+003  9.6178582e-001
  1.3600000e+003  9.5819822e-001
  1.3602000e+003  9.5442732e-001
  1.3604000e+003  9.5045362e-001
  1.3606000e+003  9.4625829e-001
  1.3608000e+003  9.4181796e-001
  1.3610000e+003  9.3712152e-001
  1.3612000e+003  9.3221117e-001
  1.3614000e+003  9.2710753e-001
  1.3616000e+003  9.2182355e-001
  1.3618000e+003  9.1634041e-001
  1.3620000e+003  9.1064266e-001
  1.3622000e+003  9.0472101e-001
  1.3624000e+003  8.9853531e-001
  1.3626000e+003  8.9202272e-001
  1.3628000e+003  8.8511656e-001
  1.3630000e+003  8.7780592e-001
  1.3632000e+003  8.7011122e-001
  1.3634000e+003  8.6207082e-001
  1.3636000e+003  8.5375728e-001
  1.3638000e+003  8.4525092e-001
  1.3640000e+003  8.3666516e-001
  1.3642000e+003  8.2809507e-001
  1.3644000e+003  8.1960346e-001
  1.3646000e+003  8.1121370e-001
  1.3648000e+003  8.0290765e-001
  1.3650000e+003  7.9466535e-001
  1.3652000e+003  7.8644481e-001
  1.3654000e+003  7.7820161e-001
  1.3656000e+003  7.6989329e-001
  1.3658000e+003  7.6148674e-001
  1.3660000e+003  7.5299105e-001
  1.3662000e+003  7.4442730e-001
  1.3664000e+003  7.3581024e-001
  1.3666000e+003  7.2715258e-001
  1.3668000e+003  7.1846588e-001
  1.3670000e+003  7.0976398e-001
  1.3672000e+003  7.0104325e-001
  1.3674000e+003  6.9228328e-001
  1.3676000e+003  6.8345366e-001
  1.3678000e+003  6.7453059e-001
  1.3680000e+003  6.6549772e-001
  1.3682000e+003  6.5634416e-001
  1.3684000e+003  6.4706970e-001
  1.3686000e+003  6.3768997e-001
  1.3688000e+003  6.2823540e-001
  1.3690000e+003  6.1874565e-001
  1.3692000e+003  6.0926475e-001
  1.3694000e+003  5.9983286e-001
  1.3696000e+003  5.9049102e-001
  1.3698000e+003  5.8125852e-001
  1.3700000e+003  5.7214988e-001
  1.3702000e+003  5.6317191e-001
  1.3704000e+003  5.5432392e-001
  1.3706000e+003  5.4560909e-001
  1.3708000e+003  5.3701903e-001
  1.3710000e+003  5.2855872e-001
  1.3712000e+003  5.2023770e-001
  1.3714000e+003  5.1207094e-001
  1.3716000e+003  5.0407726e-001
  1.3718000e+003  4.9625712e-001
  1.3720000e+003  4.8861165e-001
  1.3722000e+003  4.8113246e-001
  1.3724000e+003  4.7380549e-001
  1.3726000e+003  4.6660101e-001
  1.3728000e+003  4.5946664e-001
  1.3730000e+003  4.5235018e-001
  1.3732000e+003  4.4520491e-001
  1.3734000e+003  4.3800271e-001
  1.3736000e+003  4.3071770e-001
  1.3738000e+003  4.2333402e-001
  1.3740000e+003  4.1585982e-001
  1.3742000e+003  4.0833073e-001
  1.3744000e+003  4.0080572e-001
  1.3746000e+003  3.9332426e-001
  1.3748000e+003  3.8592696e-001
  1.3750000e+003  3.7865421e-001
  1.3752000e+003  3.7154320e-001
  1.3754000e+003  3.6462887e-001
  1.3756000e+003  3.5790372e-001
  1.3758000e+003  3.5136006e-001
  1.3760000e+003  3.4499129e-001
  1.3762000e+003  3.3879471e-001
  1.3764000e+003  3.3277188e-001
  1.3766000e+003  3.2689515e-001
  1.3768000e+003  3.2115340e-001
  1.3770000e+003  3.1554117e-001
  1.3772000e+003  3.1006142e-001
  1.3774000e+003  3.0471778e-001
  1.3776000e+003  2.9948915e-001
  1.3778000e+003  2.9436533e-001
  1.3780000e+003  2.8934473e-001
  1.3782000e+003  2.8443188e-001
  1.3784000e+003  2.7961906e-001
  1.3786000e+003  2.7488451e-001
  1.3788000e+003  2.7021189e-001
  1.3790000e+003  2.6559190e-001
  1.3792000e+003  2.6102658e-001
  1.3794000e+003  2.5650187e-001
  1.3796000e+003  2.5200437e-001
  1.3798000e+003  2.4753160e-001
  1.3800000e+003  2.4309309e-001
  1.3802000e+003  2.3871356e-001
  1.3804000e+003  2.3439822e-001
  1.3806000e+003  2.3015616e-001
  1.3808000e+003  2.2600121e-001
  1.3810000e+003  2.2195174e-001
  1.3812000e+003  2.1802658e-001
  1.3814000e+003  2.1421463e-001
  1.3816000e+003  2.1050566e-001
  1.3818000e+003  2.0689060e-001
  1.3820000e+003  2.0336312e-001
  1.3822000e+003  1.9991819e-001
  1.3824000e+003  1.9652863e-001
  1.3826000e+003  1.9317921e-001
  1.3828000e+003  1.8986769e-001
  1.3830000e+003  1.8660130e-001
  1.3832000e+003  1.8338731e-001
  1.3834000e+003  1.8022051e-001
  1.3836000e+003  1.7710565e-001
  1.3838000e+003  1.7405295e-001
  1.3840000e+003  1.7107739e-001
  1.3842000e+003  1.6818212e-001
  1.3844000e+003  1.6536240e-001
  1.3846000e+003  1.6261595e-001
  1.3848000e+003  1.5994617e-001
  1.3850000e+003  1.5735852e-001
  1.3852000e+003  1.5484481e-001
  1.3854000e+003  1.5239349e-001
  1.3856000e+003  1.4999433e-001
  1.3858000e+003  1.4764147e-001
  1.3860000e+003  1.4532806e-001
  1.3862000e+003  1.4302942e-001
  1.3864000e+003  1.4072327e-001
  1.3866000e+003  1.3839196e-001
  1.3868000e+003  1.3602389e-001
  1.3870000e+003  1.3361725e-001
  1.3872000e+003  1.3116775e-001
  1.3874000e+003  1.2868512e-001
  1.3876000e+003  1.2619410e-001
  1.3878000e+003  1.2372826e-001
  1.3880000e+003  1.2132208e-001
  1.3882000e+003  1.1900028e-001
  1.3884000e+003  1.1678171e-001
  1.3886000e+003  1.1467678e-001
  1.3888000e+003  1.1268960e-001
  1.3890000e+003  1.1081219e-001
  1.3892000e+003  1.0902123e-001
  1.3894000e+003  1.0729196e-001
  1.3896000e+003  1.0560694e-001
  1.3898000e+003  1.0395503e-001
  1.3900000e+003  1.0232353e-001
  1.3902000e+003  1.0070134e-001
  1.3904000e+003  9.9084368e-002
  1.3906000e+003  9.7472614e-002
  1.3908000e+003  9.5873782e-002
  1.3910000e+003  9.4285616e-002
  1.3912000e+003  9.2706527e-002
  1.3914000e+003  9.1139236e-002
  1.3916000e+003  8.9589861e-002
  1.3918000e+003  8.8067480e-002
  1.3920000e+003  8.6575498e-002
  1.3922000e+003  8.5117997e-002
  1.3924000e+003  8.3702019e-002
  1.3926000e+003  8.2335935e-002
  1.3928000e+003  8.1025884e-002
  1.3930000e+003  7.9764833e-002
  1.3932000e+003  7.8542574e-002
  1.3934000e+003  7.7347318e-002
  1.3936000e+003  7.6166115e-002
  1.3938000e+003  7.4986957e-002
  1.3940000e+003  7.3791463e-002
  1.3942000e+003  7.2568757e-002
  1.3944000e+003  7.1320180e-002
  1.3946000e+003  7.0054600e-002
  1.3948000e+003  6.8784016e-002
  1.3950000e+003  6.7520016e-002
  1.3952000e+003  6.6278480e-002
  1.3954000e+003  6.5076868e-002
  1.3956000e+003  6.3929014e-002
  1.3958000e+003  6.2839009e-002
  1.3960000e+003  6.1805255e-002
  1.3962000e+003  6.0823005e-002
  1.3964000e+003  5.9886577e-002
  1.3966000e+003  5.8989169e-002
  1.3968000e+003  5.8119201e-002
  1.3970000e+003  5.7266255e-002
  1.3972000e+003  5.6422149e-002
  1.3974000e+003  5.5581220e-002
  1.3976000e+003  5.4742337e-002
  1.3978000e+003  5.3898915e-002
  1.3980000e+003  5.3049823e-002
  1.3982000e+003  5.2195060e-002
  1.3984000e+003  5.1336662e-002
  1.3986000e+003  5.0480310e-002
  1.3988000e+003  4.9629181e-002
  1.3990000e+003  4.8791202e-002
  1.3992000e+003  4.7977267e-002
  1.3994000e+003  4.7199183e-002
  1.3996000e+003  4.6466684e-002
  1.3998000e+003  4.5784099e-002
  1.4000000e+003  4.5152332e-002
  1.4002000e+003  4.4567510e-002
  1.4004000e+003  4.4021946e-002
  1.4006000e+003  4.3503366e-002
  1.4008000e+003  4.2996137e-002
  1.4010000e+003  4.2485046e-002
  1.4012000e+003  4.1958530e-002
  1.4014000e+003  4.1411825e-002
  1.4016000e+003  4.0841076e-002
  1.4018000e+003  4.0245369e-002
  1.4020000e+003  3.9629026e-002
  1.4022000e+003  3.8998838e-002
  1.4024000e+003  3.8364797e-002
  1.4026000e+003  3.7733478e-002
  1.4028000e+003  3.7110788e-002
  1.4030000e+003  3.6502379e-002
  1.4032000e+003  3.5913029e-002
  1.4034000e+003  3.5344316e-002
  1.4036000e+003  3.4792844e-002
  1.4038000e+003  3.4252037e-002
  1.4040000e+003  3.3715998e-002
  1.4042000e+003  3.3179958e-002
  1.4044000e+003  3.2640512e-002
  1.4046000e+003  3.2092446e-002
  1.4048000e+003  3.1538253e-002
  1.4050000e+003  3.0983155e-002
  1.4052000e+003  3.0435318e-002
  1.4054000e+003  2.9903588e-002
  1.4056000e+003  2.9394542e-002
  1.4058000e+003  2.8914753e-002
  1.4060000e+003  2.8465593e-002
  1.4062000e+003  2.8047060e-002
  1.4064000e+003  2.7654160e-002
  1.4066000e+003  2.7278957e-002
  1.4068000e+003  2.6913953e-002
  1.4070000e+003  2.6551453e-002
  1.4072000e+003  2.6187582e-002
  1.4074000e+003  2.5819639e-002
  1.4076000e+003  2.5446700e-002
  1.4078000e+003  2.5070812e-002
  1.4080000e+003  2.4696742e-002
  1.4082000e+003  2.4330149e-002
  1.4084000e+003  2.3972416e-002
  1.4086000e+003  2.3625110e-002
  1.4088000e+003  2.3287100e-002
  1.4090000e+003  2.2954770e-002
  1.4092000e+003  2.2625390e-002
  1.4094000e+003  2.2291015e-002
  1.4096000e+003  2.1947791e-002
  1.4098000e+003  2.1593910e-002
  1.4100000e+003  2.1231181e-002
  1.4102000e+003  2.0864142e-002
  1.4104000e+003  2.0499139e-002
  1.4106000e+003  2.0146619e-002
  1.4108000e+003  1.9817011e-002
  1.4110000e+003  1.9520742e-002
  1.4112000e+003  1.9265538e-002
  1.4114000e+003  1.9055025e-002
  1.4116000e+003  1.8888290e-002
  1.4118000e+003  1.8761030e-002
  1.4120000e+003  1.8663486e-002
  1.4122000e+003  1.8583629e-002
  1.4124000e+003  1.8507863e-002
  1.4126000e+003  1.8421660e-002
  1.4128000e+003  1.8312317e-002
  1.4130000e+003  1.8171452e-002
  1.4132000e+003  1.7992918e-002
  1.4134000e+003  1.7776049e-002
  1.4136000e+003  1.7524252e-002
  1.4138000e+003  1.7245005e-002
  1.4140000e+003  1.6950325e-002
  1.4142000e+003  1.6651116e-002
  1.4144000e+003  1.6358025e-002
  1.4146000e+003  1.6080814e-002
  1.4148000e+003  1.5826295e-002
  1.4150000e+003  1.5598761e-002
  1.4152000e+003  1.5398904e-002
  1.4154000e+003  1.5222873e-002
  1.4156000e+003  1.5067260e-002
  1.4158000e+003  1.4927517e-002
  1.4160000e+003  1.4798212e-002
  1.4162000e+003  1.4674360e-002
  1.4164000e+003  1.4553218e-002
  1.4166000e+003  1.4433219e-002
  1.4168000e+003  1.4316388e-002
  1.4170000e+003  1.4205913e-002
  1.4172000e+003  1.4106103e-002
  1.4174000e+003  1.4020357e-002
  1.4176000e+003  1.3954115e-002
  1.4178000e+003  1.3907836e-002
  1.4180000e+003  1.3877436e-002
  1.4182000e+003  1.3854525e-002
  1.4184000e+003  1.3827532e-002
  1.4186000e+003  1.3780577e-002
  1.4188000e+003  1.3698455e-002
  1.4190000e+003  1.3569379e-002
  1.4192000e+003  1.3387676e-002
  1.4194000e+003  1.3154014e-002
  1.4196000e+003  1.2876356e-002
  1.4198000e+003  1.2569431e-002
  1.4200000e+003  1.2251392e-002
  1.4202000e+003  1.1940385e-002
  1.4204000e+003  1.1650691e-002
  1.4206000e+003  1.1393679e-002
  1.4208000e+003  1.1175897e-002
  1.4210000e+003  1.0999866e-002
  1.4212000e+003  1.0862169e-002
  1.4214000e+003  1.0759182e-002
  1.4216000e+003  1.0684777e-002
  1.4218000e+003  1.0632827e-002
  1.4220000e+003  1.0596081e-002
  1.4222000e+003  1.0568402e-002
  1.4224000e+003  1.0542998e-002
  1.4226000e+003  1.0515092e-002
  1.4228000e+003  1.0480610e-002
  1.4230000e+003  1.0436833e-002
  1.4232000e+003  1.0382837e-002
  1.4234000e+003  1.0319326e-002
  1.4236000e+003  1.0249222e-002
  1.4238000e+003  1.0175274e-002
  1.4240000e+003  1.0099737e-002
  1.4242000e+003  1.0025103e-002
  1.4244000e+003  9.9529630e-003
  1.4246000e+003  9.8835430e-003
  1.4248000e+003  9.8145810e-003
  1.4250000e+003  9.7447140e-003
  1.4252000e+003  9.6723550e-003
  1.4254000e+003  9.5968080e-003
  1.4256000e+003  9.5183210e-003
  1.4258000e+003  9.4387020e-003
  1.4260000e+003  9.3620230e-003
  1.4262000e+003  9.2935170e-003
  1.4264000e+003  9.2377140e-003
  1.4266000e+003  9.1986940e-003
  1.4268000e+003  9.1776000e-003
  1.4270000e+003  9.1732900e-003
  1.4272000e+003  9.1803210e-003
  1.4274000e+003  9.1918910e-003
  1.4276000e+003  9.1989220e-003
  1.4278000e+003  9.1927950e-003
  1.4280000e+003  9.1662490e-003
  1.4282000e+003  9.1158970e-003
  1.4284000e+003  9.0437560e-003
  1.4286000e+003  8.9541470e-003
  1.4288000e+003  8.8552420e-003
  1.4290000e+003  8.7563360e-003
  1.4292000e+003  8.6680970e-003
  1.4294000e+003  8.5991340e-003
  1.4296000e+003  8.5533110e-003
  1.4298000e+003  8.5301720e-003
  1.4300000e+003  8.5258620e-003
  1.4302000e+003  8.5331210e-003
  1.4304000e+003  8.5421980e-003
  1.4306000e+003  8.5444630e-003
  1.4308000e+003  8.5328930e-003
  1.4310000e+003  8.5049860e-003
  1.4312000e+003  8.4609810e-003
  1.4314000e+003  8.4033600e-003
  1.4316000e+003  8.3387070e-003
  1.4318000e+003  8.2722470e-003
  1.4320000e+003  8.2082700e-003
  1.4322000e+003  8.1486130e-003
  1.4324000e+003  8.0928090e-003
  1.4326000e+003  8.0381380e-003
  1.4328000e+003  7.9784710e-003
  1.4330000e+003  7.9099650e-003
  1.4332000e+003  7.8278440e-003
  1.4334000e+003  7.7291670e-003
  1.4336000e+003  7.6139340e-003
  1.4338000e+003  7.4834970e-003
  1.4340000e+003  7.3426220e-003
  1.4342000e+003  7.1976660e-003
  1.4344000e+003  7.0527090e-003
  1.4346000e+003  6.9118340e-003
  1.4348000e+003  6.7777720e-003
  1.4350000e+003  6.6516360e-003
  1.4352000e+003  6.5341290e-003
  1.4354000e+003  6.4232070e-003
  1.4356000e+003  6.3179450e-003
  1.4358000e+003  6.2176790e-003
  1.4360000e+003  6.1226280e-003
  1.4362000e+003  6.0339310e-003
  1.4364000e+003  5.9545310e-003
  1.4366000e+003  5.8873860e-003
  1.4368000e+003  5.8358920e-003
  1.4370000e+003  5.8014110e-003
  1.4372000e+003  5.7846270e-003
  1.4374000e+003  5.7841700e-003
  1.4376000e+003  5.7968730e-003
  1.4378000e+003  5.8172910e-003
  1.4380000e+003  5.8395270e-003
  1.4382000e+003  5.8569870e-003
  1.4384000e+003  5.8637990e-003
  1.4386000e+003  5.8547220e-003
  1.4388000e+003  5.8259110e-003
  1.4390000e+003  5.7766820e-003
  1.4392000e+003  5.7077200e-003
  1.4394000e+003  5.6215260e-003
  1.4396000e+003  5.5246570e-003
  1.4398000e+003  5.4246190e-003
  1.4400000e+003  5.3332020e-003
  1.4402000e+003  5.2621940e-003
  1.4404000e+003  5.2247630e-003
  1.4406000e+003  5.2333830e-003
  1.4408000e+003  5.2996250e-003
  1.4410000e+003  5.4307470e-003
  1.4412000e+003  5.6274160e-003
  1.4414000e+003  5.8817150e-003
  1.4416000e+003  6.1797920e-003
  1.4418000e+003  6.5028260e-003
  1.4420000e+003  6.8260880e-003
  1.4422000e+003  7.1209870e-003
  1.4424000e+003  7.3625840e-003
  1.4426000e+003  7.5322690e-003
  1.4428000e+003  7.6180160e-003
  1.4430000e+003  7.6161990e-003
  1.4432000e+003  7.5318130e-003
  1.4434000e+003  7.3791400e-003
  1.4436000e+003  7.1783790e-003
  1.4438000e+003  6.9503970e-003
  1.4440000e+003  6.7153840e-003
  1.4442000e+003  6.4921690e-003
  1.4444000e+003  6.2923130e-003
  1.4446000e+003  6.1230840e-003
  1.4448000e+003  5.9831230e-003
  1.4450000e+003  5.8685560e-003
  1.4452000e+003  5.7730570e-003
  1.4454000e+003  5.6889000e-003
  1.4456000e+003  5.6097280e-003
  1.4458000e+003  5.5319170e-003
  1.4460000e+003  5.4534300e-003
  1.4462000e+003  5.3758470e-003
  1.4464000e+003  5.3021170e-003
  1.4466000e+003  5.2338400e-003
  1.4468000e+003  5.1769040e-003
  1.4470000e+003  5.1347060e-003
  1.4472000e+003  5.1113380e-003
  1.4474000e+003  5.1111100e-003
  1.4476000e+003  5.1362950e-003
  1.4478000e+003  5.1893780e-003
  1.4480000e+003  5.2692250e-003
  1.4482000e+003  5.3724410e-003
  1.4484000e+003  5.4935820e-003
  1.4486000e+003  5.6240190e-003
  1.4488000e+003  5.7539990e-003
  1.4490000e+003  5.8737800e-003
  1.4492000e+003  5.9706400e-003
  1.4494000e+003  6.0352920e-003
  1.4496000e+003  6.0593360e-003
  1.4498000e+003  6.0389270e-003
  1.4500000e+003  5.9733610e-003
  1.4502000e+003  5.8647030e-003
  1.4504000e+003  5.7177100e-003
  1.4506000e+003  5.5403090e-003
  1.4508000e+003  5.3415940e-003
  1.4510000e+003  5.1310720e-003
  1.4512000e+003  4.9201110e-003
  1.4514000e+003  4.7182090e-003
  1.4516000e+003  4.5353750e-003
  1.4518000e+003  4.3768030e-003
  1.4520000e+003  4.2468220e-003
  1.4522000e+003  4.1472320e-003
  1.4524000e+003  4.0787260e-003
  1.4526000e+003  4.0410670e-003
  1.4528000e+003  4.0322280e-003
  1.4530000e+003  4.0501440e-003
  1.4532000e+003  4.0930170e-003
  1.4534000e+003  4.1588020e-003
  1.4536000e+003  4.2465940e-003
  1.4538000e+003  4.3527590e-003
  1.4540000e+003  4.4750330e-003
  1.4542000e+003  4.6088760e-003
  1.4544000e+003  4.7501980e-003
  1.4546000e+003  4.8956110e-003
  1.4548000e+003  5.0430610e-003
  1.4550000e+003  5.1882450e-003
  1.4552000e+003  5.3307000e-003
  1.4554000e+003  5.4659040e-003
  1.4556000e+003  5.5881770e-003
  1.4558000e+003  5.6891190e-003
  1.4560000e+003  5.7571770e-003
  1.4562000e+003  5.7787280e-003
  1.4564000e+003  5.7410690e-003
  1.4566000e+003  5.6371780e-003
  1.4568000e+003  5.4652280e-003
  1.4570000e+003  5.2311190e-003
  1.4572000e+003  4.9498260e-003
  1.4574000e+003  4.6435760e-003
  1.4576000e+003  4.3371070e-003
  1.4578000e+003  4.0553580e-003
  1.4580000e+003  3.8183090e-003
  1.4582000e+003  3.6420490e-003
  1.4584000e+003  3.5356550e-003
  1.4586000e+003  3.5009460e-003
  1.4588000e+003  3.5320210e-003
  1.4590000e+003  3.6207170e-003
  1.4592000e+003  3.7568340e-003
  1.4594000e+003  3.9283270e-003
  1.4596000e+003  4.1213710e-003
  1.4598000e+003  4.3223600e-003
  1.4600000e+003  4.5185810e-003
  1.4602000e+003  4.6998370e-003
  1.4604000e+003  4.8559060e-003
  1.4606000e+003  4.9793120e-003
  1.4608000e+003  5.0641550e-003
  1.4610000e+003  5.1070280e-003
  1.4612000e+003  5.1074850e-003
  1.4614000e+003  5.0673330e-003
  1.4616000e+003  4.9892930e-003
  1.4618000e+003  4.8785890e-003
  1.4620000e+003  4.7422630e-003
  1.4622000e+003  4.5895900e-003
  1.4624000e+003  4.4317030e-003
  1.4626000e+003  4.2806190e-003
  1.4628000e+003  4.1474600e-003
  1.4630000e+003  4.0447010e-003
  1.4632000e+003  3.9807250e-003
  1.4634000e+003  3.9609910e-003
  1.4636000e+003  3.9848160e-003
  1.4638000e+003  4.0467380e-003
  1.4640000e+003  4.1379360e-003
  1.4642000e+003  4.2465940e-003
  1.4644000e+003  4.3577540e-003
  1.4646000e+003  4.4580200e-003
  1.4648000e+003  4.5374110e-003
  1.4650000e+003  4.5900460e-003
  1.4652000e+003  4.6140900e-003
  1.4654000e+003  4.6120440e-003
  1.4656000e+003  4.5936710e-003
  1.4658000e+003  4.5682670e-003
  1.4660000e+003  4.5469450e-003
  1.4662000e+003  4.5383240e-003
  1.4664000e+003  4.5483050e-003
  1.4666000e+003  4.5802840e-003
  1.4668000e+003  4.6324630e-003
  1.4670000e+003  4.6996080e-003
  1.4672000e+003  4.7760590e-003
  1.4674000e+003  4.8552310e-003
  1.4676000e+003  4.9316720e-003
  1.4678000e+003  5.0024520e-003
  1.4680000e+003  5.0657440e-003
  1.4682000e+003  5.1229080e-003
  1.4684000e+003  5.1755340e-003
  1.4686000e+003  5.2247630e-003
  1.4688000e+003  5.2710420e-003
  1.4690000e+003  5.3141440e-003
  1.4692000e+003  5.3522500e-003
  1.4694000e+003  5.3824220e-003
  1.4696000e+003  5.4019360e-003
  1.4698000e+003  5.4094150e-003
  1.4700000e+003  5.4035250e-003
  1.4702000e+003  5.3862840e-003
  1.4704000e+003  5.3597380e-003
  1.4706000e+003  5.3282070e-003
  1.4708000e+003  5.2932690e-003
  1.4710000e+003  5.2542580e-003
  1.4712000e+003  5.2079790e-003
  1.4714000e+003  5.1469520e-003
  1.4716000e+003  5.0603010e-003
  1.4718000e+003  4.9382560e-003
  1.4720000e+003  4.7735660e-003
  1.4722000e+003  4.5632720e-003
  1.4724000e+003  4.3098860e-003
  1.4726000e+003  4.0249680e-003
  1.4728000e+003  3.7273380e-003
  1.4730000e+003  3.4374250e-003
  1.4732000e+003  3.1770080e-003
  1.4734000e+003  2.9669420e-003
  1.4736000e+003  2.8210820e-003
  1.4738000e+003  2.7512150e-003
  1.4740000e+003  2.7582470e-003
  1.4742000e+003  2.8383220e-003
  1.4744000e+003  2.9828220e-003
  1.4746000e+003  3.1804050e-003
  1.4748000e+003  3.4161030e-003
  1.4750000e+003  3.6731240e-003
  1.4752000e+003  3.9351300e-003
  1.4754000e+003  4.1867080e-003
  1.4756000e+003  4.4131010e-003
  1.4758000e+003  4.6018350e-003
  1.4760000e+003  4.7408920e-003
  1.4762000e+003  4.8241460e-003
  1.4764000e+003  4.8486470e-003
  1.4766000e+003  4.8159830e-003
  1.4768000e+003  4.7313680e-003
  1.4770000e+003  4.6050130e-003
  1.4772000e+003  4.4509890e-003
  1.4774000e+003  4.2881070e-003
  1.4776000e+003  4.1336260e-003
  1.4778000e+003  4.0045490e-003
  1.4780000e+003  3.9138080e-003
  1.4782000e+003  3.8713910e-003
  1.4784000e+003  3.8827330e-003
  1.4786000e+003  3.9455680e-003
  1.4788000e+003  4.0526370e-003
  1.4790000e+003  4.1937400e-003
  1.4792000e+003  4.3554800e-003
  1.4794000e+003  4.5242620e-003
  1.4796000e+003  4.6860020e-003
  1.4798000e+003  4.8273240e-003
  1.4800000e+003  4.9393880e-003
  1.4802000e+003  5.0160670e-003
  1.4804000e+003  5.0537170e-003
  1.4806000e+003  5.0548590e-003
  1.4808000e+003  5.0237740e-003
  1.4810000e+003  4.9695590e-003
  1.4812000e+003  4.9046790e-003
  1.4814000e+003  4.8409400e-003
  1.4816000e+003  4.7896650e-003
  1.4818000e+003  4.7617680e-003
  1.4820000e+003  4.7638130e-003
  1.4822000e+003  4.7978380e-003
  1.4824000e+003  4.8604450e-003
  1.4826000e+003  4.9455160e-003
  1.4828000e+003  5.0441930e-003
  1.4830000e+003  5.1451440e-003
  1.4832000e+003  5.2352000e-003
  1.4834000e+003  5.3037060e-003
  1.4836000e+003  5.3420410e-003
  1.4838000e+003  5.3456760e-003
  1.4840000e+003  5.3123270e-003
  1.4842000e+003  5.2435920e-003
  1.4844000e+003  5.1460480e-003
  1.4846000e+003  5.0267240e-003
  1.4848000e+003  4.8958300e-003
  1.4850000e+003  4.7633570e-003
  1.4852000e+003  4.6390380e-003
  1.4854000e+003  4.5312930e-003
  1.4856000e+003  4.4466790e-003
  1.4858000e+003  4.3872400e-003
  1.4860000e+003  4.3538910e-003
  1.4862000e+003  4.3452710e-003
  1.4864000e+003  4.3570690e-003
  1.4866000e+003  4.3824740e-003
  1.4868000e+003  4.4131010e-003
  1.4870000e+003  4.4410080e-003
  1.4872000e+003  4.4589240e-003
  1.4874000e+003  4.4607410e-003
  1.4876000e+003  4.4425870e-003
  1.4878000e+003  4.4031200e-003
  1.4880000e+003  4.3441390e-003
  1.4882000e+003  4.2697340e-003
  1.4884000e+003  4.1842160e-003
  1.4886000e+003  4.0932450e-003
  1.4888000e+003  4.0022750e-003
  1.4890000e+003  3.9165290e-003
  1.4892000e+003  3.8412200e-003
  1.4894000e+003  3.7808780e-003
  1.4896000e+003  3.7395930e-003
  1.4898000e+003  3.7207640e-003
  1.4900000e+003  3.7277950e-003
  1.4902000e+003  3.7622760e-003
  1.4904000e+003  3.8239790e-003
  1.4906000e+003  3.9099540e-003
  1.4908000e+003  4.0143020e-003
  1.4910000e+003  4.1286310e-003
  1.4912000e+003  4.2434160e-003
  1.4914000e+003  4.3470880e-003
  1.4916000e+003  4.4312460e-003
  1.4918000e+003  4.4899990e-003
  1.4920000e+003  4.5213120e-003
  1.4922000e+003  4.5267550e-003
  1.4924000e+003  4.5120070e-003
  1.4926000e+003  4.4877350e-003
  1.4928000e+003  4.4643670e-003
  1.4930000e+003  4.4521210e-003
  1.4932000e+003  4.4591530e-003
  1.4934000e+003  4.4904560e-003
  1.4936000e+003  4.5473920e-003
  1.4938000e+003  4.6265640e-003
  1.4940000e+003  4.7209310e-003
  1.4942000e+003  4.8230140e-003
  1.4944000e+003  4.9239650e-003
  1.4946000e+003  5.0165140e-003
  1.4948000e+003  5.0954580e-003
  1.4950000e+003  5.1583030e-003
  1.4952000e+003  5.2075220e-003
  1.4954000e+003  5.2456380e-003
  1.4956000e+003  5.2751240e-003
  1.4958000e+003  5.2998530e-003
  1.4960000e+003  5.3193580e-003
  1.4962000e+003  5.3302520e-003
  1.4964000e+003  5.3261610e-003
  1.4966000e+003  5.2996250e-003
  1.4968000e+003  5.2426890e-003
  1.4970000e+003  5.1514900e-003
  1.4972000e+003  5.0255920e-003
  1.4974000e+003  4.8729190e-003
  1.4976000e+003  4.7080000e-003
  1.4978000e+003  4.5478490e-003
  1.4980000e+003  4.4119690e-003
  1.4982000e+003  4.3196380e-003
  1.4984000e+003  4.2851570e-003
  1.4986000e+003  4.3128350e-003
  1.4988000e+003  4.3981250e-003
  1.4990000e+003  4.5287910e-003
  1.4992000e+003  4.6864490e-003
  1.4994000e+003  4.8481990e-003
  1.4996000e+003  4.9879320e-003
  1.4998000e+003  5.0852490e-003
  1.5000000e+003  5.1269900e-003
