  7.0000000e+002  8.8930000e-003
  7.0020000e+002 -1.3899000e-002
  7.0040000e+002  3.4090000e-003
  7.0060000e+002  5.5193000e-002
  7.0080000e+002  1.2121200e-001
  7.0100000e+002  1.7969600e-001
  7.0120000e+002  2.1569700e-001
  7.0140000e+002  2.2461400e-001
  7.0160000e+002  2.0868700e-001
  7.0180000e+002  1.7316300e-001
  7.0200000e+002  1.2428700e-001
  7.0220000e+002  7.0548000e-002
  7.0240000e+002  2.2530000e-002
  7.0260000e+002 -9.7990000e-003
  7.0280000e+002 -2.0837000e-002
  7.0300000e+002 -1.0728000e-002
  7.0320000e+002  1.4185000e-002
  7.0340000e+002  4.4465000e-002
  7.0360000e+002  7.0428000e-002
  7.0380000e+002  8.5449000e-002
  7.0400000e+002  8.7451000e-002
  7.0420000e+002  8.0132000e-002
  7.0440000e+002  7.2026000e-002
  7.0460000e+002  7.3456000e-002
  7.0480000e+002  9.4032000e-002
  7.0500000e+002  1.3735200e-001
  7.0520000e+002  1.9862600e-001
  7.0540000e+002  2.6593200e-001
  7.0560000e+002  3.2470200e-001
  7.0580000e+002  3.6401700e-001
  7.0600000e+002  3.8096900e-001
  7.0620000e+002  3.8118300e-001
  7.0640000e+002  3.7438800e-001
  7.0660000e+002  3.7026400e-001
  7.0680000e+002  3.7391100e-001
  7.0700000e+002  3.8528400e-001
  7.0720000e+002  3.9966100e-001
  7.0740000e+002  4.0986500e-001
  7.0760000e+002  4.0848200e-001
  7.0780000e+002  3.8990900e-001
  7.0800000e+002  3.5326400e-001
  7.0820000e+002  3.0322000e-001
  7.0840000e+002  2.4948100e-001
  7.0860000e+002  2.0358500e-001
  7.0880000e+002  1.7502300e-001
  7.0900000e+002  1.6770300e-001
  7.0920000e+002  1.7879000e-001
  7.0940000e+002  2.0046200e-001
  7.0960000e+002  2.2268200e-001
  7.0980000e+002  2.3734500e-001
  7.1000000e+002  2.3987200e-001
  7.1020000e+002  2.3217200e-001
  7.1040000e+002  2.2139500e-001
  7.1060000e+002  2.1755600e-001
  7.1080000e+002  2.2926300e-001
  7.1100000e+002  2.6009000e-001
  7.1120000e+002  3.0751200e-001
  7.1140000e+002  3.6306300e-001
  7.1160000e+002  4.1654100e-001
  7.1180000e+002  4.5928900e-001
  7.1200000e+002  4.8861500e-001
  7.1220000e+002  5.0809300e-001
  7.1240000e+002  5.2480600e-001
  7.1260000e+002  5.4330800e-001
  7.1280000e+002  5.6223800e-001
  7.1300000e+002  5.7425400e-001
  7.1320000e+002  5.7106000e-001
  7.1340000e+002  5.5000700e-001
  7.1360000e+002  5.1736800e-001
  7.1380000e+002  4.8573000e-001
  7.1400000e+002  4.6620300e-001
  7.1420000e+002  4.6236500e-001
  7.1440000e+002  4.6892100e-001
  7.1460000e+002  4.7662200e-001
  7.1480000e+002  4.7821900e-001
  7.1500000e+002  4.7202100e-001
  7.1520000e+002  4.6019500e-001
  7.1540000e+002  4.4722500e-001
  7.1560000e+002  4.3733100e-001
  7.1580000e+002  4.3323000e-001
  7.1600000e+002  4.3592400e-001
  7.1620000e+002  4.4405400e-001
  7.1640000e+002  4.5442500e-001
  7.1660000e+002  4.6329400e-001
  7.1680000e+002  4.7013700e-001
  7.1700000e+002  4.7988800e-001
  7.1720000e+002  5.0089300e-001
  7.1740000e+002  5.3830100e-001
  7.1760000e+002  5.8994200e-001
  7.1780000e+002  6.4487400e-001
  7.1800000e+002  6.9048400e-001
  7.1820000e+002  7.1959400e-001
  7.1840000e+002  7.3413800e-001
  7.1860000e+002  7.4236300e-001
  7.1880000e+002  7.5356900e-001
  7.1900000e+002  7.7235600e-001
  7.1920000e+002  7.9665100e-001
  7.1940000e+002  8.1944400e-001
  7.1960000e+002  8.3286700e-001
  7.1980000e+002  8.2991100e-001
  7.2000000e+002  8.0580700e-001
  7.2020000e+002  7.6107900e-001
  7.2040000e+002  7.0374000e-001
  7.2060000e+002  6.4997600e-001
  7.2080000e+002  6.1881500e-001
  7.2100000e+002  6.2575300e-001
  7.2120000e+002  6.7682200e-001
  7.2140000e+002  7.6470300e-001
  7.2160000e+002  8.7091900e-001
  7.2180000e+002  9.6905200e-001
  7.2200000e+002  1.0360470e+000
  7.2220000e+002  1.0606280e+000
  7.2240000e+002  1.0496370e+000
  7.2260000e+002  1.0239360e+000
  7.2280000e+002  1.0066270e+000
  7.2300000e+002  1.0131350e+000
  7.2320000e+002  1.0418410e+000
  7.2340000e+002  1.0806080e+000
  7.2360000e+002  1.1170140e+000
  7.2380000e+002  1.1497490e+000
  7.2400000e+002  1.1890410e+000
  7.2420000e+002  1.2489080e+000
  7.2440000e+002  1.3355490e+000
  7.2460000e+002  1.4424800e+000
  7.2480000e+002  1.5540360e+000
  7.2500000e+002  1.6566030e+000
  7.2520000e+002  1.7442220e+000
  7.2540000e+002  1.8223520e+000
  7.2560000e+002  1.9018880e+000
  7.2580000e+002  1.9942760e+000
  7.2600000e+002  2.1058080e+000
  7.2620000e+002  2.2359840e+000
  7.2640000e+002  2.3797270e+000
  7.2660000e+002  2.5258300e+000
  7.2680000e+002  2.6626340e+000
  7.2700000e+002  2.7784340e+000
  7.2720000e+002  2.8676980e+000
  7.2740000e+002  2.9352180e+000
  7.2760000e+002  2.9934400e+000
  7.2780000e+002  3.0604830e+000
  7.2800000e+002  3.1474110e+000
  7.2820000e+002  3.2564870e+000
  7.2840000e+002  3.3802500e+000
  7.2860000e+002  3.5084240e+000
  7.2880000e+002  3.6381480e+000
  7.2900000e+002  3.7748090e+000
  7.2920000e+002  3.9303770e+000
  7.2940000e+002  4.1136020e+000
  7.2960000e+002  4.3226710e+000
  7.2980000e+002  4.5485490e+000
  7.3000000e+002  4.7769300e+000
  7.3020000e+002  5.0034760e+000
  7.3040000e+002  5.2305930e+000
  7.3060000e+002  5.4680580e+000
  7.3080000e+002  5.7243340e+000
  7.3100000e+002  5.9991120e+000
  7.3120000e+002  6.2901020e+000
  7.3140000e+002  6.5896510e+000
  7.3160000e+002  6.8984980e+000
  7.3180000e+002  7.2204580e+000
  7.3200000e+002  7.5592750e+000
  7.3220000e+002  7.9199790e+000
  7.3240000e+002  8.2969900e+000
  7.3260000e+002  8.6901660e+000
  7.3280000e+002  9.0972180e+000
  7.3300000e+002  9.5229140e+000
  7.3320000e+002  9.9780080e+000
  7.3340000e+002  1.0467433e+001
  7.3360000e+002  1.1000776e+001
  7.3380000e+002  1.1573886e+001
  7.3400000e+002  1.2184357e+001
  7.3420000e+002  1.2828183e+001
  7.3440000e+002  1.3501620e+001
  7.3460000e+002  1.4213323e+001
  7.3480000e+002  1.4965176e+001
  7.3500000e+002  1.5768337e+001
  7.3520000e+002  1.6624665e+001
  7.3540000e+002  1.7530894e+001
  7.3560000e+002  1.8484878e+001
  7.3580000e+002  1.9474554e+001
  7.3600000e+002  2.0502996e+001
  7.3620000e+002  2.1569681e+001
  7.3640000e+002  2.2684121e+001
  7.3660000e+002  2.3858332e+001
  7.3680000e+002  2.5096797e+001
  7.3700000e+002  2.6409196e+001
  7.3720000e+002  2.7789759e+001
  7.3740000e+002  2.9236221e+001
  7.3760000e+002  3.0740880e+001
  7.3780000e+002  3.2295584e+001
  7.3800000e+002  3.3899831e+001
  7.3820000e+002  3.5550498e+001
  7.3840000e+002  3.7253594e+001
  7.3860000e+002  3.9010667e+001
  7.3880000e+002  4.0818643e+001
  7.3900000e+002  4.2667698e+001
  7.3920000e+002  4.4539976e+001
  7.3940000e+002  4.6416950e+001
  7.3960000e+002  4.8285770e+001
  7.3980000e+002  5.0140881e+001
  7.4000000e+002  5.1986241e+001
  7.4020000e+002  5.3828382e+001
  7.4040000e+002  5.5667829e+001
  7.4060000e+002  5.7500863e+001
  7.4080000e+002  5.9312081e+001
  7.4100000e+002  6.1091327e+001
  7.4120000e+002  6.2831354e+001
  7.4140000e+002  6.4527082e+001
  7.4160000e+002  6.6177153e+001
  7.4180000e+002  6.7759776e+001
  7.4200000e+002  6.9254755e+001
  7.4220000e+002  7.0633172e+001
  7.4240000e+002  7.1878027e+001
  7.4260000e+002  7.2994661e+001
  7.4280000e+002  7.3993515e+001
  7.4300000e+002  7.4904537e+001
  7.4320000e+002  7.5739097e+001
  7.4340000e+002  7.6506924e+001
  7.4360000e+002  7.7209377e+001
  7.4380000e+002  7.7839589e+001
  7.4400000e+002  7.8404426e+001
  7.4420000e+002  7.8897571e+001
  7.4440000e+002  7.9324078e+001
  7.4460000e+002  7.9679203e+001
  7.4480000e+002  7.9955697e+001
  7.4500000e+002  8.0155777e+001
  7.4520000e+002  8.0275464e+001
  7.4540000e+002  8.0335259e+001
  7.4560000e+002  8.0353307e+001
  7.4580000e+002  8.0357909e+001
  7.4600000e+002  8.0372691e+001
  7.4620000e+002  8.0399107e+001
  7.4640000e+002  8.0431604e+001
  7.4660000e+002  8.0440640e+001
  7.4680000e+002  8.0407118e+001
  7.4700000e+002  8.0322718e+001
  7.4720000e+002  8.0195760e+001
  7.4740000e+002  8.0049729e+001
  7.4760000e+002  7.9893946e+001
  7.4780000e+002  7.9733729e+001
  7.4800000e+002  7.9556679e+001
  7.4820000e+002  7.9353213e+001
  7.4840000e+002  7.9127264e+001
  7.4860000e+002  7.8885912e+001
  7.4880000e+002  7.8647541e+001
  7.4900000e+002  7.8408169e+001
  7.4920000e+002  7.8156161e+001
  7.4940000e+002  7.7868819e+001
  7.4960000e+002  7.7525615e+001
  7.4980000e+002  7.7126622e+001
  7.5000000e+002  7.6671433e+001
  7.5020000e+002  7.6171231e+001
  7.5040000e+002  7.5622510e+001
  7.5060000e+002  7.5014448e+001
  7.5080000e+002  7.4340415e+001
  7.5100000e+002  7.3590207e+001
  7.5120000e+002  7.2774577e+001
  7.5140000e+002  7.1895933e+001
  7.5160000e+002  7.0959115e+001
  7.5180000e+002  6.9960808e+001
  7.5200000e+002  6.8887615e+001
  7.5220000e+002  6.7735934e+001
  7.5240000e+002  6.6496324e+001
  7.5260000e+002  6.5172886e+001
  7.5280000e+002  6.3768601e+001
  7.5300000e+002  6.2286639e+001
  7.5320000e+002  6.0735130e+001
  7.5340000e+002  5.9117341e+001
  7.5360000e+002  5.7448172e+001
  7.5380000e+002  5.5738925e+001
  7.5400000e+002  5.4002380e+001
  7.5420000e+002  5.2247738e+001
  7.5440000e+002  5.0476717e+001
  7.5460000e+002  4.8693704e+001
  7.5480000e+002  4.6901512e+001
  7.5500000e+002  4.5107364e+001
  7.5520000e+002  4.3321752e+001
  7.5540000e+002  4.1555857e+001
  7.5560000e+002  3.9821910e+001
  7.5580000e+002  3.8132786e+001
  7.5600000e+002  3.6496567e+001
  7.5620000e+002  3.4918427e+001
  7.5640000e+002  3.3394289e+001
  7.5660000e+002  3.1913518e+001
  7.5680000e+002  3.0467414e+001
  7.5700000e+002  2.9045677e+001
  7.5720000e+002  2.7653121e+001
  7.5740000e+002  2.6294946e+001
  7.5760000e+002  2.4979472e+001
  7.5780000e+002  2.3713755e+001
  7.5800000e+002  2.2495031e+001
  7.5820000e+002  2.1329665e+001
  7.5840000e+002  2.0217442e+001
  7.5860000e+002  1.9166207e+001
  7.5880000e+002  1.8181395e+001
  7.5900000e+002  1.7259430e+001
  7.5920000e+002  1.6400122e+001
  7.5940000e+002  1.5591454e+001
  7.5960000e+002  1.4833736e+001
  7.5980000e+002  1.4125084e+001
  7.6000000e+002  1.3463616e+001
  7.6020000e+002  1.2847948e+001
  7.6040000e+002  1.2263107e+001
  7.6060000e+002  1.1701226e+001
  7.6080000e+002  1.1149501e+001
  7.6100000e+002  1.0604619e+001
  7.6120000e+002  1.0070633e+001
  7.6140000e+002  9.5512390e+000
  7.6160000e+002  9.0595240e+000
  7.6180000e+002  8.6001870e+000
  7.6200000e+002  8.1812140e+000
  7.6220000e+002  7.8035350e+000
  7.6240000e+002  7.4612850e+000
  7.6260000e+002  7.1482410e+000
  7.6280000e+002  6.8501710e+000
  7.6300000e+002  6.5615650e+000
  7.6320000e+002  6.2770840e+000
  7.6340000e+002  5.9967040e+000
  7.6360000e+002  5.7238340e+000
  7.6380000e+002  5.4595230e+000
  7.6400000e+002  5.2096360e+000
  7.6420000e+002  4.9767970e+000
  7.6440000e+002  4.7656770e+000
  7.6460000e+002  4.5762530e+000
  7.6480000e+002  4.4010630e+000
  7.6500000e+002  4.2300700e+000
  7.6520000e+002  4.0507550e+000
  7.6540000e+002  3.8625000e+000
  7.6560000e+002  3.6740060e+000
  7.6580000e+002  3.5036560e+000
  7.6600000e+002  3.3689260e+000
  7.6620000e+002  3.2751560e+000
  7.6640000e+002  3.2145260e+000
  7.6660000e+002  3.1670800e+000
  7.6680000e+002  3.1112900e+000
  7.6700000e+002  3.0318490e+000
  7.6720000e+002  2.9239410e+000
  7.6740000e+002  2.7938600e+000
  7.6760000e+002  2.6530020e+000
  7.6780000e+002  2.5159590e+000
  7.6800000e+002  2.3942470e+000
  7.6820000e+002  2.2938250e+000
  7.6840000e+002  2.2147890e+000
  7.6860000e+002  2.1508930e+000
  7.6880000e+002  2.0944350e+000
  7.6900000e+002  2.0393370e+000
  7.6920000e+002  1.9835940e+000
  7.6940000e+002  1.9281860e+000
  7.6960000e+002  1.8737790e+000
  7.6980000e+002  1.8193960e+000
  7.7000000e+002  1.7611260e+000
  7.7020000e+002  1.6966810e+000
  7.7040000e+002  1.6273970e+000
  7.7060000e+002  1.5594720e+000
  7.7080000e+002  1.5017740e+000
  7.7100000e+002  1.4617680e+000
  7.7120000e+002  1.4417880e+000
  7.7140000e+002  1.4367340e+000
  7.7160000e+002  1.4353270e+000
  7.7180000e+002  1.4241930e+000
  7.7200000e+002  1.3923400e+000
  7.7220000e+002  1.3360500e+000
  7.7240000e+002  1.2602320e+000
  7.7260000e+002  1.1767620e+000
  7.7280000e+002  1.1007300e+000
  7.7300000e+002  1.0433910e+000
  7.7320000e+002  1.0086530e+000
  7.7340000e+002  9.9127200e-001
  7.7360000e+002  9.8140200e-001
  7.7380000e+002  9.6955200e-001
  7.7400000e+002  9.5157600e-001
  7.7420000e+002  9.2909300e-001
  7.7440000e+002  9.0532300e-001
  7.7460000e+002  8.8133800e-001
  7.7480000e+002  8.5337100e-001
  7.7500000e+002  8.1570100e-001
  7.7520000e+002  7.6549000e-001
  7.7540000e+002  7.0598100e-001
  7.7560000e+002  6.4551800e-001
  7.7580000e+002  5.9301800e-001
  7.7600000e+002  5.5258200e-001
  7.7620000e+002  5.2208900e-001
  7.7640000e+002  4.9626800e-001
  7.7660000e+002  4.7166300e-001
  7.7680000e+002  4.4858400e-001
  7.7700000e+002  4.3201400e-001
  7.7720000e+002  4.2810400e-001
  7.7740000e+002  4.4093100e-001
  7.7760000e+002  4.6944600e-001
  7.7780000e+002  5.0725900e-001
  7.7800000e+002  5.4318900e-001
  7.7820000e+002  5.6469400e-001
  7.7840000e+002  5.6183300e-001
  7.7860000e+002  5.2914600e-001
  7.7880000e+002  4.6939800e-001
  7.7900000e+002  3.9358100e-001
  7.7920000e+002  3.1933700e-001
  7.7940000e+002  2.6607500e-001
  7.7960000e+002  2.4735900e-001
  7.7980000e+002  2.6619400e-001
  7.8000000e+002  3.1304300e-001
  7.8020000e+002  3.6993000e-001
  7.8040000e+002  4.1627800e-001
  7.8060000e+002  4.3771200e-001
  7.8080000e+002  4.2848500e-001
  7.8100000e+002  3.9236500e-001
  7.8120000e+002  3.3922100e-001
  7.8140000e+002  2.8176300e-001
  7.8160000e+002  2.3434100e-001
  7.8180000e+002  2.0856800e-001
  7.8200000e+002  2.1121500e-001
  7.8220000e+002  2.4137400e-001
  7.8240000e+002  2.9139500e-001
  7.8260000e+002  3.5049900e-001
  7.8280000e+002  4.0843400e-001
  7.8300000e+002  4.5714300e-001
  7.8320000e+002  4.9088000e-001
  7.8340000e+002  5.0582800e-001
  7.8360000e+002  5.0046400e-001
  7.8380000e+002  4.7707500e-001
  7.8400000e+002  4.4186100e-001
  7.8420000e+002  4.0192600e-001
  7.8440000e+002  3.6225300e-001
  7.8460000e+002  3.2277100e-001
  7.8480000e+002  2.8049900e-001
  7.8500000e+002  2.3384000e-001
  7.8520000e+002  1.8582300e-001
  7.8540000e+002  1.4297900e-001
  7.8560000e+002  1.1181800e-001
  7.8580000e+002  9.5367000e-002
  7.8600000e+002  9.3412000e-002
  7.8620000e+002  1.0361600e-001
  7.8640000e+002  1.2385800e-001
  7.8660000e+002  1.5082300e-001
  7.8680000e+002  1.7912300e-001
  7.8700000e+002  2.0153500e-001
  7.8720000e+002  2.1147700e-001
  7.8740000e+002  2.0666100e-001
  7.8760000e+002  1.9140200e-001
  7.8780000e+002  1.7335400e-001
  7.8800000e+002  1.5892900e-001
  7.8820000e+002  1.4853400e-001
  7.8840000e+002  1.3680400e-001
  7.8860000e+002  1.1758800e-001
  7.8880000e+002  8.8381000e-002
  7.8900000e+002  5.2547000e-002
  7.8920000e+002  1.7619000e-002
  7.8940000e+002 -9.5360000e-003
  7.8960000e+002 -2.5343000e-002
  7.8980000e+002 -2.9230000e-002
  7.9000000e+002 -2.2101000e-002
  7.9020000e+002 -4.3150000e-003
  7.9040000e+002  2.3007000e-002
  7.9060000e+002  5.5742000e-002
  7.9080000e+002  8.6879000e-002
  7.9100000e+002  1.0867100e-001
  7.9120000e+002  1.1882700e-001
  7.9140000e+002  1.2261800e-001
  7.9160000e+002  1.3089100e-001
  7.9180000e+002  1.5199100e-001
  7.9200000e+002  1.8630000e-001
  7.9220000e+002  2.2339800e-001
  7.9240000e+002  2.4883700e-001
  7.9260000e+002  2.5079200e-001
  7.9280000e+002  2.2695000e-001
  7.9300000e+002  1.8384400e-001
  7.9320000e+002  1.3189300e-001
  7.9340000e+002  7.9894000e-002
  7.9360000e+002  3.1828000e-002
  7.9380000e+002 -1.1324000e-002
  7.9400000e+002 -4.8398000e-002
  7.9420000e+002 -7.6627000e-002
  7.9440000e+002 -9.2864000e-002
  7.9460000e+002 -9.5438000e-002
  7.9480000e+002 -8.6426000e-002
  7.9500000e+002 -7.0929000e-002
  7.9520000e+002 -5.4526000e-002
  7.9540000e+002 -4.1484000e-002
  7.9560000e+002 -3.3378000e-002
  7.9580000e+002 -2.9897000e-002
  7.9600000e+002 -3.0088000e-002
  7.9620000e+002 -3.2687000e-002
  7.9640000e+002 -3.5977000e-002
  7.9660000e+002 -3.7670000e-002
  7.9680000e+002 -3.5214000e-002
  7.9700000e+002 -2.7489000e-002
  7.9720000e+002 -1.5807000e-002
  7.9740000e+002 -3.5760000e-003
  7.9760000e+002  5.2920000e-003
  7.9780000e+002  8.5830000e-003
  7.9800000e+002  7.1760000e-003
  7.9820000e+002  3.7670000e-003
  7.9840000e+002  1.3820000e-003
  7.9860000e+002  1.7400000e-003
  7.9880000e+002  4.6730000e-003
  7.9900000e+002  9.1550000e-003
  7.9920000e+002  1.5234000e-002
  7.9940000e+002  2.4747000e-002
  7.9960000e+002  4.0078000e-002
  7.9980000e+002  6.1917000e-002
  8.0000000e+002  8.6808000e-002
