  7.0000000e+002  1.4038220e-003
  7.0020000e+002  1.9366250e-003
  7.0040000e+002  2.2893320e-003
  7.0060000e+002  2.3501960e-003
  7.0080000e+002  2.1694260e-003
  7.0100000e+002  1.9205600e-003
  7.0120000e+002  1.8067650e-003
  7.0140000e+002  1.9533650e-003
  7.0160000e+002  2.3420450e-003
  7.0180000e+002  2.8379730e-003
  7.0200000e+002  3.2612700e-003
  7.0220000e+002  3.4881860e-003
  7.0240000e+002  3.4909000e-003
  7.0260000e+002  3.3354760e-003
  7.0280000e+002  3.1180580e-003
  7.0300000e+002  2.9144370e-003
  7.0320000e+002  2.7544860e-003
  7.0340000e+002  2.6148990e-003
  7.0360000e+002  2.4497380e-003
  7.0380000e+002  2.2207810e-003
  7.0400000e+002  1.9126460e-003
  7.0420000e+002  1.5454500e-003
  7.0440000e+002  1.1864040e-003
  7.0460000e+002  9.3142800e-004
  7.0480000e+002  8.8301400e-004
  7.0500000e+002  1.0934190e-003
  7.0520000e+002  1.5248670e-003
  7.0540000e+002  2.0345830e-003
  7.0560000e+002  2.4262140e-003
  7.0580000e+002  2.5431790e-003
  7.0600000e+002  2.3465710e-003
  7.0620000e+002  1.9569890e-003
  7.0640000e+002  1.5950030e-003
  7.0660000e+002  1.4836840e-003
  7.0680000e+002  1.7090260e-003
  7.0700000e+002  2.2001990e-003
  7.0720000e+002  2.7569720e-003
  7.0740000e+002  3.1737120e-003
  7.0760000e+002  3.3277800e-003
  7.0780000e+002  3.2096860e-003
  7.0800000e+002  2.8988270e-003
  7.0820000e+002  2.4983800e-003
  7.0840000e+002  2.0934070e-003
  7.0860000e+002  1.7357190e-003
  7.0880000e+002  1.4472640e-003
  7.0900000e+002  1.2352740e-003
  7.0920000e+002  1.0970440e-003
  7.0940000e+002  1.0183120e-003
  7.0960000e+002  9.8822100e-004
  7.0980000e+002  1.0101600e-003
  7.1000000e+002  1.0979460e-003
  7.1020000e+002  1.2694350e-003
  7.1040000e+002  1.5255410e-003
  7.1060000e+002  1.8522370e-003
  7.1080000e+002  2.2336770e-003
  7.1100000e+002  2.6635410e-003
  7.1120000e+002  3.1467910e-003
  7.1140000e+002  3.6741570e-003
  7.1160000e+002  4.2074150e-003
  7.1180000e+002  4.6736990e-003
  7.1200000e+002  4.9929170e-003
  7.1220000e+002  5.1209750e-003
  7.1240000e+002  5.0798010e-003
  7.1260000e+002  4.9424730e-003
  7.1280000e+002  4.7940510e-003
  7.1300000e+002  4.6856840e-003
  7.1320000e+002  4.6074070e-003
  7.1340000e+002  4.5019810e-003
  7.1360000e+002  4.2927050e-003
  7.1380000e+002  3.9343330e-003
  7.1400000e+002  3.4456550e-003
  7.1420000e+002  2.9094650e-003
  7.1440000e+002  2.4449840e-003
  7.1460000e+002  2.1628680e-003
  7.1480000e+002  2.1178420e-003
  7.1500000e+002  2.2974830e-003
  7.1520000e+002  2.6273390e-003
  7.1540000e+002  3.0065210e-003
  7.1560000e+002  3.3508580e-003
  7.1580000e+002  3.5963350e-003
  7.1600000e+002  3.7092290e-003
  7.1620000e+002  3.6884100e-003
  7.1640000e+002  3.5734850e-003
  7.1660000e+002  3.4504090e-003
  7.1680000e+002  3.4128510e-003
  7.1700000e+002  3.5087780e-003
  7.1720000e+002  3.7099030e-003
  7.1740000e+002  3.9221210e-003
  7.1760000e+002  4.0483660e-003
  7.1780000e+002  4.0513070e-003
  7.1800000e+002  3.9655630e-003
  7.1820000e+002  3.8574130e-003
  7.1840000e+002  3.7549290e-003
  7.1860000e+002  3.6234840e-003
  7.1880000e+002  3.4024410e-003
  7.1900000e+002  3.0791420e-003
  7.1920000e+002  2.7309620e-003
  7.1940000e+002  2.5044910e-003
  7.1960000e+002  2.5203290e-003
  7.1980000e+002  2.8076540e-003
  7.2000000e+002  3.2918150e-003
  7.2020000e+002  3.8409020e-003
  7.2040000e+002  4.3458730e-003
  7.2060000e+002  4.7594440e-003
  7.2080000e+002  5.0856840e-003
  7.2100000e+002  5.3239120e-003
  7.2120000e+002  5.4456310e-003
  7.2140000e+002  5.4146390e-003
  7.2160000e+002  5.2415650e-003
  7.2180000e+002  5.0309310e-003
  7.2200000e+002  4.9347770e-003
  7.2220000e+002  5.0494830e-003
  7.2240000e+002  5.3345500e-003
  7.2260000e+002  5.6103360e-003
  7.2280000e+002  5.6684770e-003
  7.2300000e+002  5.4116980e-003
  7.2320000e+002  4.9499410e-003
  7.2340000e+002  4.5289020e-003
  7.2360000e+002  4.3947430e-003
  7.2380000e+002  4.6121610e-003
  7.2400000e+002  5.0356860e-003
  7.2420000e+002  5.3788930e-003
  7.2440000e+002  5.3974450e-003
  7.2460000e+002  4.9884010e-003
  7.2480000e+002  4.2368230e-003
  7.2500000e+002  3.3456580e-003
  7.2520000e+002  2.5565210e-003
  7.2540000e+002  2.0793820e-003
  7.2560000e+002  2.0300570e-003
  7.2580000e+002  2.4194200e-003
  7.2600000e+002  3.1377380e-003
  7.2620000e+002  3.9816180e-003
  7.2640000e+002  4.6933790e-003
  7.2660000e+002  5.0406580e-003
  7.2680000e+002  4.9114710e-003
  7.2700000e+002  4.3542430e-003
  7.2720000e+002  3.5750700e-003
  7.2740000e+002  2.8266610e-003
  7.2760000e+002  2.3010990e-003
  7.2780000e+002  2.0603750e-003
  7.2800000e+002  2.0468050e-003
  7.2820000e+002  2.1502000e-003
  7.2840000e+002  2.3029110e-003
  7.2860000e+002  2.5081070e-003
  7.2880000e+002  2.7995130e-003
  7.2900000e+002  3.1709980e-003
  7.2920000e+002  3.5494960e-003
  7.2940000e+002  3.8157840e-003
  7.2960000e+002  3.8823040e-003
  7.2980000e+002  3.7513040e-003
  7.3000000e+002  3.5280030e-003
  7.3020000e+002  3.3671510e-003
  7.3040000e+002  3.4142080e-003
  7.3060000e+002  3.7592280e-003
  7.3080000e+002  4.4035580e-003
  7.3100000e+002  5.2669010e-003
  7.3120000e+002  6.1861160e-003
  7.3140000e+002  6.9607720e-003
  7.3160000e+002  7.4069190e-003
  7.3180000e+002  7.4329390e-003
  7.3200000e+002  7.1003590e-003
  7.3220000e+002  6.5972010e-003
  7.3240000e+002  6.1632660e-003
  7.3260000e+002  5.9551290e-003
  7.3280000e+002  5.9874770e-003
  7.3300000e+002  6.1465270e-003
  7.3320000e+002  6.2999210e-003
  7.3340000e+002  6.3886080e-003
  7.3360000e+002  6.4625860e-003
  7.3380000e+002  6.6051240e-003
  7.3400000e+002  6.8349820e-003
  7.3420000e+002  7.0395050e-003
  7.3440000e+002  7.0331660e-003
  7.3460000e+002  6.6655230e-003
  7.3480000e+002  5.9435900e-003
  7.3500000e+002  5.0417870e-003
  7.3520000e+002  4.2374960e-003
  7.3540000e+002  3.7716680e-003
  7.3560000e+002  3.7345650e-003
  7.3580000e+002  4.0603510e-003
  7.3600000e+002  4.5834270e-003
  7.3620000e+002  5.1467670e-003
  7.3640000e+002  5.6571660e-003
  7.3660000e+002  6.0996980e-003
  7.3680000e+002  6.4856640e-003
  7.3700000e+002  6.8085070e-003
  7.3720000e+002  7.0318090e-003
  7.3740000e+002  7.1214060e-003
  7.3760000e+002  7.0926730e-003
  7.3780000e+002  7.0250240e-003
  7.3800000e+002  7.0161990e-003
  7.3820000e+002  7.1186920e-003
  7.3840000e+002  7.2985520e-003
  7.3860000e+002  7.4734390e-003
  7.3880000e+002  7.5772800e-003
  7.3900000e+002  7.6139270e-003
  7.3920000e+002  7.6372330e-003
  7.3940000e+002  7.7100820e-003
  7.3960000e+002  7.8336130e-003
  7.3980000e+002  7.9462790e-003
  7.4000000e+002  7.9585020e-003
  7.4020000e+002  7.8159630e-003
  7.4040000e+002  7.5241120e-003
  7.4060000e+002  7.1539830e-003
  7.4080000e+002  6.7933530e-003
  7.4100000e+002  6.5295520e-003
  7.4120000e+002  6.4334060e-003
  7.4140000e+002  6.5383770e-003
  7.4160000e+002  6.8372410e-003
  7.4180000e+002  7.2763750e-003
  7.4200000e+002  7.7847440e-003
  7.4220000e+002  8.2942410e-003
  7.4240000e+002  8.7621090e-003
  7.4260000e+002  9.1677560e-003
  7.4280000e+002  9.4910550e-003
  7.4300000e+002  9.7093840e-003
  7.4320000e+002  9.8109670e-003
  7.4340000e+002  9.8068960e-003
  7.4360000e+002  9.7439920e-003
  7.4380000e+002  9.6853950e-003
  7.4400000e+002  9.6745400e-003
  7.4420000e+002  9.7139110e-003
  7.4440000e+002  9.7720510e-003
  7.4460000e+002  9.8218230e-003
  7.4480000e+002  9.8643530e-003
  7.4500000e+002  9.9163920e-003
  7.4520000e+002  9.9847150e-003
  7.4540000e+002  1.0031772e-002
  7.4560000e+002  9.9863000e-003
  7.4580000e+002  9.7849470e-003
  7.4600000e+002  9.4410560e-003
  7.4620000e+002  9.0661740e-003
  7.4640000e+002  8.8569070e-003
  7.4660000e+002  8.9865400e-003
  7.4680000e+002  9.5186600e-003
  7.4700000e+002  1.0354398e-002
  7.4720000e+002  1.1274742e-002
  7.4740000e+002  1.2051657e-002
  7.4760000e+002  1.2543732e-002
  7.4780000e+002  1.2750066e-002
  7.4800000e+002  1.2767261e-002
  7.4820000e+002  1.2710477e-002
  7.4840000e+002  1.2638530e-002
  7.4860000e+002  1.2553696e-002
  7.4880000e+002  1.2442377e-002
  7.4900000e+002  1.2329483e-002
  7.4920000e+002  1.2276315e-002
  7.4940000e+002  1.2349620e-002
  7.4960000e+002  1.2571336e-002
  7.4980000e+002  1.2905273e-002
  7.5000000e+002  1.3281285e-002
  7.5020000e+002  1.3634447e-002
  7.5040000e+002  1.3932182e-002
  7.5060000e+002  1.4183087e-002
  7.5080000e+002  1.4409776e-002
  7.5100000e+002  1.4625382e-002
  7.5120000e+002  1.4820861e-002
  7.5140000e+002  1.4969956e-002
  7.5160000e+002  1.5045747e-002
  7.5180000e+002  1.5048460e-002
  7.5200000e+002  1.5013616e-002
  7.5220000e+002  1.5003434e-002
  7.5240000e+002  1.5086693e-002
  7.5260000e+002  1.5292572e-002
  7.5280000e+002  1.5595279e-002
  7.5300000e+002  1.5930801e-002
  7.5320000e+002  1.6236450e-002
  7.5340000e+002  1.6481244e-002
  7.5360000e+002  1.6666313e-002
  7.5380000e+002  1.6801829e-002
  7.5400000e+002  1.6887347e-002
  7.5420000e+002  1.6915406e-002
  7.5440000e+002  1.6891645e-002
  7.5460000e+002  1.6856355e-002
  7.5480000e+002  1.6882820e-002
  7.5500000e+002  1.7037125e-002
  7.5520000e+002  1.7343676e-002
  7.5540000e+002  1.7769468e-002
  7.5560000e+002  1.8246380e-002
  7.5580000e+002  1.8709048e-002
  7.5600000e+002  1.9127818e-002
  7.5620000e+002  1.9507911e-002
  7.5640000e+002  1.9867630e-002
  7.5660000e+002  2.0216265e-002
  7.5680000e+002  2.0545220e-002
  7.5700000e+002  2.0824859e-002
  7.5720000e+002  2.1040692e-002
  7.5740000e+002  2.1207883e-002
  7.5760000e+002  2.1382543e-002
  7.5780000e+002  2.1638876e-002
  7.5800000e+002  2.2034351e-002
  7.5820000e+002  2.2575514e-002
  7.5840000e+002  2.3206730e-002
  7.5860000e+002  2.3830706e-002
  7.5880000e+002  2.4337489e-002
  7.5900000e+002  2.4654222e-002
  7.5920000e+002  2.4768027e-002
  7.5940000e+002  2.4733410e-002
  7.5960000e+002  2.4655351e-002
  7.5980000e+002  2.4673912e-002
  7.6000000e+002  2.4923679e-002
  7.6020000e+002  2.5476837e-002
  7.6040000e+002  2.6312575e-002
  7.6060000e+002  2.7303510e-002
  7.6080000e+002  2.8272734e-002
  7.6100000e+002  2.9056888e-002
  7.6120000e+002  2.9579728e-002
  7.6140000e+002  2.9862308e-002
  7.6160000e+002  3.0003252e-002
  7.6180000e+002  3.0111629e-002
  7.6200000e+002  3.0275196e-002
  7.6220000e+002  3.0545554e-002
  7.6240000e+002  3.0941256e-002
  7.6260000e+002  3.1459569e-002
  7.6280000e+002  3.2056397e-002
  7.6300000e+002  3.2660464e-002
  7.6320000e+002  3.3196199e-002
  7.6340000e+002  3.3628549e-002
  7.6360000e+002  3.3988505e-002
  7.6380000e+002  3.4348452e-002
  7.6400000e+002  3.4796184e-002
  7.6420000e+002  3.5374915e-002
  7.6440000e+002  3.6079882e-002
  7.6460000e+002  3.6867879e-002
  7.6480000e+002  3.7693208e-002
  7.6500000e+002  3.8532343e-002
  7.6520000e+002  3.9385950e-002
  7.6540000e+002  4.0275758e-002
  7.6560000e+002  4.1228461e-002
  7.6580000e+002  4.2273020e-002
  7.6600000e+002  4.3418706e-002
  7.6620000e+002  4.4630684e-002
  7.6640000e+002  4.5843336e-002
  7.6660000e+002  4.6979978e-002
  7.6680000e+002  4.8001232e-002
  7.6700000e+002  4.8925657e-002
  7.6720000e+002  4.9805729e-002
  7.6740000e+002  5.0705045e-002
  7.6760000e+002  5.1648695e-002
  7.6780000e+002  5.2637600e-002
  7.6800000e+002  5.3653197e-002
  7.6820000e+002  5.4686673e-002
  7.6840000e+002  5.5754300e-002
  7.6860000e+002  5.6870351e-002
  7.6880000e+002  5.8045226e-002
  7.6900000e+002  5.9263088e-002
  7.6920000e+002  6.0513070e-002
  7.6940000e+002  6.1812378e-002
  7.6960000e+002  6.3202858e-002
  7.6980000e+002  6.4744465e-002
  7.7000000e+002  6.6450103e-002
  7.7020000e+002  6.8279044e-002
  7.7040000e+002  7.0126527e-002
  7.7060000e+002  7.1883521e-002
  7.7080000e+002  7.3505900e-002
  7.7100000e+002  7.5030995e-002
  7.7120000e+002  7.6584141e-002
  7.7140000e+002  7.8283222e-002
  7.7160000e+002  8.0196323e-002
  7.7180000e+002  8.2303756e-002
  7.7200000e+002  8.4524091e-002
  7.7220000e+002  8.6782440e-002
  7.7240000e+002  8.9016573e-002
  7.7260000e+002  9.1207947e-002
  7.7280000e+002  9.3363357e-002
  7.7300000e+002  9.5512428e-002
  7.7320000e+002  9.7723028e-002
  7.7340000e+002  1.0007255e-001
  7.7360000e+002  1.0265487e-001
  7.7380000e+002  1.0550824e-001
  7.7400000e+002  1.0858558e-001
  7.7420000e+002  1.1175680e-001
  7.7440000e+002  1.1483187e-001
  7.7460000e+002  1.1768524e-001
  7.7480000e+002  1.2029788e-001
  7.7500000e+002  1.2280757e-001
  7.7520000e+002  1.2544419e-001
  7.7540000e+002  1.2839529e-001
  7.7560000e+002  1.3175656e-001
  7.7580000e+002  1.3543502e-001
  7.7600000e+002  1.3926756e-001
  7.7620000e+002  1.4308018e-001
  7.7640000e+002  1.4680570e-001
  7.7660000e+002  1.5050158e-001
  7.7680000e+002  1.5426829e-001
  7.7700000e+002  1.5822615e-001
  7.7720000e+002  1.6241276e-001
  7.7740000e+002  1.6683374e-001
  7.7760000e+002  1.7146808e-001
  7.7780000e+002  1.7627798e-001
  7.7800000e+002  1.8126321e-001
  7.7820000e+002  1.8639120e-001
  7.7840000e+002  1.9166082e-001
  7.7860000e+002  1.9705442e-001
  7.7880000e+002  2.0255390e-001
  7.7900000e+002  2.0816288e-001
  7.7920000e+002  2.1383431e-001
  7.7940000e+002  2.1956840e-001
  7.7960000e+002  2.2535815e-001
  7.7980000e+002  2.3125627e-001
  7.8000000e+002  2.3735394e-001
  7.8020000e+002  2.4369934e-001
  7.8040000e+002  2.5033613e-001
  7.8060000e+002  2.5721795e-001
  7.8080000e+002  2.6431900e-001
  7.8100000e+002  2.7161800e-001
  7.8120000e+002  2.7910909e-001
  7.8140000e+002  2.8683434e-001
  7.8160000e+002  2.9478492e-001
  7.8180000e+002  3.0297374e-001
  7.8200000e+002  3.1136052e-001
  7.8220000e+002  3.1990046e-001
  7.8240000e+002  3.2857638e-001
  7.8260000e+002  3.3736360e-001
  7.8280000e+002  3.4631983e-001
  7.8300000e+002  3.5548284e-001
  7.8320000e+002  3.6491712e-001
  7.8340000e+002  3.7464053e-001
  7.8360000e+002  3.8459810e-001
  7.8380000e+002  3.9474187e-001
  7.8400000e+002  4.0500102e-001
  7.8420000e+002  4.1540226e-001
  7.8440000e+002  4.2599444e-001
  7.8460000e+002  4.3681693e-001
  7.8480000e+002  4.4786928e-001
  7.8500000e+002  4.5906100e-001
  7.8520000e+002  4.7032241e-001
  7.8540000e+002  4.8160328e-001
  7.8560000e+002  4.9292960e-001
  7.8580000e+002  5.0436793e-001
  7.8600000e+002  5.1595196e-001
  7.8620000e+002  5.2769683e-001
  7.8640000e+002  5.3958538e-001
  7.8660000e+002  5.5163615e-001
  7.8680000e+002  5.6389346e-001
  7.8700000e+002  5.7637951e-001
  7.8720000e+002  5.8906511e-001
  7.8740000e+002  6.0183396e-001
  7.8760000e+002  6.1453448e-001
  7.8780000e+002  6.2704158e-001
  7.8800000e+002  6.3929595e-001
  7.8820000e+002  6.5132047e-001
  7.8840000e+002  6.6319047e-001
  7.8860000e+002  6.7497856e-001
  7.8880000e+002  6.8674426e-001
  7.8900000e+002  6.9849750e-001
  7.8920000e+002  7.1022157e-001
  7.8940000e+002  7.2188297e-001
  7.8960000e+002  7.3341903e-001
  7.8980000e+002  7.4481053e-001
  7.9000000e+002  7.5602963e-001
  7.9020000e+002  7.6709578e-001
  7.9040000e+002  7.7802099e-001
  7.9060000e+002  7.8877289e-001
  7.9080000e+002  7.9931146e-001
  7.9100000e+002  8.0951653e-001
  7.9120000e+002  8.1935307e-001
  7.9140000e+002  8.2881834e-001
  7.9160000e+002  8.3799334e-001
  7.9180000e+002  8.4701314e-001
  7.9200000e+002  8.5593250e-001
  7.9220000e+002  8.6479031e-001
  7.9240000e+002  8.7348817e-001
  7.9260000e+002  8.8190345e-001
  7.9280000e+002  8.8990448e-001
  7.9300000e+002  8.9738810e-001
  7.9320000e+002  9.0438939e-001
  7.9340000e+002  9.1095582e-001
  7.9360000e+002  9.1721570e-001
  7.9380000e+002  9.2323056e-001
  7.9400000e+002  9.2896714e-001
  7.9420000e+002  9.3434875e-001
  7.9440000e+002  9.3921906e-001
  7.9460000e+002  9.4357059e-001
  7.9480000e+002  9.4746534e-001
  7.9500000e+002  9.5110715e-001
  7.9520000e+002  9.5473267e-001
  7.9540000e+002  9.5847742e-001
  7.9560000e+002  9.6241900e-001
  7.9580000e+002  9.6644746e-001
  7.9600000e+002  9.7041574e-001
  7.9620000e+002  9.7410664e-001
  7.9640000e+002  9.7731634e-001
  7.9660000e+002  9.7995409e-001
  7.9680000e+002  9.8199728e-001
  7.9700000e+002  9.8361400e-001
  7.9720000e+002  9.8502620e-001
  7.9740000e+002  9.8646351e-001
  7.9760000e+002  9.8804290e-001
  7.9780000e+002  9.8970917e-001
  7.9800000e+002  9.9134422e-001
  7.9820000e+002  9.9280982e-001
  7.9840000e+002  9.9407790e-001
  7.9860000e+002  9.9521160e-001
  7.9880000e+002  9.9627991e-001
  7.9900000e+002  9.9731768e-001
  7.9920000e+002  9.9821631e-001
  7.9940000e+002  9.9884526e-001
  7.9960000e+002  9.9908780e-001
  7.9980000e+002  9.9895974e-001
  8.0000000e+002  9.9863486e-001
  8.0020000e+002  9.9833803e-001
  8.0040000e+002  9.9828781e-001
  8.0060000e+002  9.9853237e-001
  8.0080000e+002  9.9898780e-001
  8.0100000e+002  9.9947489e-001
  8.0120000e+002  9.9982444e-001
  8.0140000e+002  9.9998937e-001
  8.0160000e+002  1.0000000e+000
  8.0180000e+002  9.9994457e-001
  8.0200000e+002  9.9983665e-001
  8.0220000e+002  9.9957760e-001
  8.0240000e+002  9.9901653e-001
  8.0260000e+002  9.9799301e-001
  8.0280000e+002  9.9652425e-001
  8.0300000e+002  9.9475911e-001
  8.0320000e+002  9.9298447e-001
  8.0340000e+002  9.9145214e-001
  8.0360000e+002  9.9021822e-001
  8.0380000e+002  9.8913248e-001
  8.0400000e+002  9.8783431e-001
  8.0420000e+002  9.8601035e-001
  8.0440000e+002  9.8350993e-001
  8.0460000e+002  9.8045634e-001
  8.0480000e+002  9.7719145e-001
  8.0500000e+002  9.7402045e-001
  8.0520000e+002  9.7110532e-001
  8.0540000e+002  9.6831645e-001
  8.0560000e+002  9.6536195e-001
  8.0580000e+002  9.6199706e-001
  8.0600000e+002  9.5808693e-001
  8.0620000e+002  9.5376051e-001
  8.0640000e+002  9.4917685e-001
  8.0660000e+002  9.4451538e-001
  8.0680000e+002  9.3983036e-001
  8.0700000e+002  9.3501866e-001
  8.0720000e+002  9.2994700e-001
  8.0740000e+002  9.2439729e-001
  8.0760000e+002  9.1828311e-001
  8.0780000e+002  9.1157369e-001
  8.0800000e+002  9.0436562e-001
  8.0820000e+002  8.9685033e-001
  8.0840000e+002  8.8914906e-001
  8.0860000e+002  8.8134464e-001
  8.0880000e+002  8.7332166e-001
  8.0900000e+002  8.6493285e-001
  8.0920000e+002  8.5608295e-001
  8.0940000e+002  8.4678012e-001
  8.0960000e+002  8.3720806e-001
  8.0980000e+002  8.2747831e-001
  8.1000000e+002  8.1763613e-001
  8.1020000e+002  8.0754145e-001
  8.1040000e+002  7.9698569e-001
  8.1060000e+002  7.8588107e-001
  8.1080000e+002  7.7427397e-001
  8.1100000e+002  7.6243180e-001
  8.1120000e+002  7.5059304e-001
  8.1140000e+002  7.3889973e-001
  8.1160000e+002  7.2729807e-001
  8.1180000e+002  7.1556495e-001
  8.1200000e+002  7.0348319e-001
  8.1220000e+002  6.9091864e-001
  8.1240000e+002  6.7792581e-001
  8.1260000e+002  6.6470379e-001
  8.1280000e+002  6.5148268e-001
  8.1300000e+002  6.3843737e-001
  8.1320000e+002  6.2558797e-001
  8.1340000e+002  6.1285079e-001
  8.1360000e+002  6.0010253e-001
  8.1380000e+002  5.8727758e-001
  8.1400000e+002  5.7441845e-001
  8.1420000e+002  5.6162403e-001
  8.1440000e+002  5.4896491e-001
  8.1460000e+002  5.3641981e-001
  8.1480000e+002  5.2387720e-001
  8.1500000e+002  5.1123527e-001
  8.1520000e+002  4.9851122e-001
  8.1540000e+002  4.8583874e-001
  8.1560000e+002  4.7344975e-001
  8.1580000e+002  4.6147818e-001
  8.1600000e+002  4.4992130e-001
  8.1620000e+002  4.3861126e-001
  8.1640000e+002  4.2733538e-001
  8.1660000e+002  4.1598663e-001
  8.1680000e+002  4.0456302e-001
  8.1700000e+002  3.9320049e-001
  8.1720000e+002  3.8203546e-001
  8.1740000e+002  3.7115686e-001
  8.1760000e+002  3.6061920e-001
  8.1780000e+002  3.5041570e-001
  8.1800000e+002  3.4059885e-001
  8.1820000e+002  3.3118086e-001
  8.1840000e+002  3.2215858e-001
  8.1860000e+002  3.1344556e-001
  8.1880000e+002  3.0486761e-001
  8.1900000e+002  2.9629735e-001
  8.1920000e+002  2.8764723e-001
  8.1940000e+002  2.7899846e-001
  8.1960000e+002  2.7050263e-001
  8.1980000e+002  2.6229527e-001
  8.2000000e+002  2.5446052e-001
  8.2020000e+002  2.4693414e-001
  8.2040000e+002  2.3965436e-001
  8.2060000e+002  2.3254200e-001
  8.2080000e+002  2.2558960e-001
  8.2100000e+002  2.1883878e-001
  8.2120000e+002  2.1229609e-001
  8.2140000e+002  2.0599142e-001
  8.2160000e+002  1.9990077e-001
  8.2180000e+002  1.9406057e-001
  8.2200000e+002  1.8853145e-001
  8.2220000e+002  1.8335187e-001
  8.2240000e+002  1.7853767e-001
  8.2260000e+002  1.7396691e-001
  8.2280000e+002  1.6950724e-001
  8.2300000e+002  1.6500661e-001
  8.2320000e+002  1.6039083e-001
  8.2340000e+002  1.5568682e-001
  8.2360000e+002  1.5093190e-001
  8.2380000e+002  1.4620910e-001
  8.2400000e+002  1.4154694e-001
  8.2420000e+002  1.3698885e-001
  8.2440000e+002  1.3259184e-001
  8.2460000e+002  1.2841497e-001
  8.2480000e+002  1.2453854e-001
  8.2500000e+002  1.2097275e-001
  8.2520000e+002  1.1770198e-001
  8.2540000e+002  1.1464794e-001
  8.2560000e+002  1.1171427e-001
  8.2580000e+002  1.0883964e-001
  8.2600000e+002  1.0598176e-001
  8.2620000e+002  1.0317885e-001
  8.2640000e+002  1.0047526e-001
  8.2660000e+002  9.7923251e-002
  8.2680000e+002  9.5519887e-002
  8.2700000e+002  9.3178972e-002
  8.2720000e+002  9.0781035e-002
  8.2740000e+002  8.8206409e-002
  8.2760000e+002  8.5442633e-002
  8.2780000e+002  8.2588595e-002
  8.2800000e+002  7.9820757e-002
  8.2820000e+002  7.7316712e-002
  8.2840000e+002  7.5148188e-002
  8.2860000e+002  7.3282827e-002
  8.2880000e+002  7.1599593e-002
  8.2900000e+002  6.9972004e-002
  8.2920000e+002  6.8341939e-002
  8.2940000e+002  6.6708021e-002
  8.2960000e+002  6.5119803e-002
  8.2980000e+002  6.3594936e-002
  8.3000000e+002  6.2119612e-002
  8.3020000e+002  6.0638860e-002
  8.3040000e+002  5.9092271e-002
  8.3060000e+002  5.7464237e-002
  8.3080000e+002  5.5781003e-002
  8.3100000e+002  5.4122650e-002
  8.3120000e+002  5.2574933e-002
  8.3140000e+002  5.1203004e-002
  8.3160000e+002  5.0027445e-002
  8.3180000e+002  4.9015928e-002
  8.3200000e+002  4.8116612e-002
  8.3220000e+002  4.7265264e-002
  8.3240000e+002  4.6418214e-002
  8.3260000e+002  4.5553296e-002
  8.3280000e+002  4.4654435e-002
  8.3300000e+002  4.3711459e-002
  8.3320000e+002  4.2701972e-002
  8.3340000e+002  4.1619637e-002
  8.3360000e+002  4.0488422e-002
  8.3380000e+002  3.9376451e-002
  8.3400000e+002  3.8366499e-002
  8.3420000e+002  3.7508139e-002
  8.3440000e+002  3.6785750e-002
  8.3460000e+002  3.6113587e-002
  8.3480000e+002  3.5378758e-002
  8.3500000e+002  3.4508858e-002
  8.3520000e+002  3.3505701e-002
  8.3540000e+002  3.2457754e-002
  8.3560000e+002  3.1491928e-002
  8.3580000e+002  3.0723839e-002
  8.3600000e+002  3.0219086e-002
  8.3620000e+002  2.9966605e-002
  8.3640000e+002  2.9890814e-002
  8.3660000e+002  2.9862982e-002
  8.3680000e+002  2.9748058e-002
  8.3700000e+002  2.9444895e-002
  8.3720000e+002  2.8921818e-002
  8.3740000e+002  2.8224547e-002
  8.3760000e+002  2.7434054e-002
  8.3780000e+002  2.6643798e-002
  8.3800000e+002  2.5905571e-002
  8.3820000e+002  2.5236122e-002
  8.3840000e+002  2.4624132e-002
  8.3860000e+002  2.4049709e-002
  8.3880000e+002  2.3495412e-002
  8.3900000e+002  2.2941126e-002
  8.3920000e+002  2.2373487e-002
  8.3940000e+002  2.1781187e-002
  8.3960000e+002  2.1164897e-002
  8.3980000e+002  2.0531650e-002
  8.4000000e+002  1.9881655e-002
  8.4020000e+002  1.9213791e-002
  8.4040000e+002  1.8541856e-002
  8.4060000e+002  1.7914939e-002
  8.4080000e+002  1.7415396e-002
  8.4100000e+002  1.7111103e-002
  8.4120000e+002  1.7015404e-002
  8.4140000e+002  1.7039611e-002
  8.4160000e+002  1.7037799e-002
  8.4180000e+002  1.6869924e-002
  8.4200000e+002  1.6491426e-002
  8.4220000e+002  1.5978313e-002
  8.4240000e+002  1.5486010e-002
  8.4260000e+002  1.5155243e-002
  8.4280000e+002  1.5029226e-002
  8.4300000e+002  1.5039408e-002
  8.4320000e+002  1.5051620e-002
  8.4340000e+002  1.4956604e-002
  8.4360000e+002  1.4732848e-002
  8.4380000e+002  1.4460458e-002
  8.4400000e+002  1.4267693e-002
  8.4420000e+002  1.4262721e-002
  8.4440000e+002  1.4459547e-002
  8.4460000e+002  1.4778330e-002
  8.4480000e+002  1.5071083e-002
  8.4500000e+002  1.5198002e-002
  8.4520000e+002  1.5085336e-002
  8.4540000e+002  1.4746427e-002
  8.4560000e+002  1.4265207e-002
  8.4580000e+002  1.3739199e-002
  8.4600000e+002  1.3241240e-002
  8.4620000e+002  1.2794637e-002
  8.4640000e+002  1.2397132e-002
  8.4660000e+002  1.2045555e-002
  8.4680000e+002  1.1756645e-002
  8.4700000e+002  1.1555065e-002
  8.4720000e+002  1.1446688e-002
  8.4740000e+002  1.1393301e-002
  8.4760000e+002  1.1321126e-002
  8.4780000e+002  1.1151676e-002
  8.4800000e+002  1.0851227e-002
  8.4820000e+002  1.0447611e-002
  8.4840000e+002  1.0030188e-002
  8.4860000e+002  9.7050860e-003
  8.4880000e+002  9.5550890e-003
  8.4900000e+002  9.5944500e-003
  8.4920000e+002  9.7682080e-003
  8.4940000e+002  9.9693330e-003
  8.4960000e+002  1.0077473e-002
  8.4980000e+002  1.0011190e-002
  8.5000000e+002  9.7460320e-003
  8.5020000e+002  9.3263500e-003
  8.5040000e+002  8.8424260e-003
  8.5060000e+002  8.3960510e-003
  8.5080000e+002  8.0616590e-003
  8.5100000e+002  7.8673190e-003
  8.5120000e+002  7.7949260e-003
  8.5140000e+002  7.7899440e-003
  8.5160000e+002  7.7908550e-003
  8.5180000e+002  7.7492250e-003
  8.5200000e+002  7.6490000e-003
  8.5220000e+002  7.5053320e-003
  8.5240000e+002  7.3437970e-003
  8.5260000e+002  7.1797750e-003
  8.5280000e+002  7.0125830e-003
  8.5300000e+002  6.8302280e-003
  8.5320000e+002  6.6259340e-003
  8.5340000e+002  6.4069310e-003
  8.5360000e+002  6.1888400e-003
  8.5380000e+002  5.9763940e-003
  8.5400000e+002  5.7569360e-003
  8.5420000e+002  5.5116950e-003
  8.5440000e+002  5.2429220e-003
  8.5460000e+002  4.9951850e-003
  8.5480000e+002  4.8460900e-003
  8.5500000e+002  4.8612540e-003
  8.5520000e+002  5.0610220e-003
  8.5540000e+002  5.4024170e-003
  8.5560000e+002  5.7976640e-003
  8.5580000e+002  6.1496960e-003
  8.5600000e+002  6.3820410e-003
  8.5620000e+002  6.4555730e-003
  8.5640000e+002  6.3607760e-003
  8.5660000e+002  6.1234490e-003
  8.5680000e+002  5.7906510e-003
  8.5700000e+002  5.4325080e-003
  8.5720000e+002  5.1184890e-003
  8.5740000e+002  4.8890760e-003
  8.5760000e+002  4.7460920e-003
  8.5780000e+002  4.6451930e-003
  8.5800000e+002  4.5345580e-003
  8.5820000e+002  4.3836500e-003
  8.5840000e+002  4.2071880e-003
  8.5860000e+002  4.0533380e-003
  8.5880000e+002  3.9863720e-003
  8.5900000e+002  4.0436120e-003
  8.5920000e+002  4.2291270e-003
  8.5940000e+002  4.5089940e-003
  8.5960000e+002  4.8252800e-003
  8.5980000e+002  5.1119220e-003
  8.6000000e+002  5.3049050e-003
  8.6020000e+002  5.3689390e-003
  8.6040000e+002  5.3078470e-003
  8.6060000e+002  5.1748170e-003
  8.6080000e+002  5.0589820e-003
  8.6100000e+002  5.0460860e-003
  8.6120000e+002  5.1716570e-003
  8.6140000e+002  5.3935920e-003
  8.6160000e+002  5.6058100e-003
  8.6180000e+002  5.6827300e-003
  8.6200000e+002  5.5472140e-003
  8.6220000e+002  5.2035510e-003
  8.6240000e+002  4.7379500e-003
  8.6260000e+002  4.2743810e-003
  8.6280000e+002  3.9137510e-003
  8.6300000e+002  3.6940650e-003
  8.6320000e+002  3.5802700e-003
  8.6340000e+002  3.5040240e-003
  8.6360000e+002  3.4019950e-003
  8.6380000e+002  3.2581000e-003
  8.6400000e+002  3.0947520e-003
  8.6420000e+002  2.9495090e-003
  8.6440000e+002  2.8438560e-003
  8.6460000e+002  2.7753050e-003
  8.6480000e+002  2.7246230e-003
  8.6500000e+002  2.6768830e-003
  8.6520000e+002  2.6286960e-003
  8.6540000e+002  2.5741710e-003
  8.6560000e+002  2.4877520e-003
  8.6580000e+002  2.3268900e-003
  8.6600000e+002  2.0642280e-003
  8.6620000e+002  1.7354910e-003
  8.6640000e+002  1.4554060e-003
  8.6660000e+002  1.3972650e-003
  8.6680000e+002  1.7124230e-003
  8.6700000e+002  2.4520060e-003
  8.6720000e+002  3.4931680e-003
  8.6740000e+002  4.5732450e-003
  8.6760000e+002  5.3673540e-003
  8.6780000e+002  5.6519660e-003
  8.6800000e+002  5.4049030e-003
  8.6820000e+002  4.8248250e-003
  8.6840000e+002  4.2119320e-003
  8.6860000e+002  3.8060580e-003
  8.6880000e+002  3.6827540e-003
  8.6900000e+002  3.7411220e-003
  8.6920000e+002  3.8284520e-003
  8.6940000e+002  3.8578690e-003
  8.6960000e+002  3.8635240e-003
  8.6980000e+002  3.9300350e-003
  8.7000000e+002  4.0816160e-003
  8.7020000e+002  4.2282250e-003
  8.7040000e+002  4.2212130e-003
  8.7060000e+002  3.9594510e-003
  8.7080000e+002  3.4814010e-003
  8.7100000e+002  2.9409120e-003
  8.7120000e+002  2.5397820e-003
  8.7140000e+002  2.4056230e-003
  8.7160000e+002  2.5411390e-003
  8.7180000e+002  2.8386460e-003
  8.7200000e+002  3.1556160e-003
  8.7220000e+002  3.3728060e-003
  8.7240000e+002  3.4381870e-003
  8.7260000e+002  3.3626240e-003
  8.7280000e+002  3.1902330e-003
  8.7300000e+002  2.9784710e-003
  8.7320000e+002  2.7671540e-003
  8.7340000e+002  2.5757560e-003
  8.7360000e+002  2.4171620e-003
  8.7380000e+002  2.3178380e-003
  8.7400000e+002  2.3128650e-003
  8.7420000e+002  2.4268880e-003
  8.7440000e+002  2.6517740e-003
  8.7460000e+002  2.9443000e-003
  8.7480000e+002  3.2443030e-003
  8.7500000e+002  3.5037960e-003
  8.7520000e+002  3.6958780e-003
  8.7540000e+002  3.8221230e-003
  8.7560000e+002  3.8981410e-003
  8.7580000e+002  3.9438420e-003
  8.7600000e+002  3.9814000e-003
  8.7620000e+002  4.0264170e-003
  8.7640000e+002  4.0716620e-003
  8.7660000e+002  4.0734740e-003
  8.7680000e+002  3.9628390e-003
  8.7700000e+002  3.6850220e-003
  8.7720000e+002  3.2605860e-003
  8.7740000e+002  2.7972450e-003
  8.7760000e+002  2.4574340e-003
  8.7780000e+002  2.3599220e-003
  8.7800000e+002  2.5149010e-003
  8.7820000e+002  2.7958880e-003
  8.7840000e+002  3.0223580e-003
  8.7860000e+002  3.0621750e-003
  8.7880000e+002  2.8981530e-003
  8.7900000e+002  2.6264380e-003
  8.7920000e+002  2.3750770e-003
  8.7940000e+002  2.2291510e-003
  8.7960000e+002  2.1888790e-003
  8.7980000e+002  2.2006450e-003
  8.8000000e+002  2.2105990e-003
  8.8020000e+002  2.2042700e-003
  8.8040000e+002  2.1959010e-003
  8.8060000e+002  2.2033590e-003
  8.8080000e+002  2.2237230e-003
  8.8100000e+002  2.2359450e-003
  8.8120000e+002  2.2214650e-003
  8.8140000e+002  2.1639980e-003
  8.8160000e+002  2.0558490e-003
  8.8180000e+002  1.9035930e-003
  8.8200000e+002  1.7379870e-003
  8.8220000e+002  1.6149110e-003
  8.8240000e+002  1.5934180e-003
  8.8260000e+002  1.6907020e-003
  8.8280000e+002  1.8529110e-003
  8.8300000e+002  1.9669440e-003
  8.8320000e+002  1.9273450e-003
  8.8340000e+002  1.6997450e-003
  8.8360000e+002  1.3680760e-003
  8.8380000e+002  1.0861790e-003
  8.8400000e+002  9.9772000e-004
  8.8420000e+002  1.1497570e-003
  8.8440000e+002  1.4818810e-003
  8.8460000e+002  1.8563080e-003
  8.8480000e+002  2.1411480e-003
  8.8500000e+002  2.2633120e-003
  8.8520000e+002  2.2241790e-003
  8.8540000e+002  2.0755390e-003
  8.8560000e+002  1.8766720e-003
  8.8580000e+002  1.6739530e-003
  8.8600000e+002  1.4999770e-003
  8.8620000e+002  1.3888960e-003
  8.8640000e+002  1.3861820e-003
  8.8660000e+002  1.5205690e-003
  8.8680000e+002  1.7814190e-003
  8.8700000e+002  2.1006470e-003
  8.8720000e+002  2.3719170e-003
  8.8740000e+002  2.4967960e-003
  8.8760000e+002  2.4248580e-003
  8.8780000e+002  2.1771210e-003
  8.8800000e+002  1.8226030e-003
  8.8820000e+002  1.4468090e-003
  8.8840000e+002  1.1090290e-003
  8.8860000e+002  8.4025500e-004
  8.8880000e+002  6.4750000e-004
  8.8900000e+002  5.2465200e-004
  8.8920000e+002  4.6605600e-004
  8.8940000e+002  4.5836000e-004
  8.8960000e+002  4.9139200e-004
  8.8980000e+002  5.6582600e-004
  8.9000000e+002  7.0202500e-004
  8.9020000e+002  9.3301300e-004
  8.9040000e+002  1.2852730e-003
  8.9060000e+002  1.7517840e-003
  8.9080000e+002  2.2773470e-003
  8.9100000e+002  2.7691940e-003
  8.9120000e+002  3.1291410e-003
  8.9140000e+002  3.3033450e-003
  8.9160000e+002  3.2952030e-003
  8.9180000e+002  3.1630840e-003
  8.9200000e+002  2.9644360e-003
  8.9220000e+002  2.7241680e-003
  8.9240000e+002  2.4241740e-003
  8.9260000e+002  2.0336820e-003
  8.9280000e+002  1.5585730e-003
  8.9300000e+002  1.0635560e-003
  8.9320000e+002  6.4614300e-004
  8.9340000e+002  3.8868000e-004
  8.9360000e+002  3.0293500e-004
  8.9380000e+002  3.3596700e-004
  8.9400000e+002  4.0949000e-004
  8.9420000e+002  4.8030800e-004
  8.9440000e+002  5.6242900e-004
  8.9460000e+002  7.0632400e-004
  8.9480000e+002  9.4636400e-004
  8.9500000e+002  1.2714760e-003
  8.9520000e+002  1.6130990e-003
  8.9540000e+002  1.8830020e-003
  8.9560000e+002  2.0092470e-003
  8.9580000e+002  1.9578910e-003
  8.9600000e+002  1.7395710e-003
  8.9620000e+002  1.4033760e-003
  8.9640000e+002  1.0262260e-003
  8.9660000e+002  7.0428400e-004
  8.9680000e+002  5.3008000e-004
  8.9700000e+002  5.5948700e-004
  8.9720000e+002  7.7894500e-004
  8.9740000e+002  1.1085830e-003
  8.9760000e+002  1.4228290e-003
  8.9780000e+002  1.6153570e-003
  8.9800000e+002  1.6339090e-003
  8.9820000e+002  1.5065340e-003
  8.9840000e+002  1.3126500e-003
  8.9860000e+002  1.1416150e-003
  8.9880000e+002  1.0579010e-003
  8.9900000e+002  1.0886750e-003
  8.9920000e+002  1.2350460e-003
  8.9940000e+002  1.4823270e-003
  8.9960000e+002  1.8001980e-003
  8.9980000e+002  2.1363930e-003
  9.0000000e+002  2.4096940e-003
