  6.5000000e+002  9.1314000e-002
  6.5020000e+002  1.7333000e-002
  6.5040000e+002 -5.2642000e-002
  6.5060000e+002 -9.3793000e-002
  6.5080000e+002 -8.8620000e-002
  6.5100000e+002 -3.7693000e-002
  6.5120000e+002  3.9291000e-002
  6.5140000e+002  1.1270000e-001
  6.5160000e+002  1.5618800e-001
  6.5180000e+002  1.5969200e-001
  6.5200000e+002  1.2953200e-001
  6.5220000e+002  8.5473000e-002
  6.5240000e+002  4.9543000e-002
  6.5260000e+002  3.7407000e-002
  6.5280000e+002  5.2452000e-002
  6.5300000e+002  8.6545000e-002
  6.5320000e+002  1.2602800e-001
  6.5340000e+002  1.5959700e-001
  6.5360000e+002  1.8353400e-001
  6.5380000e+002  2.0141600e-001
  6.5400000e+002  2.2113300e-001
  6.5420000e+002  2.4969500e-001
  6.5440000e+002  2.8893900e-001
  6.5460000e+002  3.3195000e-001
  6.5480000e+002  3.6475600e-001
  6.5500000e+002  3.7176600e-001
  6.5520000e+002  3.4613600e-001
  6.5540000e+002  2.9392200e-001
  6.5560000e+002  2.3205200e-001
  6.5580000e+002  1.7912300e-001
  6.5600000e+002  1.4770000e-001
  6.5620000e+002  1.4283600e-001
  6.5640000e+002  1.6376900e-001
  6.5660000e+002  2.0661300e-001
  6.5680000e+002  2.6526400e-001
  6.5700000e+002  3.3140100e-001
  6.5720000e+002  3.9439200e-001
  6.5740000e+002  4.4090700e-001
  6.5760000e+002  4.5697600e-001
  6.5780000e+002  4.3280100e-001
  6.5800000e+002  3.6995400e-001
  6.5820000e+002  2.8524300e-001
  6.5840000e+002  2.0587400e-001
  6.5860000e+002  1.5902500e-001
  6.5880000e+002  1.5618800e-001
  6.5900000e+002  1.8968500e-001
  6.5920000e+002  2.3541400e-001
  6.5940000e+002  2.6800600e-001
  6.5960000e+002  2.7263100e-001
  6.5980000e+002  2.5286600e-001
  6.6000000e+002  2.2761800e-001
  6.6020000e+002  2.2151400e-001
  6.6040000e+002  2.5191300e-001
  6.6060000e+002  3.2064900e-001
  6.6080000e+002  4.1501500e-001
  6.6100000e+002  5.1341000e-001
  6.6120000e+002  5.9564100e-001
  6.6140000e+002  6.4795000e-001
  6.6160000e+002  6.6721400e-001
  6.6180000e+002  6.5920300e-001
  6.6200000e+002  6.3474100e-001
  6.6220000e+002  6.0641700e-001
  6.6240000e+002  5.8135900e-001
  6.6260000e+002  5.6033100e-001
  6.6280000e+002  5.3791900e-001
  6.6300000e+002  5.0806900e-001
  6.6320000e+002  4.7099500e-001
  6.6340000e+002  4.3752100e-001
  6.6360000e+002  4.2386000e-001
  6.6380000e+002  4.4372000e-001
  6.6400000e+002  4.9605300e-001
  6.6420000e+002  5.6464600e-001
  6.6440000e+002  6.2768400e-001
  6.6460000e+002  6.7145800e-001
  6.6480000e+002  6.9468000e-001
  6.6500000e+002  7.1310900e-001
  6.6520000e+002  7.4720300e-001
  6.6540000e+002  8.0459100e-001
  6.6560000e+002  8.7137200e-001
  6.6580000e+002  9.3398000e-001
  6.6600000e+002  9.9856800e-001
  6.6620000e+002  1.0724060e+000
  6.6640000e+002  1.1388770e+000
  6.6660000e+002  1.1714220e+000
  6.6680000e+002  1.1814110e+000
  6.6700000e+002  1.2146940e+000
  6.6720000e+002  1.2517210e+000
  6.6740000e+002  1.1690610e+000
  6.6760000e+002  8.8589100e-001
  6.6780000e+002  5.2335200e-001
  6.6800000e+002  4.1196300e-001
  6.6820000e+002  7.4925400e-001
  6.6840000e+002  1.3907900e+000
  6.6860000e+002  1.9435160e+000
  6.6880000e+002  2.1495580e+000
  6.6900000e+002  2.0720950e+000
  6.6920000e+002  1.9656180e+000
  6.6940000e+002  1.9710770e+000
  6.6960000e+002  2.0626780e+000
  6.6980000e+002  2.1552800e+000
  6.7000000e+002  2.2322890e+000
  6.7020000e+002  2.3267500e+000
  6.7040000e+002  2.4419060e+000
  6.7060000e+002  2.5513410e+000
  6.7080000e+002  2.6418440e+000
  6.7100000e+002  2.7288430e+000
  6.7120000e+002  2.8297900e+000
  6.7140000e+002  2.9427050e+000
  6.7160000e+002  3.0527830e+000
  6.7180000e+002  3.1544920e+000
  6.7200000e+002  3.2500260e+000
  6.7220000e+002  3.3467760e+000
  6.7240000e+002  3.4579270e+000
  6.7260000e+002  3.6002630e+000
  6.7280000e+002  3.7870160e+000
  6.7300000e+002  4.0160170e+000
  6.7320000e+002  4.2690270e+000
  6.7340000e+002  4.5194860e+000
  6.7360000e+002  4.7449820e+000
  6.7380000e+002  4.9460410e+000
  6.7400000e+002  5.1407570e+000
  6.7420000e+002  5.3594110e+000
  6.7440000e+002  5.6217670e+000
  6.7460000e+002  5.9224360e+000
  6.7480000e+002  6.2400340e+000
  6.7500000e+002  6.5422770e+000
  6.7520000e+002  6.8213930e+000
  6.7540000e+002  7.0935240e+000
  6.7560000e+002  7.4016800e+000
  6.7580000e+002  7.7874180e+000
  6.7600000e+002  8.2594390e+000
  6.7620000e+002  8.7932820e+000
  6.7640000e+002  9.3334670e+000
  6.7660000e+002  9.8336930e+000
  6.7680000e+002  1.0280728e+001
  6.7700000e+002  1.0703301e+001
  6.7720000e+002  1.1169099e+001
  6.7740000e+002  1.1738228e+001
  6.7760000e+002  1.2449097e+001
  6.7780000e+002  1.3286900e+001
  6.7800000e+002  1.4193081e+001
  6.7820000e+002  1.5107989e+001
  6.7840000e+002  1.5990900e+001
  6.7860000e+002  1.6867923e+001
  6.7880000e+002  1.7790007e+001
  6.7900000e+002  1.8816781e+001
  6.7920000e+002  1.9969248e+001
  6.7940000e+002  2.1213984e+001
  6.7960000e+002  2.2496080e+001
  6.7980000e+002  2.3757886e+001
  6.8000000e+002  2.4995589e+001
  6.8020000e+002  2.6261019e+001
  6.8040000e+002  2.7641677e+001
  6.8060000e+002  2.9215526e+001
  6.8080000e+002  3.0988836e+001
  6.8100000e+002  3.2896041e+001
  6.8120000e+002  3.4826683e+001
  6.8140000e+002  3.6688280e+001
  6.8160000e+002  3.8466286e+001
  6.8180000e+002  4.0215349e+001
  6.8200000e+002  4.2034268e+001
  6.8220000e+002  4.3987083e+001
  6.8240000e+002  4.6069359e+001
  6.8260000e+002  4.8199748e+001
  6.8280000e+002  5.0273251e+001
  6.8300000e+002  5.2222633e+001
  6.8320000e+002  5.4064750e+001
  6.8340000e+002  5.5885243e+001
  6.8360000e+002  5.7790899e+001
  6.8380000e+002  5.9835195e+001
  6.8400000e+002  6.1972045e+001
  6.8420000e+002  6.4081501e+001
  6.8440000e+002  6.6017913e+001
  6.8460000e+002  6.7714786e+001
  6.8480000e+002  6.9198751e+001
  6.8500000e+002  7.0580148e+001
  6.8520000e+002  7.1969819e+001
  6.8540000e+002  7.3406195e+001
  6.8560000e+002  7.4852538e+001
  6.8580000e+002  7.6216793e+001
  6.8600000e+002  7.7423596e+001
  6.8620000e+002  7.8452849e+001
  6.8640000e+002  7.9331159e+001
  6.8660000e+002  8.0117678e+001
  6.8680000e+002  8.0837273e+001
  6.8700000e+002  8.1501507e+001
  6.8720000e+002  8.2099032e+001
  6.8740000e+002  8.2623648e+001
  6.8760000e+002  8.3091020e+001
  6.8780000e+002  8.3509731e+001
  6.8800000e+002  8.3901429e+001
  6.8820000e+002  8.4258532e+001
  6.8840000e+002  8.4568119e+001
  6.8860000e+002  8.4814429e+001
  6.8880000e+002  8.4977817e+001
  6.8900000e+002  8.5074210e+001
  6.8920000e+002  8.5119700e+001
  6.8940000e+002  8.5150527e+001
  6.8960000e+002  8.5185837e+001
  6.8980000e+002  8.5216689e+001
  6.9000000e+002  8.5222554e+001
  6.9020000e+002  8.5147118e+001
  6.9040000e+002  8.4963560e+001
  6.9060000e+002  8.4657406e+001
  6.9080000e+002  8.4252905e+001
  6.9100000e+002  8.3796048e+001
  6.9120000e+002  8.3309936e+001
  6.9140000e+002  8.2799339e+001
  6.9160000e+002  8.2211232e+001
  6.9180000e+002  8.1489229e+001
  6.9200000e+002  8.0594825e+001
  6.9220000e+002  7.9534459e+001
  6.9240000e+002  7.8371143e+001
  6.9260000e+002  7.7164602e+001
  6.9280000e+002  7.5953960e+001
  6.9300000e+002  7.4714350e+001
  6.9320000e+002  7.3372054e+001
  6.9340000e+002  7.1857762e+001
  6.9360000e+002  7.0132112e+001
  6.9380000e+002  6.8241524e+001
  6.9400000e+002  6.6270256e+001
  6.9420000e+002  6.4313006e+001
  6.9440000e+002  6.2415146e+001
  6.9460000e+002  6.0549902e+001
  6.9480000e+002  5.8653211e+001
  6.9500000e+002  5.6656479e+001
  6.9520000e+002  5.4540514e+001
  6.9540000e+002  5.2338910e+001
  6.9560000e+002  5.0121688e+001
  6.9580000e+002  4.7957682e+001
  6.9600000e+002  4.5882987e+001
  6.9620000e+002  4.3889641e+001
  6.9640000e+002  4.1944122e+001
  6.9660000e+002  4.0008449e+001
  6.9680000e+002  3.8069295e+001
  6.9700000e+002  3.6143565e+001
  6.9720000e+002  3.4263682e+001
  6.9740000e+002  3.2465457e+001
  6.9760000e+002  3.0760502e+001
  6.9780000e+002  2.9141950e+001
  6.9800000e+002  2.7593088e+001
  6.9820000e+002  2.6096463e+001
  6.9840000e+002  2.4659967e+001
  6.9860000e+002  2.3292160e+001
  6.9880000e+002  2.2008180e+001
  6.9900000e+002  2.0806789e+001
  6.9920000e+002  1.9669437e+001
  6.9940000e+002  1.8579864e+001
  6.9960000e+002  1.7514944e+001
  6.9980000e+002  1.6481351e+001
  7.0000000e+002  1.5493941e+001
  7.0020000e+002  1.4579296e+001
  7.0040000e+002  1.3760900e+001
  7.0060000e+002  1.3036847e+001
  7.0080000e+002  1.2396597e+001
  7.0100000e+002  1.1806249e+001
  7.0120000e+002  1.1238121e+001
  7.0140000e+002  1.0674142e+001
  7.0160000e+002  1.0108351e+001
  7.0180000e+002  9.5568410e+000
  7.0200000e+002  9.0313670e+000
  7.0220000e+002  8.5486650e+000
  7.0240000e+002  8.1111660e+000
  7.0260000e+002  7.7092170e+000
  7.0280000e+002  7.3299400e+000
  7.0300000e+002  6.9514030e+000
  7.0320000e+002  6.5658090e+000
  7.0340000e+002  6.1718700e+000
  7.0360000e+002  5.7842010e+000
  7.0380000e+002  5.4248570e+000
  7.0400000e+002  5.1092620e+000
  7.0420000e+002  4.8490040e+000
  7.0440000e+002  4.6380280e+000
  7.0460000e+002  4.4666760e+000
  7.0480000e+002  4.3223140e+000
  7.0500000e+002  4.1947360e+000
  7.0520000e+002  4.0791510e+000
  7.0540000e+002  3.9681190e+000
  7.0560000e+002  3.8568010e+000
  7.0580000e+002  3.7377350e+000
  7.0600000e+002  3.6057710e+000
  7.0620000e+002  3.4599300e+000
  7.0640000e+002  3.3008570e+000
  7.0660000e+002  3.1360860e+000
  7.0680000e+002  2.9759640e+000
  7.0700000e+002  2.8360600e+000
  7.0720000e+002  2.7304880e+000
  7.0740000e+002  2.6629920e+000
  7.0760000e+002  2.6256320e+000
  7.0780000e+002  2.5947330e+000
  7.0800000e+002  2.5471210e+000
  7.0820000e+002  2.4687050e+000
  7.0840000e+002  2.3640390e+000
  7.0860000e+002  2.2517200e+000
  7.0880000e+002  2.1504160e+000
  7.0900000e+002  2.0675890e+000
  7.0920000e+002  1.9935360e+000
  7.0940000e+002  1.9107810e+000
  7.0960000e+002  1.8060440e+000
  7.0980000e+002  1.6803260e+000
  7.1000000e+002  1.5495300e+000
  7.1020000e+002  1.4364480e+000
  7.1040000e+002  1.3596530e+000
  7.1060000e+002  1.3269180e+000
  7.1080000e+002  1.3324730e+000
  7.1100000e+002  1.3615130e+000
  7.1120000e+002  1.3935080e+000
  7.1140000e+002  1.4083860e+000
  7.1160000e+002  1.3924120e+000
  7.1180000e+002  1.3415330e+000
  7.1200000e+002  1.2637130e+000
  7.1220000e+002  1.1749260e+000
  7.1240000e+002  1.0943170e+000
  7.1260000e+002  1.0343070e+000
  7.1280000e+002  9.9771000e-001
  7.1300000e+002  9.7725300e-001
  7.1320000e+002  9.6096900e-001
  7.1340000e+002  9.4048900e-001
  7.1360000e+002  9.1454900e-001
  7.1380000e+002  8.8918200e-001
  7.1400000e+002  8.7058500e-001
  7.1420000e+002  8.6002300e-001
  7.1440000e+002  8.5051000e-001
  7.1460000e+002  8.2969600e-001
  7.1480000e+002  7.8606600e-001
  7.1500000e+002  7.1601800e-001
  7.1520000e+002  6.2618200e-001
  7.1540000e+002  5.3303200e-001
  7.1560000e+002  4.5619000e-001
  7.1580000e+002  4.1182000e-001
  7.1600000e+002  4.0564500e-001
  7.1620000e+002  4.3094100e-001
  7.1640000e+002  4.7082900e-001
  7.1660000e+002  5.0444600e-001
  7.1680000e+002  5.1865500e-001
  7.1700000e+002  5.1207500e-001
  7.1720000e+002  4.9500400e-001
  7.1740000e+002  4.7988800e-001
  7.1760000e+002  4.7359400e-001
  7.1780000e+002  4.7280700e-001
  7.1800000e+002  4.6942200e-001
  7.1820000e+002  4.5804900e-001
  7.1840000e+002  4.4069200e-001
  7.1860000e+002  4.2545700e-001
  7.1880000e+002  4.2092800e-001
  7.1900000e+002  4.3034500e-001
  7.1920000e+002  4.5053900e-001
  7.1940000e+002  4.7419000e-001
  7.1960000e+002  4.9421700e-001
  7.1980000e+002  5.0315800e-001
  7.2000000e+002  4.9281100e-001
  7.2020000e+002  4.5661900e-001
  7.2040000e+002  3.9379500e-001
  7.2060000e+002  3.1270900e-001
  7.2080000e+002  2.3055000e-001
  7.2100000e+002  1.6694000e-001
  7.2120000e+002  1.3773400e-001
  7.2140000e+002  1.4798600e-001
  7.2160000e+002  1.9137800e-001
  7.2180000e+002  2.5184100e-001
  7.2200000e+002  3.1011100e-001
  7.2220000e+002  3.5085600e-001
  7.2240000e+002  3.6683000e-001
  7.2260000e+002  3.6208600e-001
  7.2280000e+002  3.4861500e-001
  7.2300000e+002  3.4067600e-001
  7.2320000e+002  3.4568300e-001
  7.2340000e+002  3.6170400e-001
  7.2360000e+002  3.8037300e-001
  7.2380000e+002  3.9496400e-001
  7.2400000e+002  4.0435700e-001
  7.2420000e+002  4.1303600e-001
  7.2440000e+002  4.2548100e-001
  7.2460000e+002  4.4240900e-001
  7.2480000e+002  4.6033800e-001
  7.2500000e+002  4.7450000e-001
  7.2520000e+002  4.8093700e-001
  7.2540000e+002  4.7750400e-001
  7.2560000e+002  4.6267500e-001
  7.2580000e+002  4.3506600e-001
  7.2600000e+002  3.9682300e-001
  7.2620000e+002  3.5622100e-001
  7.2640000e+002  3.2632300e-001
  7.2660000e+002  3.1907500e-001
  7.2680000e+002  3.3688500e-001
  7.2700000e+002  3.7002500e-001
  7.2720000e+002  4.0028000e-001
  7.2740000e+002  4.1158100e-001
  7.2760000e+002  3.9699000e-001
  7.2780000e+002  3.6194300e-001
  7.2800000e+002  3.1909900e-001
  7.2820000e+002  2.8097600e-001
  7.2840000e+002  2.5386800e-001
  7.2860000e+002  2.3777400e-001
  7.2880000e+002  2.2900100e-001
  7.2900000e+002  2.2335000e-001
  7.2920000e+002  2.1767600e-001
  7.2940000e+002  2.0980800e-001
  7.2960000e+002  1.9867400e-001
  7.2980000e+002  1.8494100e-001
  7.3000000e+002  1.7104100e-001
  7.3020000e+002  1.6195700e-001
  7.3040000e+002  1.6298200e-001
  7.3060000e+002  1.7700100e-001
  7.3080000e+002  2.0079600e-001
  7.3100000e+002  2.2435100e-001
  7.3120000e+002  2.3345900e-001
  7.3140000e+002  2.1760400e-001
  7.3160000e+002  1.7514200e-001
  7.3180000e+002  1.1625200e-001
  7.3200000e+002  5.8269000e-002
  7.3220000e+002  1.7499000e-002
  7.3240000e+002  1.0960000e-003
  7.3260000e+002  4.1000000e-003
  7.3280000e+002  1.5521000e-002
  7.3300000e+002  2.5939000e-002
  7.3320000e+002  3.4356000e-002
  7.3340000e+002  4.7254000e-002
  7.3360000e+002  7.3742000e-002
  7.3380000e+002  1.1823100e-001
  7.3400000e+002  1.7735900e-001
  7.3420000e+002  2.3918100e-001
  7.3440000e+002  2.8834300e-001
  7.3460000e+002  3.1192300e-001
  7.3480000e+002  3.0522300e-001
  7.3500000e+002  2.7334600e-001
  7.3520000e+002  2.2866700e-001
  7.3540000e+002  1.8460700e-001
  7.3560000e+002  1.4905900e-001
  7.3580000e+002  1.2207000e-001
  7.3600000e+002  9.8514000e-002
  7.3620000e+002  7.4720000e-002
  7.3640000e+002  5.3310000e-002
  7.3660000e+002  4.3368000e-002
  7.3680000e+002  5.3119000e-002
  7.3700000e+002  8.3470000e-002
  7.3720000e+002  1.2495500e-001
  7.3740000e+002  1.6272000e-001
  7.3760000e+002  1.8296200e-001
  7.3780000e+002  1.8119800e-001
  7.3800000e+002  1.6252900e-001
  7.3820000e+002  1.3811500e-001
  7.3840000e+002  1.1725400e-001
  7.3860000e+002  1.0337800e-001
  7.3880000e+002  9.3650000e-002
  7.3900000e+002  8.3279000e-002
  7.3920000e+002  7.0023000e-002
  7.3940000e+002  5.6552000e-002
  7.3960000e+002  4.6920000e-002
  7.3980000e+002  4.3702000e-002
  7.4000000e+002  4.5871000e-002
