  2.1000000e+003 -8.9645000e-002
  2.1002000e+003 -9.6631000e-002
  2.1004000e+003 -8.4996000e-002
  2.1006000e+003 -7.1787000e-002
  2.1008000e+003 -7.2264000e-002
  2.1010000e+003 -9.0599000e-002
  2.1012000e+003 -1.1460700e-001
  2.1014000e+003 -1.2440600e-001
  2.1016000e+003 -1.0387800e-001
  2.1018000e+003 -5.2237000e-002
  2.1020000e+003  1.5640000e-002
  2.1022000e+003  7.5149000e-002
  2.1024000e+003  1.0592900e-001
  2.1026000e+003  1.0159000e-001
  2.1028000e+003  7.2622000e-002
  2.1030000e+003  3.9410000e-002
  2.1032000e+003  2.0718000e-002
  2.1034000e+003  2.5296000e-002
  2.1036000e+003  4.8375000e-002
  2.1038000e+003  7.8177000e-002
  2.1040000e+003  1.0356900e-001
  2.1042000e+003  1.2013900e-001
  2.1044000e+003  1.2953200e-001
  2.1046000e+003  1.3549300e-001
  2.1048000e+003  1.3883100e-001
  2.1050000e+003  1.3751900e-001
  2.1052000e+003  1.3010500e-001
  2.1054000e+003  1.1889900e-001
  2.1056000e+003  1.0869500e-001
  2.1058000e+003  1.0247200e-001
  2.1060000e+003  9.7346000e-002
  2.1062000e+003  8.6569000e-002
  2.1064000e+003  6.3776000e-002
  2.1066000e+003  2.9420000e-002
  2.1068000e+003 -8.0580000e-003
  2.1070000e+003 -3.6406000e-002
  2.1072000e+003 -4.7755000e-002
  2.1074000e+003 -4.2009000e-002
  2.1076000e+003 -2.6583000e-002
  2.1078000e+003 -1.0681000e-002
  2.1080000e+003  1.6600000e-004
  2.1082000e+003  5.8410000e-003
  2.1084000e+003  9.3460000e-003
  2.1086000e+003  1.3852000e-002
  2.1088000e+003  1.9884000e-002
  2.1090000e+003  2.5963000e-002
  2.1092000e+003  3.0636000e-002
  2.1094000e+003  3.5262000e-002
  2.1096000e+003  4.4226000e-002
  2.1098000e+003  6.3920000e-002
  2.1100000e+003  9.9015000e-002
  2.1102000e+003  1.5003600e-001
  2.1104000e+003  2.1018900e-001
  2.1106000e+003  2.6659900e-001
  2.1108000e+003  3.0496100e-001
  2.1110000e+003  3.1416400e-001
  2.1112000e+003  2.9244400e-001
  2.1114000e+003  2.4602400e-001
  2.1116000e+003  1.8682400e-001
  2.1118000e+003  1.2619400e-001
  2.1120000e+003  7.1501000e-002
  2.1122000e+003  2.5105000e-002
  2.1124000e+003 -1.3899000e-002
  2.1126000e+003 -4.7135000e-002
  2.1128000e+003 -7.4291000e-002
  2.1130000e+003 -9.2744000e-002
  2.1132000e+003 -9.8180000e-002
  2.1134000e+003 -8.5186000e-002
  2.1136000e+003 -5.0997000e-002
  2.1138000e+003  2.2640000e-003
  2.1140000e+003  6.5112000e-002
  2.1142000e+003  1.2381000e-001
  2.1144000e+003  1.6481800e-001
  2.1146000e+003  1.7974300e-001
  2.1148000e+003  1.6860900e-001
  2.1150000e+003  1.3854500e-001
  2.1152000e+003  1.0054100e-001
  2.1154000e+003  6.4849000e-002
  2.1156000e+003  3.9505000e-002
  2.1158000e+003  2.8276000e-002
  2.1160000e+003  3.1208000e-002
  2.1162000e+003  4.4584000e-002
  2.1164000e+003  6.1702000e-002
  2.1166000e+003  7.6007000e-002
  2.1168000e+003  8.3518000e-002
  2.1170000e+003  8.3422000e-002
  2.1172000e+003  7.5817000e-002
  2.1174000e+003  5.8603000e-002
  2.1176000e+003  2.8586000e-002
  2.1178000e+003 -1.4424000e-002
  2.1180000e+003 -6.3443000e-002
  2.1182000e+003 -1.0311600e-001
  2.1184000e+003 -1.1701500e-001
  2.1186000e+003 -9.5891000e-002
  2.1188000e+003 -4.5347000e-002
  2.1190000e+003  1.7356000e-002
  2.1192000e+003  7.0858000e-002
  2.1194000e+003  1.0211400e-001
  2.1196000e+003  1.0881400e-001
  2.1198000e+003  9.7346000e-002
  2.1200000e+003  7.5578000e-002
  2.1202000e+003  4.7874000e-002
  2.1204000e+003  1.5211000e-002
  2.1206000e+003 -2.2530000e-002
  2.1208000e+003 -6.2894000e-002
  2.1210000e+003 -9.9253000e-002
  2.1212000e+003 -1.2340500e-001
  2.1214000e+003 -1.2888900e-001
  2.1216000e+003 -1.1363000e-001
  2.1218000e+003 -8.1372000e-002
  2.1220000e+003 -3.9863000e-002
  2.1222000e+003  1.0720000e-003
  2.1224000e+003  3.3903000e-002
  2.1226000e+003  5.5217000e-002
  2.1228000e+003  6.5803000e-002
  2.1230000e+003  6.8426000e-002
  2.1232000e+003  6.5398000e-002
  2.1234000e+003  5.8722000e-002
  2.1236000e+003  5.1808000e-002
  2.1238000e+003  4.9924000e-002
  2.1240000e+003  5.8388000e-002
  2.1242000e+003  7.9035000e-002
  2.1244000e+003  1.0783600e-001
  2.1246000e+003  1.3446800e-001
  2.1248000e+003  1.4765200e-001
  2.1250000e+003  1.3892600e-001
  2.1252000e+003  1.0766900e-001
  2.1254000e+003  6.0653000e-002
  2.1256000e+003  9.5120000e-003
  2.1258000e+003 -3.3354000e-002
  2.1260000e+003 -5.9080000e-002
  2.1262000e+003 -6.4182000e-002
  2.1264000e+003 -5.1975000e-002
  2.1266000e+003 -3.1018000e-002
  2.1268000e+003 -1.1920000e-002
  2.1270000e+003 -2.4080000e-003
  2.1272000e+003 -3.8140000e-003
  2.1274000e+003 -1.0132000e-002
  2.1276000e+003 -1.1777000e-002
  2.1278000e+003 -4.5200000e-004
  2.1280000e+003  2.5558000e-002
  2.1282000e+003  5.8817000e-002
  2.1284000e+003  8.5997000e-002
  2.1286000e+003  9.4199000e-002
  2.1288000e+003  7.9607000e-002
  2.1290000e+003  4.9185000e-002
  2.1292000e+003  1.8000000e-002
  2.1294000e+003 -2.1400000e-004
  2.1296000e+003  1.0250000e-003
  2.1298000e+003  1.7976000e-002
  2.1300000e+003  4.0817000e-002
  2.1302000e+003  5.9127000e-002
  2.1304000e+003  6.5732000e-002
  2.1306000e+003  5.8460000e-002
  2.1308000e+003  3.8242000e-002
  2.1310000e+003  8.5350000e-003
  2.1312000e+003 -2.4247000e-002
  2.1314000e+003 -5.1498000e-002
  2.1316000e+003 -6.4921000e-002
  2.1318000e+003 -6.1058000e-002
  2.1320000e+003 -4.1937000e-002
  2.1322000e+003 -1.3327000e-002
  2.1324000e+003  1.9574000e-002
  2.1326000e+003  5.3143000e-002
  2.1328000e+003  8.4543000e-002
  2.1330000e+003  1.0952900e-001
  2.1332000e+003  1.2230800e-001
  2.1334000e+003  1.1975700e-001
  2.1336000e+003  1.0480800e-001
  2.1338000e+003  8.6617000e-002
  2.1340000e+003  7.6246000e-002
  2.1342000e+003  7.9560000e-002
  2.1344000e+003  9.4246000e-002
  2.1346000e+003  1.1336800e-001
  2.1348000e+003  1.3132000e-001
  2.1350000e+003  1.4638900e-001
  2.1352000e+003  1.5964500e-001
  2.1354000e+003  1.7139900e-001
  2.1356000e+003  1.8002900e-001
  2.1358000e+003  1.8405900e-001
  2.1360000e+003  1.8610900e-001
  2.1362000e+003  1.9340500e-001
  2.1364000e+003  2.1388500e-001
  2.1366000e+003  2.5093500e-001
  2.1368000e+003  2.9883300e-001
  2.1370000e+003  3.4546800e-001
  2.1372000e+003  3.7794100e-001
  2.1374000e+003  3.8723900e-001
  2.1376000e+003  3.7147900e-001
  2.1378000e+003  3.3509700e-001
  2.1380000e+003  2.8731800e-001
  2.1382000e+003  2.3975300e-001
  2.1384000e+003  2.0313200e-001
  2.1386000e+003  1.8427300e-001
  2.1388000e+003  1.8346300e-001
  2.1390000e+003  1.9462100e-001
  2.1392000e+003  2.0656500e-001
  2.1394000e+003  2.0799600e-001
  2.1396000e+003  1.9097300e-001
  2.1398000e+003  1.5444700e-001
  2.1400000e+003  1.0452200e-001
  2.1402000e+003  5.1736000e-002
  2.1404000e+003  8.2010000e-003
  2.1406000e+003 -1.7333000e-002
  2.1408000e+003 -2.2006000e-002
  2.1410000e+003 -9.7990000e-003
  2.1412000e+003  1.2183000e-002
  2.1414000e+003  3.7717000e-002
  2.1416000e+003  6.4325000e-002
  2.1418000e+003  9.2220000e-002
  2.1420000e+003  1.2164100e-001
  2.1422000e+003  1.5003600e-001
  2.1424000e+003  1.7244800e-001
  2.1426000e+003  1.8398700e-001
  2.1428000e+003  1.8217500e-001
  2.1430000e+003  1.6851400e-001
  2.1432000e+003  1.4712800e-001
  2.1434000e+003  1.2364300e-001
  2.1436000e+003  1.0461800e-001
  2.1438000e+003  9.8156000e-002
  2.1440000e+003  1.1188900e-001
  2.1442000e+003  1.4913000e-001
  2.1444000e+003  2.0482500e-001
  2.1446000e+003  2.6547900e-001
  2.1448000e+003  3.1433100e-001
  2.1450000e+003  3.3800600e-001
  2.1452000e+003  3.3268900e-001
  2.1454000e+003  3.0403100e-001
  2.1456000e+003  2.6485900e-001
  2.1458000e+003  2.2859500e-001
  2.1460000e+003  2.0601700e-001
  2.1462000e+003  2.0339400e-001
  2.1464000e+003  2.2146700e-001
  2.1466000e+003  2.5553700e-001
  2.1468000e+003  2.9520900e-001
  2.1470000e+003  3.2823000e-001
  2.1472000e+003  3.4506300e-001
  2.1474000e+003  3.4356100e-001
  2.1476000e+003  3.3020900e-001
  2.1478000e+003  3.1731100e-001
  2.1480000e+003  3.1807400e-001
  2.1482000e+003  3.4019900e-001
  2.1484000e+003  3.8342400e-001
  2.1486000e+003  4.3795100e-001
  2.1488000e+003  4.8887700e-001
  2.1490000e+003  5.2139700e-001
  2.1492000e+003  5.2707100e-001
  2.1494000e+003  5.0718700e-001
  2.1496000e+003  4.7132900e-001
  2.1498000e+003  4.3358800e-001
  2.1500000e+003  4.0385700e-001
  2.1502000e+003  3.8533200e-001
  2.1504000e+003  3.7436400e-001
  2.1506000e+003  3.6537600e-001
  2.1508000e+003  3.5512400e-001
  2.1510000e+003  3.4499100e-001
  2.1512000e+003  3.3950800e-001
  2.1514000e+003  3.4501500e-001
  2.1516000e+003  3.6711600e-001
  2.1518000e+003  4.0698000e-001
  2.1520000e+003  4.5886000e-001
  2.1522000e+003  5.1007200e-001
  2.1524000e+003  5.4538200e-001
  2.1526000e+003  5.5372700e-001
  2.1528000e+003  5.3663200e-001
  2.1530000e+003  5.0859400e-001
  2.1532000e+003  4.9219100e-001
  2.1534000e+003  5.0394500e-001
  2.1536000e+003  5.4719400e-001
  2.1538000e+003  6.1042300e-001
  2.1540000e+003  6.7608300e-001
  2.1542000e+003  7.3027600e-001
  2.1544000e+003  7.6756400e-001
  2.1546000e+003  7.8978500e-001
  2.1548000e+003  8.0149100e-001
  2.1550000e+003  8.0645000e-001
  2.1552000e+003  8.0657000e-001
  2.1554000e+003  8.0351800e-001
  2.1556000e+003  8.0072800e-001
  2.1558000e+003  8.0208700e-001
  2.1560000e+003  8.1081300e-001
  2.1562000e+003  8.2826600e-001
  2.1564000e+003  8.5411000e-001
  2.1566000e+003  8.8708400e-001
  2.1568000e+003  9.2532600e-001
  2.1570000e+003  9.6564200e-001
  2.1572000e+003  1.0038370e+000
  2.1574000e+003  1.0345450e+000
  2.1576000e+003  1.0521650e+000
  2.1578000e+003  1.0513540e+000
  2.1580000e+003  1.0300870e+000
  2.1582000e+003  9.9246500e-001
  2.1584000e+003  9.5028800e-001
  2.1586000e+003  9.1984200e-001
  2.1588000e+003  9.1493100e-001
  2.1590000e+003  9.4211100e-001
  2.1592000e+003  9.9682800e-001
  2.1594000e+003  1.0674950e+000
  2.1596000e+003  1.1407610e+000
  2.1598000e+003  1.2070890e+000
  2.1600000e+003  1.2616390e+000
  2.1602000e+003  1.3016220e+000
  2.1604000e+003  1.3250350e+000
  2.1606000e+003  1.3313530e+000
  2.1608000e+003  1.3247960e+000
  2.1610000e+003  1.3148780e+000
  2.1612000e+003  1.3132810e+000
  2.1614000e+003  1.3303270e+000
  2.1616000e+003  1.3700720e+000
  2.1618000e+003  1.4315360e+000
  2.1620000e+003  1.5093800e+000
  2.1622000e+003  1.5965460e+000
  2.1624000e+003  1.6855470e+000
  2.1626000e+003  1.7677060e+000
  2.1628000e+003  1.8361330e+000
  2.1630000e+003  1.8869160e+000
  2.1632000e+003  1.9227500e+000
  2.1634000e+003  1.9523850e+000
  2.1636000e+003  1.9862410e+000
  2.1638000e+003  2.0317790e+000
  2.1640000e+003  2.0895000e+000
  2.1642000e+003  2.1548270e+000
  2.1644000e+003  2.2209640e+000
  2.1646000e+003  2.2839540e+000
  2.1648000e+003  2.3449420e+000
  2.1650000e+003  2.4068830e+000
  2.1652000e+003  2.4727580e+000
  2.1654000e+003  2.5418040e+000
  2.1656000e+003  2.6102060e+000
  2.1658000e+003  2.6755570e+000
  2.1660000e+003  2.7387850e+000
  2.1662000e+003  2.8066390e+000
  2.1664000e+003  2.8863660e+000
  2.1666000e+003  2.9815670e+000
  2.1668000e+003  3.0871860e+000
  2.1670000e+003  3.1920900e+000
  2.1672000e+003  3.2864570e+000
  2.1674000e+003  3.3690920e+000
  2.1676000e+003  3.4520140e+000
  2.1678000e+003  3.5546540e+000
  2.1680000e+003  3.6930560e+000
  2.1682000e+003  3.8713450e+000
  2.1684000e+003  4.0770050e+000
  2.1686000e+003  4.2905560e+000
  2.1688000e+003  4.4936180e+000
  2.1690000e+003  4.6775100e+000
  2.1692000e+003  4.8435440e+000
  2.1694000e+003  4.9955840e+000
  2.1696000e+003  5.1379910e+000
  2.1698000e+003  5.2712200e+000
  2.1700000e+003  5.3990360e+000
  2.1702000e+003  5.5298560e+000
  2.1704000e+003  5.6748390e+000
  2.1706000e+003  5.8451890e+000
  2.1708000e+003  6.0436010e+000
  2.1710000e+003  6.2678810e+000
  2.1712000e+003  6.5108770e+000
  2.1714000e+003  6.7681550e+000
  2.1716000e+003  7.0397850e+000
  2.1718000e+003  7.3246000e+000
  2.1720000e+003  7.6217410e+000
  2.1722000e+003  7.9234600e+000
  2.1724000e+003  8.2234620e+000
  2.1726000e+003  8.5203640e+000
  2.1728000e+003  8.8198420e+000
  2.1730000e+003  9.1356750e+000
  2.1732000e+003  9.4760650e+000
  2.1734000e+003  9.8444930e+000
  2.1736000e+003  1.0232853e+001
  2.1738000e+003  1.0629129e+001
  2.1740000e+003  1.1028027e+001
  2.1742000e+003  1.1429905e+001
  2.1744000e+003  1.1850333e+001
  2.1746000e+003  1.2303042e+001
  2.1748000e+003  1.2800908e+001
  2.1750000e+003  1.3346290e+001
  2.1752000e+003  1.3928484e+001
  2.1754000e+003  1.4535021e+001
  2.1756000e+003  1.5147638e+001
  2.1758000e+003  1.5759634e+001
  2.1760000e+003  1.6370844e+001
  2.1762000e+003  1.6989684e+001
  2.1764000e+003  1.7630958e+001
  2.1766000e+003  1.8301725e+001
  2.1768000e+003  1.9009613e+001
  2.1770000e+003  1.9751405e+001
  2.1772000e+003  2.0525383e+001
  2.1774000e+003  2.1333932e+001
  2.1776000e+003  2.2179222e+001
  2.1778000e+003  2.3071169e+001
  2.1780000e+003  2.4009370e+001
  2.1782000e+003  2.4991273e+001
  2.1784000e+003  2.6005411e+001
  2.1786000e+003  2.7036571e+001
  2.1788000e+003  2.8077101e+001
  2.1790000e+003  2.9121136e+001
  2.1792000e+003  3.0176520e+001
  2.1794000e+003  3.1252980e+001
  2.1796000e+003  3.2362818e+001
  2.1798000e+003  3.3516931e+001
  2.1800000e+003  3.4719061e+001
  2.1802000e+003  3.5970568e+001
  2.1804000e+003  3.7262988e+001
  2.1806000e+003  3.8584041e+001
  2.1808000e+003  3.9918851e+001
  2.1810000e+003  4.1254615e+001
  2.1812000e+003  4.2584872e+001
  2.1814000e+003  4.3908047e+001
  2.1816000e+003  4.5225644e+001
  2.1818000e+003  4.6539473e+001
  2.1820000e+003  4.7849845e+001
  2.1822000e+003  4.9156880e+001
  2.1824000e+003  5.0462412e+001
  2.1826000e+003  5.1764440e+001
  2.1828000e+003  5.3059315e+001
  2.1830000e+003  5.4334330e+001
  2.1832000e+003  5.5572891e+001
  2.1834000e+003  5.6763768e+001
  2.1836000e+003  5.7900643e+001
  2.1838000e+003  5.8994531e+001
  2.1840000e+003  6.0056066e+001
  2.1842000e+003  6.1096620e+001
  2.1844000e+003  6.2117958e+001
  2.1846000e+003  6.3109993e+001
  2.1848000e+003  6.4068269e+001
  2.1850000e+003  6.4984703e+001
  2.1852000e+003  6.5864515e+001
  2.1854000e+003  6.6710543e+001
  2.1856000e+003  6.7518353e+001
  2.1858000e+003  6.8281531e+001
  2.1860000e+003  6.8978738e+001
  2.1862000e+003  6.9601821e+001
  2.1864000e+003  7.0144295e+001
  2.1866000e+003  7.0615315e+001
  2.1868000e+003  7.1033692e+001
  2.1870000e+003  7.1410369e+001
  2.1872000e+003  7.1758222e+001
  2.1874000e+003  7.2069787e+001
  2.1876000e+003  7.2340369e+001
  2.1878000e+003  7.2565889e+001
  2.1880000e+003  7.2745418e+001
  2.1882000e+003  7.2888398e+001
  2.1884000e+003  7.2992753e+001
  2.1886000e+003  7.3061418e+001
  2.1888000e+003  7.3090553e+001
  2.1890000e+003  7.3082113e+001
  2.1892000e+003  7.3048138e+001
  2.1894000e+003  7.2997474e+001
  2.1896000e+003  7.2941899e+001
  2.1898000e+003  7.2874212e+001
  2.1900000e+003  7.2780036e+001
  2.1902000e+003  7.2641539e+001
  2.1904000e+003  7.2446489e+001
  2.1906000e+003  7.2201967e+001
  2.1908000e+003  7.1923112e+001
  2.1910000e+003  7.1632051e+001
  2.1912000e+003  7.1342921e+001
  2.1914000e+003  7.1057891e+001
  2.1916000e+003  7.0772695e+001
  2.1918000e+003  7.0477414e+001
  2.1920000e+003  7.0171308e+001
  2.1922000e+003  6.9857192e+001
  2.1924000e+003  6.9544553e+001
  2.1926000e+003  6.9241881e+001
  2.1928000e+003  6.8948531e+001
  2.1930000e+003  6.8657326e+001
  2.1932000e+003  6.8353509e+001
  2.1934000e+003  6.8029212e+001
  2.1936000e+003  6.7687630e+001
  2.1938000e+003  6.7343974e+001
  2.1940000e+003  6.7018771e+001
  2.1942000e+003  6.6722702e+001
  2.1944000e+003  6.6453266e+001
  2.1946000e+003  6.6193580e+001
  2.1948000e+003  6.5921545e+001
  2.1950000e+003  6.5621352e+001
  2.1952000e+003  6.5284538e+001
  2.1954000e+003  6.4912438e+001
  2.1956000e+003  6.4506626e+001
  2.1958000e+003  6.4072370e+001
  2.1960000e+003  6.3618040e+001
  2.1962000e+003  6.3154339e+001
  2.1964000e+003  6.2694072e+001
  2.1966000e+003  6.2241029e+001
  2.1968000e+003  6.1793112e+001
  2.1970000e+003  6.1338663e+001
  2.1972000e+003  6.0865163e+001
  2.1974000e+003  6.0367655e+001
  2.1976000e+003  5.9845972e+001
  2.1978000e+003  5.9309792e+001
  2.1980000e+003  5.8764076e+001
  2.1982000e+003  5.8209514e+001
  2.1984000e+003  5.7638549e+001
  2.1986000e+003  5.7039928e+001
  2.1988000e+003  5.6410050e+001
  2.1990000e+003  5.5749130e+001
  2.1992000e+003  5.5066466e+001
  2.1994000e+003  5.4369211e+001
  2.1996000e+003  5.3658437e+001
  2.1998000e+003  5.2930521e+001
  2.2000000e+003  5.2174711e+001
  2.2002000e+003  5.1385092e+001
  2.2004000e+003  5.0558567e+001
  2.2006000e+003  4.9701023e+001
  2.2008000e+003  4.8825025e+001
  2.2010000e+003  4.7943282e+001
  2.2012000e+003  4.7069954e+001
  2.2014000e+003  4.6209645e+001
  2.2016000e+003  4.5361471e+001
  2.2018000e+003  4.4517350e+001
  2.2020000e+003  4.3666934e+001
  2.2022000e+003  4.2803096e+001
  2.2024000e+003  4.1920566e+001
  2.2026000e+003  4.1018700e+001
  2.2028000e+003  4.0097904e+001
  2.2030000e+003  3.9160752e+001
  2.2032000e+003  3.8213849e+001
  2.2034000e+003  3.7266921e+001
  2.2036000e+003  3.6330890e+001
  2.2038000e+003  3.5412096e+001
  2.2040000e+003  3.4508752e+001
  2.2042000e+003  3.3612561e+001
  2.2044000e+003  3.2715868e+001
  2.2046000e+003  3.1817317e+001
  2.2048000e+003  3.0927014e+001
  2.2050000e+003  3.0056333e+001
  2.2052000e+003  2.9213261e+001
  2.2054000e+003  2.8395462e+001
  2.2056000e+003  2.7592802e+001
  2.2058000e+003  2.6797175e+001
  2.2060000e+003  2.6004052e+001
  2.2062000e+003  2.5218796e+001
  2.2064000e+003  2.4448251e+001
  2.2066000e+003  2.3696804e+001
  2.2068000e+003  2.2964048e+001
  2.2070000e+003  2.2242593e+001
  2.2072000e+003  2.1529722e+001
  2.2074000e+003  2.0825409e+001
  2.2076000e+003  2.0137763e+001
  2.2078000e+003  1.9476747e+001
  2.2080000e+003  1.8845653e+001
  2.2082000e+003  1.8244433e+001
  2.2084000e+003  1.7663431e+001
  2.2086000e+003  1.7097282e+001
  2.2088000e+003  1.6545414e+001
  2.2090000e+003  1.6013741e+001
  2.2092000e+003  1.5511369e+001
  2.2094000e+003  1.5037655e+001
  2.2096000e+003  1.4585375e+001
  2.2098000e+003  1.4137935e+001
  2.2100000e+003  1.3681221e+001
  2.2102000e+003  1.3211750e+001
  2.2104000e+003  1.2735223e+001
  2.2106000e+003  1.2269330e+001
  2.2108000e+003  1.1827898e+001
  2.2110000e+003  1.1422014e+001
  2.2112000e+003  1.1054039e+001
  2.2114000e+003  1.0719251e+001
  2.2116000e+003  1.0411262e+001
  2.2118000e+003  1.0118103e+001
  2.2120000e+003  9.8302840e+000
  2.2122000e+003  9.5376490e+000
  2.2124000e+003  9.2352860e+000
  2.2126000e+003  8.9268440e+000
  2.2128000e+003  8.6201660e+000
  2.2130000e+003  8.3284610e+000
  2.2132000e+003  8.0571170e+000
  2.2134000e+003  7.8054900e+000
  2.2136000e+003  7.5656650e+000
  2.2138000e+003  7.3283430e+000
  2.2140000e+003  7.0902340e+000
  2.2142000e+003  6.8516490e+000
  2.2144000e+003  6.6180460e+000
  2.2146000e+003  6.3926210e+000
  2.2148000e+003  6.1752790e+000
  2.2150000e+003  5.9652320e+000
  2.2152000e+003  5.7604780e+000
  2.2154000e+003  5.5633540e+000
  2.2156000e+003  5.3761240e+000
  2.2158000e+003  5.2011720e+000
  2.2160000e+003  5.0394290e+000
  2.2162000e+003  4.8900840e+000
  2.2164000e+003  4.7533270e+000
  2.2166000e+003  4.6270130e+000
  2.2168000e+003  4.5083760e+000
  2.2170000e+003  4.3916460e+000
  2.2172000e+003  4.2708870e+000
  2.2174000e+003  4.1444770e+000
  2.2176000e+003  4.0156600e+000
  2.2178000e+003  3.8930890e+000
  2.2180000e+003  3.7836550e+000
  2.2182000e+003  3.6884060e+000
  2.2184000e+003  3.6008350e+000
  2.2186000e+003  3.5103790e+000
  2.2188000e+003  3.4102910e+000
  2.2190000e+003  3.2993310e+000
  2.2192000e+003  3.1828880e+000
  2.2194000e+003  3.0683990e+000
  2.2196000e+003  2.9612770e+000
  2.2198000e+003  2.8652190e+000
  2.2200000e+003  2.7815810e+000
  2.2202000e+003  2.7119150e+000
  2.2204000e+003  2.6551720e+000
  2.2206000e+003  2.6060100e+000
  2.2208000e+003  2.5547260e+000
  2.2210000e+003  2.4903290e+000
  2.2212000e+003  2.4069300e+000
  2.2214000e+003  2.3075100e+000
  2.2216000e+003  2.2038220e+000
  2.2218000e+003  2.1113630e+000
  2.2220000e+003  2.0414110e+000
  2.2222000e+003  1.9980660e+000
  2.2224000e+003  1.9761800e+000
  2.2226000e+003  1.9660470e+000
  2.2228000e+003  1.9567010e+000
  2.2230000e+003  1.9397970e+000
  2.2232000e+003  1.9108770e+000
  2.2234000e+003  1.8694870e+000
  2.2236000e+003  1.8196820e+000
  2.2238000e+003  1.7668480e+000
  2.2240000e+003  1.7170900e+000
  2.2242000e+003  1.6740320e+000
  2.2244000e+003  1.6370050e+000
  2.2246000e+003  1.6022200e+000
  2.2248000e+003  1.5640730e+000
  2.2250000e+003  1.5187500e+000
  2.2252000e+003  1.4656300e+000
  2.2254000e+003  1.4077900e+000
  2.2256000e+003  1.3502590e+000
  2.2258000e+003  1.2972590e+000
  2.2260000e+003  1.2508150e+000
  2.2262000e+003  1.2098550e+000
  2.2264000e+003  1.1715170e+000
  2.2266000e+003  1.1347050e+000
  2.2268000e+003  1.1021610e+000
  2.2270000e+003  1.0802030e+000
  2.2272000e+003  1.0751480e+000
  2.2274000e+003  1.0889290e+000
  2.2276000e+003  1.1159180e+000
  2.2278000e+003  1.1447900e+000
  2.2280000e+003  1.1629580e+000
  2.2282000e+003  1.1613600e+000
  2.2284000e+003  1.1385910e+000
  2.2286000e+003  1.0992760e+000
  2.2288000e+003  1.0517120e+000
  2.2290000e+003  1.0038610e+000
  2.2292000e+003  9.6173200e-001
  2.2294000e+003  9.2875900e-001
  2.2296000e+003  9.0410700e-001
  2.2298000e+003  8.8381700e-001
  2.2300000e+003  8.6221600e-001
  2.2302000e+003  8.3503700e-001
  2.2304000e+003  8.0113400e-001
  2.2306000e+003  7.6224800e-001
  2.2308000e+003  7.2147800e-001
  2.2310000e+003  6.8178100e-001
  2.2312000e+003  6.4561300e-001
  2.2314000e+003  6.1509600e-001
  2.2316000e+003  5.9247000e-001
  2.2318000e+003  5.7895100e-001
  2.2320000e+003  5.7365800e-001
  2.2322000e+003  5.7339600e-001
  2.2324000e+003  5.7430200e-001
  2.2326000e+003  5.7437400e-001
  2.2328000e+003  5.7420700e-001
  2.2330000e+003  5.7458800e-001
  2.2332000e+003  5.7458800e-001
  2.2334000e+003  5.7082100e-001
  2.2336000e+003  5.5978200e-001
  2.2338000e+003  5.4152000e-001
  2.2340000e+003  5.2020500e-001
  2.2342000e+003  5.0222800e-001
  2.2344000e+003  4.9173800e-001
  2.2346000e+003  4.8832800e-001
  2.2348000e+003  4.8756500e-001
  2.2350000e+003  4.8480000e-001
  2.2352000e+003  4.7886300e-001
  2.2354000e+003  4.7247400e-001
  2.2356000e+003  4.6942200e-001
  2.2358000e+003  4.7018500e-001
  2.2360000e+003  4.7042300e-001
  2.2362000e+003  4.6360400e-001
  2.2364000e+003  4.4536500e-001
  2.2366000e+003  4.1754200e-001
  2.2368000e+003  3.8731000e-001
  2.2370000e+003  3.6358800e-001
  2.2372000e+003  3.5109500e-001
  2.2374000e+003  3.4904400e-001
  2.2376000e+003  3.5202500e-001
  2.2378000e+003  3.5502900e-001
  2.2380000e+003  3.5595800e-001
  2.2382000e+003  3.5605400e-001
  2.2384000e+003  3.5750800e-001
  2.2386000e+003  3.6113200e-001
  2.2388000e+003  3.6618700e-001
  2.2390000e+003  3.7131300e-001
  2.2392000e+003  3.7622400e-001
  2.2394000e+003  3.8197000e-001
  2.2396000e+003  3.8957500e-001
  2.2398000e+003  3.9899300e-001
  2.2400000e+003  4.0855400e-001
  2.2402000e+003  4.1458600e-001
  2.2404000e+003  4.1329800e-001
  2.2406000e+003  4.0290300e-001
  2.2408000e+003  3.8466400e-001
  2.2410000e+003  3.6320600e-001
  2.2412000e+003  3.4461000e-001
  2.2414000e+003  3.3318900e-001
  2.2416000e+003  3.2968500e-001
  2.2418000e+003  3.3023300e-001
  2.2420000e+003  3.2751500e-001
  2.2422000e+003  3.1301900e-001
  2.2424000e+003  2.8104700e-001
  2.2426000e+003  2.3074100e-001
  2.2428000e+003  1.6846600e-001
  2.2430000e+003  1.0719200e-001
  2.2432000e+003  6.3538000e-002
  2.2434000e+003  5.2404000e-002
  2.2436000e+003  7.9774000e-002
  2.2438000e+003  1.3980800e-001
  2.2440000e+003  2.1429000e-001
  2.2442000e+003  2.7992700e-001
  2.2444000e+003  3.1645200e-001
  2.2446000e+003  3.1306700e-001
  2.2448000e+003  2.7313200e-001
  2.2450000e+003  2.1100000e-001
  2.2452000e+003  1.4784300e-001
  2.2454000e+003  1.0149400e-001
  2.2456000e+003  8.1706000e-002
  2.2458000e+003  8.5926000e-002
  2.2460000e+003  1.0194700e-001
  2.2462000e+003  1.1320100e-001
  2.2464000e+003  1.0688300e-001
  2.2466000e+003  8.0752000e-002
  2.2468000e+003  4.3582000e-002
  2.2470000e+003  1.2397000e-002
  2.2472000e+003  3.3370000e-003
  2.2474000e+003  2.5010000e-002
  2.2476000e+003  7.3027000e-002
  2.2478000e+003  1.3289400e-001
  2.2480000e+003  1.8534600e-001
  2.2482000e+003  2.1440900e-001
  2.2484000e+003  2.1424200e-001
  2.2486000e+003  1.8942300e-001
  2.2488000e+003  1.5158600e-001
  2.2490000e+003  1.1193700e-001
  2.2492000e+003  7.7652000e-002
  2.2494000e+003  4.9066000e-002
  2.2496000e+003  2.3317000e-002
  2.2498000e+003 -1.8830000e-003
  2.2500000e+003 -2.5272000e-002
  2.2502000e+003 -4.2724000e-002
  2.2504000e+003 -4.8756000e-002
  2.2506000e+003 -4.0531000e-002
  2.2508000e+003 -1.9454000e-002
  2.2510000e+003  9.2260000e-003
  2.2512000e+003  3.9291000e-002
  2.2514000e+003  6.5803000e-002
  2.2516000e+003  8.6450000e-002
  2.2518000e+003  1.0130400e-001
  2.2520000e+003  1.1096000e-001
  2.2522000e+003  1.1582300e-001
  2.2524000e+003  1.1591900e-001
  2.2526000e+003  1.1134100e-001
  2.2528000e+003  1.0263900e-001
  2.2530000e+003  9.0980000e-002
  2.2532000e+003  7.7724000e-002
  2.2534000e+003  6.4492000e-002
  2.2536000e+003  5.3620000e-002
  2.2538000e+003  4.8518000e-002
  2.2540000e+003  5.2809000e-002
  2.2542000e+003  6.7448000e-002
  2.2544000e+003  8.9502000e-002
  2.2546000e+003  1.1308100e-001
  2.2548000e+003  1.3227400e-001
  2.2550000e+003  1.4441000e-001
  2.2552000e+003  1.5203900e-001
  2.2554000e+003  1.5962100e-001
  2.2556000e+003  1.6994400e-001
  2.2558000e+003  1.8057800e-001
  2.2560000e+003  1.8463100e-001
  2.2562000e+003  1.7442700e-001
  2.2564000e+003  1.4684200e-001
  2.2566000e+003  1.0528500e-001
  2.2568000e+003  5.9199000e-002
  2.2570000e+003  2.0623000e-002
  2.2572000e+003 -2.3800000e-004
  2.2574000e+003  2.5270000e-003
  2.2576000e+003  2.8634000e-002
  2.2578000e+003  7.1597000e-002
  2.2580000e+003  1.1966200e-001
  2.2582000e+003  1.5919200e-001
  2.2584000e+003  1.7943300e-001
  2.2586000e+003  1.7654800e-001
  2.2588000e+003  1.5547200e-001
  2.2590000e+003  1.2638500e-001
  2.2592000e+003  9.9945000e-002
  2.2594000e+003  8.1801000e-002
  2.2596000e+003  7.2526000e-002
  2.2598000e+003  6.9475000e-002
  2.2600000e+003  7.0381000e-002
  2.2602000e+003  7.4005000e-002
  2.2604000e+003  7.8964000e-002
  2.2606000e+003  8.1944000e-002
  2.2608000e+003  7.8320000e-002
  2.2610000e+003  6.4802000e-002
  2.2612000e+003  4.3606000e-002
  2.2614000e+003  2.1696000e-002
  2.2616000e+003  7.8670000e-003
  2.2618000e+003  6.7230000e-003
  2.2620000e+003  1.5711000e-002
  2.2622000e+003  2.6130000e-002
  2.2624000e+003  2.9206000e-002
  2.2626000e+003  2.1028000e-002
  2.2628000e+003  5.0300000e-003
  2.2630000e+003 -1.1038000e-002
  2.2632000e+003 -2.0146000e-002
  2.2634000e+003 -2.0289000e-002
  2.2636000e+003 -1.4853000e-002
  2.2638000e+003 -9.4890000e-003
  2.2640000e+003 -8.2250000e-003
  2.2642000e+003 -1.1062000e-002
  2.2644000e+003 -1.4209000e-002
  2.2646000e+003 -1.2445000e-002
  2.2648000e+003 -2.0500000e-003
  2.2650000e+003  1.8310000e-002
  2.2652000e+003  4.6992000e-002
  2.2654000e+003  8.0442000e-002
  2.2656000e+003  1.1401100e-001
  2.2658000e+003  1.4204900e-001
  2.2660000e+003  1.5947800e-001
  2.2662000e+003  1.6202900e-001
  2.2664000e+003  1.4743800e-001
  2.2666000e+003  1.1634800e-001
  2.2668000e+003  7.2264000e-002
  2.2670000e+003  2.1386000e-002
  2.2672000e+003 -2.9182000e-002
  2.2674000e+003 -7.2240000e-002
  2.2676000e+003 -1.0271000e-001
  2.2678000e+003 -1.1854100e-001
  2.2680000e+003 -1.2156900e-001
  2.2682000e+003 -1.1558500e-001
  2.2684000e+003 -1.0464100e-001
  2.2686000e+003 -9.0408000e-002
  2.2688000e+003 -7.0691000e-002
  2.2690000e+003 -4.1508000e-002
  2.2692000e+003  7.6200000e-004
  2.2694000e+003  5.4526000e-002
  2.2696000e+003  1.1210400e-001
  2.2698000e+003  1.6083700e-001
  2.2700000e+003  1.8947100e-001
  2.2702000e+003  1.9319000e-001
  2.2704000e+003  1.7702500e-001
  2.2706000e+003  1.5199100e-001
  2.2708000e+003  1.2958000e-001
  2.2710000e+003  1.1532300e-001
  2.2712000e+003  1.0659600e-001
  2.2714000e+003  9.6154000e-002
  2.2716000e+003  7.7414000e-002
  2.2718000e+003  4.8851000e-002
  2.2720000e+003  1.4305000e-002
  2.2722000e+003 -2.0122000e-002
  2.2724000e+003 -5.0044000e-002
  2.2726000e+003 -7.3885000e-002
  2.2728000e+003 -9.2530000e-002
  2.2730000e+003 -1.0592900e-001
  2.2732000e+003 -1.1248500e-001
  2.2734000e+003 -1.0943400e-001
  2.2736000e+003 -9.4914000e-002
  2.2738000e+003 -7.0571000e-002
  2.2740000e+003 -4.2033000e-002
  2.2742000e+003 -1.6784000e-002
  2.2744000e+003 -1.3110000e-003
  2.2746000e+003  2.7890000e-003
  2.2748000e+003 -1.1440000e-003
  2.2750000e+003 -6.7940000e-003
  2.2752000e+003 -7.9630000e-003
  2.2754000e+003 -1.5020000e-003
  2.2756000e+003  1.1229000e-002
  2.2758000e+003  2.4509000e-002
  2.2760000e+003  3.0446000e-002
  2.2762000e+003  2.2554000e-002
  2.2764000e+003 -2.1400000e-004
  2.2766000e+003 -3.1495000e-002
  2.2768000e+003 -5.8770000e-002
  2.2770000e+003 -6.9665000e-002
  2.2772000e+003 -5.7411000e-002
  2.2774000e+003 -2.4223000e-002
  2.2776000e+003  1.9311000e-002
  2.2778000e+003  5.9795000e-002
  2.2780000e+003  8.5949000e-002
  2.2782000e+003  9.2434000e-002
  2.2784000e+003  7.9393000e-002
  2.2786000e+003  5.0806000e-002
  2.2788000e+003  1.2230000e-002
  2.2790000e+003 -2.8634000e-002
  2.2792000e+003 -6.2489000e-002
  2.2794000e+003 -8.0370000e-002
  2.2796000e+003 -7.5316000e-002
  2.2798000e+003 -4.6658000e-002
  2.2800000e+003 -9.2900000e-004
  2.2802000e+003  4.9090000e-002
  2.2804000e+003  8.7881000e-002
  2.2806000e+003  1.0318700e-001
  2.2808000e+003  8.9311000e-002
  2.2810000e+003  4.8589000e-002
  2.2812000e+003 -1.1610000e-002
  2.2814000e+003 -8.1229000e-002
  2.2816000e+003 -1.4908300e-001
  2.2818000e+003 -2.0315600e-001
  2.2820000e+003 -2.3066900e-001
  2.2822000e+003 -2.2008400e-001
  2.2824000e+003 -1.6586700e-001
  2.2826000e+003 -7.3003000e-002
  2.2828000e+003  4.1222000e-002
  2.2830000e+003  1.5282600e-001
  2.2832000e+003  2.3777400e-001
  2.2834000e+003  2.8197700e-001
  2.2836000e+003  2.8250200e-001
  2.2838000e+003  2.4664400e-001
  2.2840000e+003  1.8737300e-001
  2.2842000e+003  1.1937600e-001
  2.2844000e+003  5.7339000e-002
  2.2846000e+003  1.2350000e-002
  2.2848000e+003 -9.9180000e-003
  2.2850000e+003 -1.0561000e-002
  2.2852000e+003  4.0760000e-003
  2.2854000e+003  2.5463000e-002
  2.2856000e+003  4.6229000e-002
  2.2858000e+003  6.2751000e-002
  2.2860000e+003  7.3933000e-002
  2.2862000e+003  7.8940000e-002
  2.2864000e+003  7.5936000e-002
  2.2866000e+003  6.3776000e-002
  2.2868000e+003  4.3940000e-002
  2.2870000e+003  2.2625000e-002
  2.2872000e+003  8.4630000e-003
  2.2874000e+003  8.2730000e-003
  2.2876000e+003  2.2077000e-002
  2.2878000e+003  4.2605000e-002
  2.2880000e+003  5.8484000e-002
  2.2882000e+003  6.1345000e-002
  2.2884000e+003  4.9543000e-002
  2.2886000e+003  2.8991000e-002
  2.2888000e+003  7.8910000e-003
  2.2890000e+003 -9.1790000e-003
  2.2892000e+003 -2.4032000e-002
  2.2894000e+003 -4.1961000e-002
  2.2896000e+003 -6.6494000e-002
  2.2898000e+003 -9.4008000e-002
  2.2900000e+003 -1.1477400e-001
  2.2902000e+003 -1.1718200e-001
  2.2904000e+003 -9.5438000e-002
  2.2906000e+003 -5.2976000e-002
  2.2908000e+003 -2.6220000e-003
  2.2910000e+003  3.8766000e-002
  2.2912000e+003  5.8674000e-002
  2.2914000e+003  5.3548000e-002
  2.2916000e+003  3.0136000e-002
  2.2918000e+003  6.6700000e-004
  2.2920000e+003 -2.2101000e-002
  2.2922000e+003 -3.1709000e-002
  2.2924000e+003 -2.8538000e-002
  2.2926000e+003 -1.8191000e-002
  2.2928000e+003 -7.4860000e-003
  2.2930000e+003 -9.0500000e-004
  2.2932000e+003  4.0500000e-004
  2.2934000e+003 -1.4540000e-003
  2.2936000e+003 -2.3600000e-003
  2.2938000e+003  2.4790000e-003
  2.2940000e+003  1.6140000e-002
  2.2942000e+003  3.6787000e-002
  2.2944000e+003  5.6195000e-002
  2.2946000e+003  6.3133000e-002
  2.2948000e+003  4.8780000e-002
  2.2950000e+003  1.3422000e-002
  2.2952000e+003 -3.1757000e-002
  2.2954000e+003 -7.0071000e-002
  2.2956000e+003 -8.8310000e-002
  2.2958000e+003 -8.4877000e-002
  2.2960000e+003 -6.9689000e-002
  2.2962000e+003 -5.7530000e-002
  2.2964000e+003 -5.8007000e-002
  2.2966000e+003 -7.1215000e-002
  2.2968000e+003 -8.8667000e-002
  2.2970000e+003 -1.0087400e-001
  2.2972000e+003 -1.0225700e-001
  2.2974000e+003 -9.2935000e-002
  2.2976000e+003 -7.5316000e-002
  2.2978000e+003 -5.0568000e-002
  2.2980000e+003 -1.8811000e-002
  2.2982000e+003  1.7976000e-002
  2.2984000e+003  5.3381000e-002
  2.2986000e+003  7.7843000e-002
  2.2988000e+003  8.3446000e-002
  2.2990000e+003  6.6995000e-002
  2.2992000e+003  3.2210000e-002
  2.2994000e+003 -1.2755000e-002
  2.2996000e+003 -5.7816000e-002
  2.2998000e+003 -9.4532000e-002
  2.3000000e+003 -1.1737300e-001
