  1.4000000e+003  6.0756370e-003
  1.4002000e+003  5.9780180e-003
  1.4004000e+003  5.8511910e-003
  1.4006000e+003  5.7089120e-003
  1.4008000e+003  5.5666430e-003
  1.4010000e+003  5.4379120e-003
  1.4012000e+003  5.3343560e-003
  1.4014000e+003  5.2611940e-003
  1.4016000e+003  5.2184470e-003
  1.4018000e+003  5.2034840e-003
  1.4020000e+003  5.2089430e-003
  1.4022000e+003  5.2267550e-003
  1.4024000e+003  5.2462310e-003
  1.4026000e+003  5.2585840e-003
  1.4028000e+003  5.2578770e-003
  1.4030000e+003  5.2405330e-003
  1.4032000e+003  5.2053860e-003
  1.4034000e+003  5.1569310e-003
  1.4036000e+003  5.1022980e-003
  1.4038000e+003  5.0512330e-003
  1.4040000e+003  5.0144230e-003
  1.4042000e+003  5.0011230e-003
  1.4044000e+003  5.0186960e-003
  1.4046000e+003  5.0697620e-003
  1.4048000e+003  5.1509930e-003
  1.4050000e+003  5.2540710e-003
  1.4052000e+003  5.3673700e-003
  1.4054000e+003  5.4780500e-003
  1.4056000e+003  5.5730580e-003
  1.4058000e+003  5.6428830e-003
  1.4060000e+003  5.6820740e-003
  1.4062000e+003  5.6925240e-003
  1.4064000e+003  5.6797030e-003
  1.4066000e+003  5.6531040e-003
  1.4068000e+003  5.6243630e-003
  1.4070000e+003  5.6058340e-003
  1.4072000e+003  5.6063120e-003
  1.4074000e+003  5.6307690e-003
  1.4076000e+003  5.6787460e-003
  1.4078000e+003  5.7466780e-003
  1.4080000e+003  5.8267240e-003
  1.4082000e+003  5.9077160e-003
  1.4084000e+003  5.9775500e-003
  1.4086000e+003  6.0248100e-003
  1.4088000e+003  6.0414370e-003
  1.4090000e+003  6.0233860e-003
  1.4092000e+003  5.9706560e-003
  1.4094000e+003  5.8877620e-003
  1.4096000e+003  5.7837370e-003
  1.4098000e+003  5.6697210e-003
  1.4100000e+003  5.5578560e-003
  1.4102000e+003  5.4607150e-003
  1.4104000e+003  5.3904030e-003
  1.4106000e+003  5.3552560e-003
  1.4108000e+003  5.3597690e-003
  1.4110000e+003  5.4046590e-003
  1.4112000e+003  5.4865970e-003
  1.4114000e+003  5.5996570e-003
  1.4116000e+003  5.7340960e-003
  1.4118000e+003  5.8787360e-003
  1.4120000e+003  6.0217220e-003
  1.4122000e+003  6.1518770e-003
  1.4124000e+003  6.2599560e-003
  1.4126000e+003  6.3380890e-003
  1.4128000e+003  6.3817930e-003
  1.4130000e+003  6.3901110e-003
  1.4132000e+003  6.3656440e-003
  1.4134000e+003  6.3138710e-003
  1.4136000e+003  6.2426120e-003
  1.4138000e+003  6.1606740e-003
  1.4140000e+003  6.0789650e-003
  1.4142000e+003  6.0086620e-003
  1.4144000e+003  5.9585420e-003
  1.4146000e+003  5.9362170e-003
  1.4148000e+003  5.9476140e-003
  1.4150000e+003  5.9956020e-003
  1.4152000e+003  6.0801500e-003
  1.4154000e+003  6.1979620e-003
  1.4156000e+003  6.3435580e-003
  1.4158000e+003  6.5095770e-003
  1.4160000e+003  6.6877200e-003
  1.4162000e+003  6.8667990e-003
  1.4164000e+003  7.0361550e-003
  1.4166000e+003  7.1850790e-003
  1.4168000e+003  7.3052620e-003
  1.4170000e+003  7.3914740e-003
  1.4172000e+003  7.4401690e-003
  1.4174000e+003  7.4506190e-003
  1.4176000e+003  7.4278160e-003
  1.4178000e+003  7.3772280e-003
  1.4180000e+003  7.3066860e-003
  1.4182000e+003  7.2242600e-003
  1.4184000e+003  7.1387550e-003
  1.4186000e+003  7.0575240e-003
  1.4188000e+003  6.9867530e-003
  1.4190000e+003  6.9302180e-003
  1.4192000e+003  6.8898410e-003
  1.4194000e+003  6.8670380e-003
  1.4196000e+003  6.8611000e-003
  1.4198000e+003  6.8720290e-003
  1.4200000e+003  6.8988670e-003
  1.4202000e+003  6.9413850e-003
  1.4204000e+003  6.9986280e-003
  1.4206000e+003  7.0691690e-003
  1.4208000e+003  7.1515860e-003
  1.4210000e+003  7.2430280e-003
  1.4212000e+003  7.3394610e-003
  1.4214000e+003  7.4363630e-003
  1.4216000e+003  7.5280440e-003
  1.4218000e+003  7.6097540e-003
  1.4220000e+003  7.6767290e-003
  1.4222000e+003  7.7256630e-003
  1.4224000e+003  7.7548720e-003
  1.4226000e+003  7.7653220e-003
  1.4228000e+003  7.7591460e-003
  1.4230000e+003  7.7396700e-003
  1.4232000e+003  7.7104610e-003
  1.4234000e+003  7.6764900e-003
  1.4236000e+003  7.6403870e-003
  1.4238000e+003  7.6045240e-003
  1.4240000e+003  7.5696160e-003
  1.4242000e+003  7.5358850e-003
  1.4244000e+003  7.5035770e-003
  1.4246000e+003  7.4722270e-003
  1.4248000e+003  7.4434860e-003
  1.4250000e+003  7.4199750e-003
  1.4252000e+003  7.4052510e-003
  1.4254000e+003  7.4035880e-003
  1.4256000e+003  7.4202140e-003
  1.4258000e+003  7.4584590e-003
  1.4260000e+003  7.5214000e-003
  1.4262000e+003  7.6092760e-003
  1.4264000e+003  7.7197260e-003
  1.4266000e+003  7.8508270e-003
  1.4268000e+003  7.9957160e-003
  1.4270000e+003  8.1498600e-003
  1.4272000e+003  8.3066240e-003
  1.4274000e+003  8.4614850e-003
  1.4276000e+003  8.6101700e-003
  1.4278000e+003  8.7514920e-003
  1.4280000e+003  8.8825940e-003
  1.4282000e+003  9.0037330e-003
  1.4284000e+003  9.1134660e-003
  1.4286000e+003  9.2115530e-003
  1.4288000e+003  9.2968290e-003
  1.4290000e+003  9.3687950e-003
  1.4292000e+003  9.4267450e-003
  1.4294000e+003  9.4697310e-003
  1.4296000e+003  9.4987110e-003
  1.4298000e+003  9.5153380e-003
  1.4300000e+003  9.5229390e-003
  1.4302000e+003  9.5260270e-003
  1.4304000e+003  9.5312470e-003
  1.4306000e+003  9.5433610e-003
  1.4308000e+003  9.5666430e-003
  1.4310000e+003  9.6029840e-003
  1.4312000e+003  9.6526260e-003
  1.4314000e+003  9.7148490e-003
  1.4316000e+003  9.7868150e-003
  1.4318000e+003  9.8651970e-003
  1.4320000e+003  9.9485700e-003
  1.4322000e+003  1.0035739e-002
  1.4324000e+003  1.0125757e-002
  1.4326000e+003  1.0217906e-002
  1.4328000e+003  1.0310773e-002
  1.4330000e+003  1.0401747e-002
  1.4332000e+003  1.0487730e-002
  1.4334000e+003  1.0565395e-002
  1.4336000e+003  1.0631185e-002
  1.4338000e+003  1.0681304e-002
  1.4340000e+003  1.0713362e-002
  1.4342000e+003  1.0723344e-002
  1.4344000e+003  1.0705293e-002
  1.4346000e+003  1.0653988e-002
  1.4348000e+003  1.0564917e-002
  1.4350000e+003  1.0433098e-002
  1.4352000e+003  1.0261610e-002
  1.4354000e+003  1.0062338e-002
  1.4356000e+003  9.8547470e-003
  1.4358000e+003  9.6649690e-003
  1.4360000e+003  9.5236460e-003
  1.4362000e+003  9.4602370e-003
  1.4364000e+003  9.4951440e-003
  1.4366000e+003  9.6343350e-003
  1.4368000e+003  9.8668610e-003
  1.4370000e+003  1.0168743e-002
  1.4372000e+003  1.0508870e-002
  1.4374000e+003  1.0848508e-002
  1.4376000e+003  1.1152293e-002
  1.4378000e+003  1.1399075e-002
  1.4380000e+003  1.1579588e-002
  1.4382000e+003  1.1694302e-002
  1.4384000e+003  1.1752969e-002
  1.4386000e+003  1.1775294e-002
  1.4388000e+003  1.1778143e-002
  1.4390000e+003  1.1776958e-002
  1.4392000e+003  1.1782656e-002
  1.4394000e+003  1.1801425e-002
  1.4396000e+003  1.1834678e-002
  1.4398000e+003  1.1883124e-002
  1.4400000e+003  1.1942030e-002
  1.4402000e+003  1.2007352e-002
  1.4404000e+003  1.2075752e-002
  1.4406000e+003  1.2143922e-002
  1.4408000e+003  1.2209005e-002
  1.4410000e+003  1.2270521e-002
  1.4412000e+003  1.2328710e-002
  1.4414000e+003  1.2385474e-002
  1.4416000e+003  1.2441999e-002
  1.4418000e+003  1.2501144e-002
  1.4420000e+003  1.2563607e-002
  1.4422000e+003  1.2628211e-002
  1.4424000e+003  1.2692586e-002
  1.4426000e+003  1.2753624e-002
  1.4428000e+003  1.2807300e-002
  1.4430000e+003  1.2850296e-002
  1.4432000e+003  1.2879266e-002
  1.4434000e+003  1.2892805e-002
  1.4436000e+003  1.2892566e-002
  1.4438000e+003  1.2882115e-002
  1.4440000e+003  1.2865489e-002
  1.4442000e+003  1.2848155e-002
  1.4444000e+003  1.2835333e-002
  1.4446000e+003  1.2832474e-002
  1.4448000e+003  1.2844120e-002
  1.4450000e+003  1.2873090e-002
  1.4452000e+003  1.2921067e-002
  1.4454000e+003  1.2988521e-002
  1.4456000e+003  1.3074743e-002
  1.4458000e+003  1.3176167e-002
  1.4460000e+003  1.3289696e-002
  1.4462000e+003  1.3412728e-002
  1.4464000e+003  1.3541458e-002
  1.4466000e+003  1.3673048e-002
  1.4468000e+003  1.3806291e-002
  1.4470000e+003  1.3938827e-002
  1.4472000e+003  1.4070646e-002
  1.4474000e+003  1.4202465e-002
  1.4476000e+003  1.4335240e-002
  1.4478000e+003  1.4471332e-002
  1.4480000e+003  1.4613372e-002
  1.4482000e+003  1.4763481e-002
  1.4484000e+003  1.4923802e-002
  1.4486000e+003  1.5095290e-002
  1.4488000e+003  1.5278413e-002
  1.4490000e+003  1.5472465e-002
  1.4492000e+003  1.5675772e-002
  1.4494000e+003  1.5885027e-002
  1.4496000e+003  1.6096652e-002
  1.4498000e+003  1.6307570e-002
  1.4500000e+003  1.6513726e-002
  1.4502000e+003  1.6710627e-002
  1.4504000e+003  1.6896132e-002
  1.4506000e+003  1.7069044e-002
  1.4508000e+003  1.7228179e-002
  1.4510000e+003  1.7373298e-002
  1.4512000e+003  1.7505594e-002
  1.4514000e+003  1.7626256e-002
  1.4516000e+003  1.7737881e-002
  1.4518000e+003  1.7842394e-002
  1.4520000e+003  1.7942862e-002
  1.4522000e+003  1.8041427e-002
  1.4524000e+003  1.8141895e-002
  1.4526000e+003  1.8247593e-002
  1.4528000e+003  1.8361839e-002
  1.4530000e+003  1.8487481e-002
  1.4532000e+003  1.8626901e-002
  1.4534000e+003  1.8781762e-002
  1.4536000e+003  1.8953011e-002
  1.4538000e+003  1.9140408e-002
  1.4540000e+003  1.9342061e-002
  1.4542000e+003  1.9554882e-002
  1.4544000e+003  1.9775294e-002
  1.4546000e+003  1.9998555e-002
  1.4548000e+003  2.0218967e-002
  1.4550000e+003  2.0430831e-002
  1.4552000e+003  2.0628689e-002
  1.4554000e+003  2.0809432e-002
  1.4556000e+003  2.0971186e-002
  1.4558000e+003  2.1112738e-002
  1.4560000e+003  2.1236249e-002
  1.4562000e+003  2.1345742e-002
  1.4564000e+003  2.1446449e-002
  1.4566000e+003  2.1545014e-002
  1.4568000e+003  2.1647863e-002
  1.4570000e+003  2.1760923e-002
  1.4572000e+003  2.1890132e-002
  1.4574000e+003  2.2039046e-002
  1.4576000e+003  2.2207685e-002
  1.4578000e+003  2.2393897e-002
  1.4580000e+003  2.2593886e-002
  1.4582000e+003  2.2802901e-002
  1.4584000e+003  2.3013102e-002
  1.4586000e+003  2.3217604e-002
  1.4588000e+003  2.3409993e-002
  1.4590000e+003  2.3586223e-002
  1.4592000e+003  2.3744411e-002
  1.4594000e+003  2.3884548e-002
  1.4596000e+003  2.4007341e-002
  1.4598000e+003  2.4116128e-002
  1.4600000e+003  2.4216357e-002
  1.4602000e+003  2.4313736e-002
  1.4604000e+003  2.4413497e-002
  1.4606000e+003  2.4519902e-002
  1.4608000e+003  2.4637465e-002
  1.4610000e+003  2.4769762e-002
  1.4612000e+003  2.4918925e-002
  1.4614000e+003  2.5085661e-002
  1.4616000e+003  2.5268546e-002
  1.4618000e+003  2.5466403e-002
  1.4620000e+003  2.5676126e-002
  1.4622000e+003  2.5896538e-002
  1.4624000e+003  2.6124551e-002
  1.4626000e+003  2.6358979e-002
  1.4628000e+003  2.6599823e-002
  1.4630000e+003  2.6845888e-002
  1.4632000e+003  2.7100270e-002
  1.4634000e+003  2.7364854e-002
  1.4636000e+003  2.7642040e-002
  1.4638000e+003  2.7933950e-002
  1.4640000e+003  2.8241292e-002
  1.4642000e+003  2.8564792e-002
  1.4644000e+003  2.8899917e-002
  1.4646000e+003  2.9240751e-002
  1.4648000e+003  2.9582063e-002
  1.4650000e+003  2.9919341e-002
  1.4652000e+003  3.0248300e-002
  1.4654000e+003  3.0566092e-002
  1.4656000e+003  3.0873911e-002
  1.4658000e+003  3.1177935e-002
  1.4660000e+003  3.1485994e-002
  1.4662000e+003  3.1805210e-002
  1.4664000e+003  3.2141770e-002
  1.4666000e+003  3.2498992e-002
  1.4668000e+003  3.2877592e-002
  1.4670000e+003  3.3274244e-002
  1.4672000e+003  3.3682531e-002
  1.4674000e+003  3.4093668e-002
  1.4676000e+003  3.4500770e-002
  1.4678000e+003  3.4899085e-002
  1.4680000e+003  3.5285994e-002
  1.4682000e+003  3.5662223e-002
  1.4684000e+003  3.6029188e-002
  1.4686000e+003  3.6390683e-002
  1.4688000e+003  3.6751940e-002
  1.4690000e+003  3.7116294e-002
  1.4692000e+003  3.7483966e-002
  1.4694000e+003  3.7851877e-002
  1.4696000e+003  3.8217178e-002
  1.4698000e+003  3.8575346e-002
  1.4700000e+003  3.8921649e-002
  1.4702000e+003  3.9249891e-002
  1.4704000e+003  3.9558428e-002
  1.4706000e+003  3.9848903e-002
  1.4708000e+003  4.0129417e-002
  1.4710000e+003  4.0411106e-002
  1.4712000e+003  4.0708714e-002
  1.4714000e+003  4.1041708e-002
  1.4716000e+003  4.1430758e-002
  1.4718000e+003  4.1891775e-002
  1.4720000e+003  4.2432360e-002
  1.4722000e+003  4.3052282e-002
  1.4724000e+003  4.3742498e-002
  1.4726000e+003  4.4483072e-002
  1.4728000e+003  4.5249059e-002
  1.4730000e+003  4.6013144e-002
  1.4732000e+003  4.6750629e-002
  1.4734000e+003  4.7442279e-002
  1.4736000e+003  4.8076677e-002
  1.4738000e+003  4.8652179e-002
  1.4740000e+003  4.9171145e-002
  1.4742000e+003  4.9643569e-002
  1.4744000e+003  5.0081543e-002
  1.4746000e+003  5.0498149e-002
  1.4748000e+003  5.0909047e-002
  1.4750000e+003  5.1329687e-002
  1.4752000e+003  5.1772414e-002
  1.4754000e+003  5.2252439e-002
  1.4756000e+003  5.2782812e-002
  1.4758000e+003  5.3370188e-002
  1.4760000e+003  5.4015993e-002
  1.4762000e+003  5.4712385e-002
  1.4764000e+003  5.5445596e-002
  1.4766000e+003  5.6199709e-002
  1.4768000e+003  5.6956910e-002
  1.4770000e+003  5.7697713e-002
  1.4772000e+003  5.8409078e-002
  1.4774000e+003  5.9086233e-002
  1.4776000e+003  5.9735833e-002
  1.4778000e+003  6.0365728e-002
  1.4780000e+003  6.0988021e-002
  1.4782000e+003  6.1617906e-002
  1.4784000e+003  6.2269180e-002
  1.4786000e+003  6.2955599e-002
  1.4788000e+003  6.3681918e-002
  1.4790000e+003  6.4448851e-002
  1.4792000e+003  6.5256640e-002
  1.4794000e+003  6.6104097e-002
  1.4796000e+003  6.6988365e-002
  1.4798000e+003  6.7900188e-002
  1.4800000e+003  6.8830779e-002
  1.4802000e+003  6.9773713e-002
  1.4804000e+003  7.0724488e-002
  1.4806000e+003  7.1680483e-002
  1.4808000e+003  7.2634824e-002
  1.4810000e+003  7.3585120e-002
  1.4812000e+003  7.4531860e-002
  1.4814000e+003  7.5478829e-002
  1.4816000e+003  7.6431746e-002
  1.4818000e+003  7.7393678e-002
  1.4820000e+003  7.8371530e-002
  1.4822000e+003  7.9375990e-002
  1.4824000e+003  8.0417490e-002
  1.4826000e+003  8.1502225e-002
  1.4828000e+003  8.2630654e-002
  1.4830000e+003  8.3801134e-002
  1.4832000e+003  8.5013175e-002
  1.4834000e+003  8.6262036e-002
  1.4836000e+003  8.7537018e-002
  1.4838000e+003  8.8823875e-002
  1.4840000e+003  9.0109785e-002
  1.4842000e+003  9.1384528e-002
  1.4844000e+003  9.2640273e-002
  1.4846000e+003  9.3863710e-002
  1.4848000e+003  9.5046782e-002
  1.4850000e+003  9.6185900e-002
  1.4852000e+003  9.7283935e-002
  1.4854000e+003  9.8354175e-002
  1.4856000e+003  9.9410887e-002
  1.4858000e+003  1.0047828e-001
  1.4860000e+003  1.0158961e-001
  1.4862000e+003  1.0278147e-001
  1.4864000e+003  1.0408995e-001
  1.4866000e+003  1.0553997e-001
  1.4868000e+003  1.0714582e-001
  1.4870000e+003  1.0890652e-001
  1.4872000e+003  1.1080878e-001
  1.4874000e+003  1.1282315e-001
  1.4876000e+003  1.1490378e-001
  1.4878000e+003  1.1699914e-001
  1.4880000e+003  1.1906102e-001
  1.4882000e+003  1.2106041e-001
  1.4884000e+003  1.2297384e-001
  1.4886000e+003  1.2479203e-001
  1.4888000e+003  1.2652731e-001
  1.4890000e+003  1.2821747e-001
  1.4892000e+003  1.2991997e-001
  1.4894000e+003  1.3167902e-001
  1.4896000e+003  1.3353473e-001
  1.4898000e+003  1.3552083e-001
  1.4900000e+003  1.3765989e-001
  1.4902000e+003  1.3995857e-001
  1.4904000e+003  1.4239357e-001
  1.4906000e+003  1.4493238e-001
  1.4908000e+003  1.4754220e-001
  1.4910000e+003  1.5019264e-001
  1.4912000e+003  1.5285542e-001
  1.4914000e+003  1.5549326e-001
  1.4916000e+003  1.5808717e-001
  1.4918000e+003  1.6063239e-001
  1.4920000e+003  1.6313841e-001
  1.4922000e+003  1.6562140e-001
  1.4924000e+003  1.6809559e-001
  1.4926000e+003  1.7057858e-001
  1.4928000e+003  1.7309316e-001
  1.4930000e+003  1.7565500e-001
  1.4932000e+003  1.7826529e-001
  1.4934000e+003  1.8090836e-001
  1.4936000e+003  1.8356378e-001
  1.4938000e+003  1.8620947e-001
  1.4940000e+003  1.8884019e-001
  1.4942000e+003  1.9144669e-001
  1.4944000e+003  1.9403370e-001
  1.4946000e+003  1.9663354e-001
  1.4948000e+003  1.9930037e-001
  1.4950000e+003  2.0212063e-001
  1.4952000e+003  2.0516962e-001
  1.4954000e+003  2.0851431e-001
  1.4956000e+003  2.1220767e-001
  1.4958000e+003  2.1628129e-001
  1.4960000e+003  2.2072355e-001
  1.4962000e+003  2.2544060e-001
  1.4964000e+003  2.3031656e-001
  1.4966000e+003  2.3520748e-001
  1.4968000e+003  2.3996990e-001
  1.4970000e+003  2.4448840e-001
  1.4972000e+003  2.4868054e-001
  1.4974000e+003  2.5254990e-001
  1.4976000e+003  2.5618127e-001
  1.4978000e+003  2.5970529e-001
  1.4980000e+003  2.6327372e-001
  1.4982000e+003  2.6702861e-001
  1.4984000e+003  2.7109178e-001
  1.4986000e+003  2.7550766e-001
  1.4988000e+003  2.8026368e-001
  1.4990000e+003  2.8528831e-001
  1.4992000e+003  2.9046568e-001
  1.4994000e+003  2.9566251e-001
  1.4996000e+003  3.0078192e-001
  1.4998000e+003  3.0577141e-001
  1.5000000e+003  3.1060746e-001
  1.5002000e+003  3.1530528e-001
  1.5004000e+003  3.1991616e-001
  1.5006000e+003  3.2451185e-001
  1.5008000e+003  3.2919090e-001
  1.5010000e+003  3.3401247e-001
  1.5012000e+003  3.3901858e-001
  1.5014000e+003  3.4423632e-001
  1.5016000e+003  3.4967684e-001
  1.5018000e+003  3.5531879e-001
  1.5020000e+003  3.6110347e-001
  1.5022000e+003  3.6695586e-001
  1.5024000e+003  3.7280467e-001
  1.5026000e+003  3.7858224e-001
  1.5028000e+003  3.8422917e-001
  1.5030000e+003  3.8969939e-001
  1.5032000e+003  3.9496795e-001
  1.5034000e+003  4.0003866e-001
  1.5036000e+003  4.0493267e-001
  1.5038000e+003  4.0967063e-001
  1.5040000e+003  4.1426489e-001
  1.5042000e+003  4.1875370e-001
  1.5044000e+003  4.2315438e-001
  1.5046000e+003  4.2752633e-001
  1.5048000e+003  4.3194958e-001
  1.5050000e+003  4.3653077e-001
  1.5052000e+003  4.4141314e-001
  1.5054000e+003  4.4677315e-001
  1.5056000e+003  4.5278039e-001
  1.5058000e+003  4.5954744e-001
  1.5060000e+003  4.6713273e-001
  1.5062000e+003  4.7552131e-001
  1.5064000e+003  4.8460366e-001
  1.5066000e+003  4.9418479e-001
  1.5068000e+003  5.0401033e-001
  1.5070000e+003  5.1382447e-001
  1.5072000e+003  5.2339016e-001
  1.5074000e+003  5.3250909e-001
  1.5076000e+003  5.4103993e-001
  1.5078000e+003  5.4892473e-001
  1.5080000e+003  5.5619199e-001
  1.5082000e+003  5.6291558e-001
  1.5084000e+003  5.6919928e-001
  1.5086000e+003  5.7516520e-001
  1.5088000e+003  5.8094799e-001
  1.5090000e+003  5.8664526e-001
  1.5092000e+003  5.9233424e-001
  1.5094000e+003  5.9803793e-001
  1.5096000e+003  6.0374922e-001
  1.5098000e+003  6.0944248e-001
  1.5100000e+003  6.1505805e-001
  1.5102000e+003  6.2053967e-001
  1.5104000e+003  6.2584837e-001
  1.5106000e+003  6.3098915e-001
  1.5108000e+003  6.3600097e-001
  1.5110000e+003  6.4094937e-001
  1.5112000e+003  6.4592745e-001
  1.5114000e+003  6.5102905e-001
  1.5116000e+003  6.5633538e-001
  1.5118000e+003  6.6189230e-001
  1.5120000e+003  6.6769954e-001
  1.5122000e+003  6.7370631e-001
  1.5124000e+003  6.7980618e-001
  1.5126000e+003  6.8587992e-001
  1.5128000e+003  6.9180237e-001
  1.5130000e+003  6.9746213e-001
  1.5132000e+003  7.0277178e-001
  1.5134000e+003  7.0767671e-001
  1.5136000e+003  7.1219687e-001
  1.5138000e+003  7.1638782e-001
  1.5140000e+003  7.2032512e-001
  1.5142000e+003  7.2408570e-001
  1.5144000e+003  7.2774439e-001
  1.5146000e+003  7.3137363e-001
  1.5148000e+003  7.3501497e-001
  1.5150000e+003  7.3865371e-001
  1.5152000e+003  7.4225682e-001
  1.5154000e+003  7.4580791e-001
  1.5156000e+003  7.4931150e-001
  1.5158000e+003  7.5277709e-001
  1.5160000e+003  7.5624981e-001
  1.5162000e+003  7.5976764e-001
  1.5164000e+003  7.6338453e-001
  1.5166000e+003  7.6713798e-001
  1.5168000e+003  7.7103158e-001
  1.5170000e+003  7.7501590e-001
  1.5172000e+003  7.7899071e-001
  1.5174000e+003  7.8285842e-001
  1.5176000e+003  7.8651211e-001
  1.5178000e+003  7.8985681e-001
  1.5180000e+003  7.9282314e-001
  1.5182000e+003  7.9536266e-001
  1.5184000e+003  7.9749531e-001
  1.5186000e+003  7.9927263e-001
  1.5188000e+003  8.0075615e-001
  1.5190000e+003  8.0201689e-001
  1.5192000e+003  8.0313701e-001
  1.5194000e+003  8.0421889e-001
  1.5196000e+003  8.0535231e-001
  1.5198000e+003  8.0661186e-001
  1.5200000e+003  8.0804859e-001
  1.5202000e+003  8.0969861e-001
  1.5204000e+003  8.1159042e-001
  1.5206000e+003  8.1371666e-001
  1.5208000e+003  8.1603457e-001
  1.5210000e+003  8.1848003e-001
  1.5212000e+003  8.2098796e-001
  1.5214000e+003  8.2349327e-001
  1.5216000e+003  8.2592947e-001
  1.5218000e+003  8.2822862e-001
  1.5220000e+003  8.3033918e-001
  1.5222000e+003  8.3223550e-001
  1.5224000e+003  8.3390689e-001
  1.5226000e+003  8.3535384e-001
  1.5228000e+003  8.3658536e-001
  1.5230000e+003  8.3762021e-001
  1.5232000e+003  8.3849165e-001
  1.5234000e+003  8.3923318e-001
  1.5236000e+003  8.3987875e-001
  1.5238000e+003  8.4046185e-001
  1.5240000e+003  8.4101479e-001
  1.5242000e+003  8.4158719e-001
  1.5244000e+003  8.4221923e-001
  1.5246000e+003  8.4294911e-001
  1.5248000e+003  8.4380654e-001
  1.5250000e+003  8.4481004e-001
  1.5252000e+003  8.4596721e-001
  1.5254000e+003  8.4726737e-001
  1.5256000e+003  8.4867322e-001
  1.5258000e+003  8.5014179e-001
  1.5260000e+003  8.5162840e-001
  1.5262000e+003  8.5309030e-001
  1.5264000e+003  8.5449711e-001
  1.5266000e+003  8.5584239e-001
  1.5268000e+003  8.5713875e-001
  1.5270000e+003  8.5840590e-001
  1.5272000e+003  8.5966830e-001
  1.5274000e+003  8.6095254e-001
  1.5276000e+003  8.6227693e-001
  1.5278000e+003  8.6364929e-001
  1.5280000e+003  8.6506250e-001
  1.5282000e+003  8.6650113e-001
  1.5284000e+003  8.6794618e-001
  1.5286000e+003  8.6938030e-001
  1.5288000e+003  8.7078568e-001
  1.5290000e+003  8.7214878e-001
  1.5292000e+003  8.7346604e-001
  1.5294000e+003  8.7473722e-001
  1.5296000e+003  8.7596755e-001
  1.5298000e+003  8.7716914e-001
  1.5300000e+003  8.7836479e-001
  1.5302000e+003  8.7957683e-001
  1.5304000e+003  8.8082806e-001
  1.5306000e+003  8.8213772e-001
  1.5308000e+003  8.8351460e-001
  1.5310000e+003  8.8495276e-001
  1.5312000e+003  8.8644246e-001
  1.5314000e+003  8.8795899e-001
  1.5316000e+003  8.8949263e-001
  1.5318000e+003  8.9103696e-001
  1.5320000e+003  8.9259743e-001
  1.5322000e+003  8.9420304e-001
  1.5324000e+003  8.9591196e-001
  1.5326000e+003  8.9779403e-001
  1.5328000e+003  8.9990744e-001
  1.5330000e+003  9.0229827e-001
  1.5332000e+003  9.0498932e-001
  1.5334000e+003  9.0796800e-001
  1.5336000e+003  9.1118277e-001
  1.5338000e+003  9.1455122e-001
  1.5340000e+003  9.1797690e-001
  1.5342000e+003  9.2136173e-001
  1.5344000e+003  9.2461593e-001
  1.5346000e+003  9.2766160e-001
  1.5348000e+003  9.3045193e-001
  1.5350000e+003  9.3297410e-001
  1.5352000e+003  9.3523904e-001
  1.5354000e+003  9.3727456e-001
  1.5356000e+003  9.3912409e-001
  1.5358000e+003  9.4084988e-001
  1.5360000e+003  9.4250132e-001
  1.5362000e+003  9.4411856e-001
  1.5364000e+003  9.4572013e-001
  1.5366000e+003  9.4730602e-001
  1.5368000e+003  9.4886293e-001
  1.5370000e+003  9.5036973e-001
  1.5372000e+003  9.5179031e-001
  1.5374000e+003  9.5311684e-001
  1.5376000e+003  9.5437780e-001
  1.5378000e+003  9.5563593e-001
  1.5380000e+003  9.5698454e-001
  1.5382000e+003  9.5854478e-001
  1.5384000e+003  9.6043088e-001
  1.5386000e+003  9.6273336e-001
  1.5388000e+003  9.6549970e-001
  1.5390000e+003  9.6871851e-001
  1.5392000e+003  9.7230096e-001
  1.5394000e+003  9.7608553e-001
  1.5396000e+003  9.7989195e-001
  1.5398000e+003  9.8353947e-001
  1.5400000e+003  9.8686184e-001
  1.5402000e+003  9.8972580e-001
  1.5404000e+003  9.9204609e-001
  1.5406000e+003  9.9384051e-001
  1.5408000e+003  9.9517987e-001
  1.5410000e+003  9.9616246e-001
  1.5412000e+003  9.9689212e-001
  1.5414000e+003  9.9747023e-001
  1.5416000e+003  9.9800179e-001
  1.5418000e+003  9.9853359e-001
  1.5420000e+003  9.9905374e-001
  1.5422000e+003  9.9950526e-001
  1.5424000e+003  9.9983280e-001
  1.5426000e+003  1.0000000e+000
  1.5428000e+003  9.9996034e-001
  1.5430000e+003  9.9969930e-001
  1.5432000e+003  9.9921169e-001
  1.5434000e+003  9.9854095e-001
  1.5436000e+003  9.9774717e-001
  1.5438000e+003  9.9687858e-001
  1.5440000e+003  9.9595607e-001
  1.5442000e+003  9.9496087e-001
  1.5444000e+003  9.9388279e-001
  1.5446000e+003  9.9268880e-001
  1.5448000e+003  9.9132903e-001
  1.5450000e+003  9.8974670e-001
  1.5452000e+003  9.8787365e-001
  1.5454000e+003  9.8571749e-001
  1.5456000e+003  9.8329126e-001
  1.5458000e+003  9.8061779e-001
  1.5460000e+003  9.7772462e-001
  1.5462000e+003  9.7463882e-001
  1.5464000e+003  9.7142714e-001
  1.5466000e+003  9.6813065e-001
  1.5468000e+003  9.6475437e-001
  1.5470000e+003  9.6128047e-001
  1.5472000e+003  9.5769495e-001
  1.5474000e+003  9.5402153e-001
  1.5476000e+003  9.5025976e-001
  1.5478000e+003  9.4641177e-001
  1.5480000e+003  9.4245525e-001
  1.5482000e+003  9.3838090e-001
  1.5484000e+003  9.3418686e-001
  1.5486000e+003  9.2984151e-001
  1.5488000e+003  9.2527884e-001
  1.5490000e+003  9.2041499e-001
  1.5492000e+003  9.1520011e-001
  1.5494000e+003  9.0959997e-001
  1.5496000e+003  9.0359510e-001
  1.5498000e+003  8.9719502e-001
  1.5500000e+003  8.9043532e-001
  1.5502000e+003  8.8341651e-001
  1.5504000e+003  8.7624616e-001
  1.5506000e+003  8.6902498e-001
  1.5508000e+003  8.6183562e-001
  1.5510000e+003  8.5473937e-001
  1.5512000e+003  8.4779989e-001
  1.5514000e+003  8.4103878e-001
  1.5516000e+003  8.3444226e-001
  1.5518000e+003  8.2797020e-001
  1.5520000e+003  8.2157058e-001
  1.5522000e+003  8.1523391e-001
  1.5524000e+003  8.0892075e-001
  1.5526000e+003  8.0260687e-001
  1.5528000e+003  7.9624312e-001
  1.5530000e+003  7.8975990e-001
  1.5532000e+003  7.8307622e-001
  1.5534000e+003  7.7608424e-001
  1.5536000e+003  7.6862127e-001
  1.5538000e+003  7.6057354e-001
  1.5540000e+003  7.5189044e-001
  1.5542000e+003  7.4259552e-001
  1.5544000e+003  7.3279754e-001
  1.5546000e+003  7.2273970e-001
  1.5548000e+003  7.1271750e-001
  1.5550000e+003  7.0301927e-001
  1.5552000e+003  6.9390248e-001
  1.5554000e+003  6.8555120e-001
  1.5556000e+003  6.7803004e-001
  1.5558000e+003  6.7129719e-001
  1.5560000e+003  6.6523057e-001
  1.5562000e+003  6.5964540e-001
  1.5564000e+003  6.5435854e-001
  1.5566000e+003  6.4919875e-001
  1.5568000e+003  6.4397888e-001
  1.5570000e+003  6.3851484e-001
  1.5572000e+003  6.3265390e-001
  1.5574000e+003  6.2623006e-001
  1.5576000e+003  6.1910413e-001
  1.5578000e+003  6.1118441e-001
  1.5580000e+003  6.0243411e-001
  1.5582000e+003  5.9289573e-001
  1.5584000e+003  5.8274360e-001
  1.5586000e+003  5.7218842e-001
  1.5588000e+003  5.6145533e-001
  1.5590000e+003  5.5076357e-001
  1.5592000e+003  5.4031409e-001
  1.5594000e+003  5.3021588e-001
  1.5596000e+003  5.2053096e-001
  1.5598000e+003  5.1128376e-001
  1.5600000e+003  5.0248097e-001
  1.5602000e+003  4.9413230e-001
  1.5604000e+003  4.8628812e-001
  1.5606000e+003  4.7901396e-001
  1.5608000e+003  4.7233527e-001
  1.5610000e+003  4.6626865e-001
  1.5612000e+003  4.6078609e-001
  1.5614000e+003  4.5578828e-001
  1.5616000e+003  4.5116409e-001
  1.5618000e+003  4.4673776e-001
  1.5620000e+003  4.4236700e-001
  1.5622000e+003  4.3794422e-001
  1.5624000e+003  4.3340341e-001
  1.5626000e+003  4.2872008e-001
  1.5628000e+003  4.2388830e-001
  1.5630000e+003  4.1894133e-001
  1.5632000e+003  4.1390981e-001
  1.5634000e+003  4.0882389e-001
  1.5636000e+003  4.0370068e-001
  1.5638000e+003  3.9852688e-001
  1.5640000e+003  3.9327731e-001
  1.5642000e+003  3.8794248e-001
  1.5644000e+003  3.8251882e-001
  1.5646000e+003  3.7701107e-001
  1.5648000e+003  3.7143658e-001
  1.5650000e+003  3.6582861e-001
  1.5652000e+003  3.6025104e-001
  1.5654000e+003  3.5477440e-001
  1.5656000e+003  3.4944550e-001
  1.5658000e+003  3.4429878e-001
  1.5660000e+003  3.3935894e-001
  1.5662000e+003  3.3463761e-001
  1.5664000e+003  3.3013550e-001
  1.5666000e+003  3.2581367e-001
  1.5668000e+003  3.2163245e-001
  1.5670000e+003  3.1756428e-001
  1.5672000e+003  3.1359897e-001
  1.5674000e+003  3.0973221e-001
  1.5676000e+003  3.0594028e-001
  1.5678000e+003  3.0220227e-001
  1.5680000e+003  2.9849441e-001
  1.5682000e+003  2.9479107e-001
  1.5684000e+003  2.9105828e-001
  1.5686000e+003  2.8723143e-001
  1.5688000e+003  2.8325803e-001
  1.5690000e+003  2.7910461e-001
  1.5692000e+003  2.7476496e-001
  1.5694000e+003  2.7025857e-001
  1.5696000e+003  2.6562893e-001
  1.5698000e+003  2.6095558e-001
  1.5700000e+003  2.5635110e-001
  1.5702000e+003  2.5192287e-001
  1.5704000e+003  2.4775328e-001
  1.5706000e+003  2.4389484e-001
  1.5708000e+003  2.4037036e-001
  1.5710000e+003  2.3715249e-001
  1.5712000e+003  2.3418521e-001
  1.5714000e+003  2.3138633e-001
  1.5716000e+003  2.2867272e-001
  1.5718000e+003  2.2597549e-001
  1.5720000e+003  2.2325261e-001
  1.5722000e+003  2.2049458e-001
  1.5724000e+003  2.1769595e-001
  1.5726000e+003  2.1487640e-001
  1.5728000e+003  2.1205733e-001
  1.5730000e+003  2.0926034e-001
  1.5732000e+003  2.0651609e-001
  1.5734000e+003  2.0383478e-001
  1.5736000e+003  2.0122614e-001
  1.5738000e+003  1.9871133e-001
  1.5740000e+003  1.9631029e-001
  1.5742000e+003  1.9403181e-001
  1.5744000e+003  1.9187088e-001
  1.5746000e+003  1.8980213e-001
  1.5748000e+003  1.8778682e-001
  1.5750000e+003  1.8577838e-001
  1.5752000e+003  1.8371983e-001
  1.5754000e+003  1.8154752e-001
  1.5756000e+003  1.7921013e-001
  1.5758000e+003  1.7668510e-001
  1.5760000e+003  1.7398479e-001
  1.5762000e+003  1.7114149e-001
  1.5764000e+003  1.6820960e-001
  1.5766000e+003  1.6526132e-001
  1.5768000e+003  1.6238715e-001
  1.5770000e+003  1.5967282e-001
  1.5772000e+003  1.5716466e-001
  1.5774000e+003  1.5488332e-001
  1.5776000e+003  1.5282312e-001
  1.5778000e+003  1.5095434e-001
  1.5780000e+003  1.4922524e-001
  1.5782000e+003  1.4756524e-001
  1.5784000e+003  1.4591521e-001
  1.5786000e+003  1.4423599e-001
  1.5788000e+003  1.4251043e-001
  1.5790000e+003  1.4073999e-001
  1.5792000e+003  1.3893179e-001
  1.5794000e+003  1.3711005e-001
  1.5796000e+003  1.3528949e-001
  1.5798000e+003  1.3348295e-001
  1.5800000e+003  1.3169945e-001
  1.5802000e+003  1.2993494e-001
  1.5804000e+003  1.2818255e-001
  1.5806000e+003  1.2644727e-001
  1.5808000e+003  1.2473383e-001
  1.5810000e+003  1.2304700e-001
  1.5812000e+003  1.2139104e-001
  1.5814000e+003  1.1977071e-001
  1.5816000e+003  1.1818861e-001
  1.5818000e+003  1.1664524e-001
  1.5820000e+003  1.1513251e-001
  1.5822000e+003  1.1363948e-001
  1.5824000e+003  1.1215644e-001
  1.5826000e+003  1.1067720e-001
  1.5828000e+003  1.0920032e-001
  1.5830000e+003  1.0772298e-001
  1.5832000e+003  1.0624753e-001
  1.5834000e+003  1.0478016e-001
  1.5836000e+003  1.0332990e-001
  1.5838000e+003  1.0190884e-001
  1.5840000e+003  1.0052150e-001
  1.5842000e+003  9.9173131e-002
  1.5844000e+003  9.7867984e-002
  1.5846000e+003  9.6608922e-002
  1.5848000e+003  9.5397349e-002
  1.5850000e+003  9.4223313e-002
  1.5852000e+003  9.3078486e-002
  1.5854000e+003  9.1956463e-002
  1.5856000e+003  9.0852969e-002
  1.5858000e+003  8.9763243e-002
  1.5860000e+003  8.8681366e-002
  1.5862000e+003  8.7604471e-002
  1.5864000e+003  8.6531850e-002
  1.5866000e+003  8.5465883e-002
  1.5868000e+003  8.4407040e-002
  1.5870000e+003  8.3353177e-002
  1.5872000e+003  8.2304076e-002
  1.5874000e+003  8.1262567e-002
  1.5876000e+003  8.0231278e-002
  1.5878000e+003  7.9209015e-002
  1.5880000e+003  7.8194344e-002
  1.5882000e+003  7.7186327e-002
  1.5884000e+003  7.6185921e-002
  1.5886000e+003  7.5194760e-002
  1.5888000e+003  7.4210971e-002
  1.5890000e+003  7.3232890e-002
  1.5892000e+003  7.2260019e-002
  1.5894000e+003  7.1294052e-002
  1.5896000e+003  7.0338287e-002
  1.5898000e+003  6.9391307e-002
  1.5900000e+003  6.8452886e-002
  1.5902000e+003  6.7524675e-002
  1.5904000e+003  6.6609057e-002
  1.5906000e+003  6.5707685e-002
  1.5908000e+003  6.4817001e-002
  1.5910000e+003  6.3936300e-002
  1.5912000e+003  6.3064376e-002
  1.5914000e+003  6.2201955e-002
  1.5916000e+003  6.1346907e-002
  1.5918000e+003  6.0497307e-002
  1.5920000e+003  5.9651992e-002
  1.5922000e+003  5.8812135e-002
  1.5924000e+003  5.7982739e-002
  1.5926000e+003  5.7166632e-002
  1.5928000e+003  5.6367152e-002
  1.5930000e+003  5.5589051e-002
  1.5932000e+003  5.4836134e-002
  1.5934000e+003  5.4114319e-002
  1.5936000e+003  5.3423386e-002
  1.5938000e+003  5.2762379e-002
  1.5940000e+003  5.2129406e-002
  1.5942000e+003  5.1520890e-002
  1.5944000e+003  5.0933514e-002
  1.5946000e+003  5.0360154e-002
  1.5948000e+003  4.9795581e-002
  1.5950000e+003  4.9235520e-002
  1.5952000e+003  4.8677592e-002
  1.5954000e+003  4.8121805e-002
  1.5956000e+003  4.7564833e-002
  1.5958000e+003  4.7005958e-002
  1.5960000e+003  4.6444473e-002
  1.5962000e+003  4.5881564e-002
  1.5964000e+003  4.5317459e-002
  1.5966000e+003  4.4750983e-002
  1.5968000e+003  4.4182375e-002
  1.5970000e+003  4.3613289e-002
  1.5972000e+003  4.3047052e-002
  1.5974000e+003  4.2486992e-002
  1.5976000e+003  4.1935001e-002
  1.5978000e+003  4.1393709e-002
  1.5980000e+003  4.0867849e-002
  1.5982000e+003  4.0359562e-002
  1.5984000e+003  3.9868379e-002
  1.5986000e+003  3.9391692e-002
  1.5988000e+003  3.8924498e-002
  1.5990000e+003  3.8462057e-002
  1.5992000e+003  3.7997473e-002
  1.5994000e+003  3.7522918e-002
  1.5996000e+003  3.7031736e-002
  1.5998000e+003  3.6519653e-002
  1.6000000e+003  3.5985952e-002
  1.6002000e+003  3.5433732e-002
  1.6004000e+003  3.4867256e-002
  1.6006000e+003  3.4294614e-002
  1.6008000e+003  3.3725518e-002
  1.6010000e+003  3.3170687e-002
  1.6012000e+003  3.2641978e-002
  1.6014000e+003  3.2146990e-002
  1.6016000e+003  3.1691203e-002
  1.6018000e+003  3.1276261e-002
  1.6020000e+003  3.0900749e-002
  1.6022000e+003  3.0559915e-002
  1.6024000e+003  3.0244973e-002
  1.6026000e+003  2.9945940e-002
  1.6028000e+003  2.9652137e-002
  1.6030000e+003  2.9354997e-002
  1.6032000e+003  2.9046709e-002
  1.6034000e+003  2.8721785e-002
  1.6036000e+003  2.8379287e-002
  1.6038000e+003  2.8020880e-002
  1.6040000e+003  2.7652969e-002
  1.6042000e+003  2.7282209e-002
  1.6044000e+003  2.6914766e-002
  1.6046000e+003  2.6558491e-002
  1.6048000e+003  2.6220277e-002
  1.6050000e+003  2.5904617e-002
  1.6052000e+003  2.5611521e-002
  1.6054000e+003  2.5338141e-002
  1.6056000e+003  2.5079963e-002
  1.6058000e+003  2.4832235e-002
  1.6060000e+003  2.4588541e-002
  1.6062000e+003  2.4342955e-002
  1.6064000e+003  2.4091422e-002
  1.6066000e+003  2.3833951e-002
  1.6068000e+003  2.3572216e-002
  1.6070000e+003  2.3309754e-002
  1.6072000e+003  2.3050390e-002
  1.6074000e+003  2.2797442e-002
  1.6076000e+003  2.2554456e-002
  1.6078000e+003  2.2322647e-002
  1.6080000e+003  2.2100572e-002
  1.6082000e+003  2.1883717e-002
  1.6084000e+003  2.1665437e-002
  1.6086000e+003  2.1440990e-002
  1.6088000e+003  2.1204898e-002
  1.6090000e+003  2.0953364e-002
  1.6092000e+003  2.0684975e-002
  1.6094000e+003  2.0399719e-002
  1.6096000e+003  2.0102589e-002
  1.6098000e+003  1.9801185e-002
  1.6100000e+003  1.9501435e-002
  1.6102000e+003  1.9210003e-002
  1.6104000e+003  1.8932349e-002
  1.6106000e+003  1.8671790e-002
  1.6108000e+003  1.8430238e-002
  1.6110000e+003  1.8206031e-002
  1.6112000e+003  1.7996299e-002
  1.6114000e+003  1.7797026e-002
  1.6116000e+003  1.7604399e-002
  1.6118000e+003  1.7414630e-002
  1.6120000e+003  1.7222242e-002
  1.6122000e+003  1.7025102e-002
  1.6124000e+003  1.6820121e-002
  1.6126000e+003  1.6605886e-002
  1.6128000e+003  1.6382625e-002
  1.6130000e+003  1.6150567e-002
  1.6132000e+003  1.5913050e-002
  1.6134000e+003  1.5675065e-002
  1.6136000e+003  1.5443008e-002
  1.6138000e+003  1.5223074e-002
  1.6140000e+003  1.5020703e-002
  1.6142000e+003  1.4842571e-002
  1.6144000e+003  1.4692701e-002
  1.6146000e+003  1.4574649e-002
  1.6148000e+003  1.4489862e-002
  1.6150000e+003  1.4439035e-002
  1.6152000e+003  1.4420745e-002
  1.6154000e+003  1.4433098e-002
  1.6156000e+003  1.4469908e-002
  1.6158000e+003  1.4520734e-002
  1.6160000e+003  1.4573225e-002
  1.6162000e+003  1.4611948e-002
  1.6164000e+003  1.4620256e-002
  1.6166000e+003  1.4583914e-002
  1.6168000e+003  1.4492472e-002
  1.6170000e+003  1.4343309e-002
  1.6172000e+003  1.4142134e-002
  1.6174000e+003  1.3900344e-002
  1.6176000e+003  1.3631954e-002
  1.6178000e+003  1.3354778e-002
  1.6180000e+003  1.3083290e-002
  1.6182000e+003  1.2826776e-002
  1.6184000e+003  1.2589498e-002
  1.6186000e+003  1.2372174e-002
  1.6188000e+003  1.2172185e-002
  1.6190000e+003  1.1982885e-002
  1.6192000e+003  1.1802132e-002
  1.6194000e+003  1.1628273e-002
  1.6196000e+003  1.1461537e-002
  1.6198000e+003  1.1303827e-002
  1.6200000e+003  1.1157991e-002
  1.6202000e+003  1.1025694e-002
  1.6204000e+003  1.0911220e-002
  1.6206000e+003  1.0816689e-002
  1.6208000e+003  1.0743527e-002
  1.6210000e+003  1.0693647e-002
  1.6212000e+003  1.0667287e-002
  1.6214000e+003  1.0663492e-002
  1.6216000e+003  1.0677498e-002
  1.6218000e+003  1.0701726e-002
  1.6220000e+003  1.0726901e-002
  1.6222000e+003  1.0742342e-002
  1.6224000e+003  1.0735926e-002
  1.6226000e+003  1.0695550e-002
  1.6228000e+003  1.0612426e-002
  1.6230000e+003  1.0482500e-002
  1.6232000e+003  1.0307456e-002
  1.6234000e+003  1.0092503e-002
  1.6236000e+003  9.8473850e-003
  1.6238000e+003  9.5865970e-003
  1.6240000e+003  9.3260370e-003
  1.6242000e+003  9.0792560e-003
  1.6244000e+003  8.8583660e-003
  1.6246000e+003  8.6716860e-003
  1.6248000e+003  8.5230010e-003
  1.6250000e+003  8.4108870e-003
  1.6252000e+003  8.3294270e-003
  1.6254000e+003  8.2714670e-003
  1.6256000e+003  8.2282420e-003
  1.6258000e+003  8.1921390e-003
  1.6260000e+003  8.1569830e-003
  1.6262000e+003  8.1201730e-003
  1.6264000e+003  8.0795570e-003
  1.6266000e+003  8.0349070e-003
  1.6268000e+003  7.9866900e-003
  1.6270000e+003  7.9342000e-003
  1.6272000e+003  7.8783820e-003
  1.6274000e+003  7.8187690e-003
  1.6276000e+003  7.7570140e-003
  1.6278000e+003  7.6950190e-003
  1.6280000e+003  7.6354060e-003
  1.6282000e+003  7.5826770e-003
  1.6284000e+003  7.5403970e-003
  1.6286000e+003  7.5126030e-003
  1.6288000e+003  7.5026310e-003
  1.6290000e+003  7.5133200e-003
  1.6292000e+003  7.5451490e-003
  1.6294000e+003  7.5983470e-003
  1.6296000e+003  7.6703130e-003
  1.6298000e+003  7.7574820e-003
  1.6300000e+003  7.8539150e-003
  1.6302000e+003  7.9522510e-003
  1.6304000e+003  8.0434550e-003
  1.6306000e+003  8.1170850e-003
  1.6308000e+003  8.1626910e-003
  1.6310000e+003  8.1714780e-003
  1.6312000e+003  8.1363210e-003
  1.6314000e+003  8.0539050e-003
  1.6316000e+003  7.9249350e-003
  1.6318000e+003  7.7546330e-003
  1.6320000e+003  7.5553610e-003
  1.6322000e+003  7.3408860e-003
  1.6324000e+003  7.1271190e-003
  1.6326000e+003  6.9285540e-003
  1.6328000e+003  6.7587300e-003
  1.6330000e+003  6.6269110e-003
  1.6332000e+003  6.5347610e-003
  1.6334000e+003  6.4772800e-003
  1.6336000e+003  6.4456900e-003
  1.6338000e+003  6.4269210e-003
  1.6340000e+003  6.4086410e-003
  1.6342000e+003  6.3796610e-003
  1.6344000e+003  6.3350110e-003
  1.6346000e+003  6.2770510e-003
  1.6348000e+003  6.2131640e-003
  1.6350000e+003  6.1549660e-003
  1.6352000e+003  6.1148280e-003
  1.6354000e+003  6.1058030e-003
  1.6356000e+003  6.1352600e-003
  1.6358000e+003  6.2036600e-003
  1.6360000e+003  6.3043670e-003
  1.6362000e+003  6.4259750e-003
  1.6364000e+003  6.5528130e-003
  1.6366000e+003  6.6653950e-003
  1.6368000e+003  6.7473330e-003
  1.6370000e+003  6.7879490e-003
  1.6372000e+003  6.7829580e-003
  1.6374000e+003  6.7330770e-003
  1.6376000e+003  6.6454410e-003
  1.6378000e+003  6.5342830e-003
  1.6380000e+003  6.4141000e-003
  1.6382000e+003  6.2991370e-003
  1.6384000e+003  6.2000940e-003
  1.6386000e+003  6.1238540e-003
  1.6388000e+003  6.0727880e-003
  1.6390000e+003  6.0435790e-003
  1.6392000e+003  6.0286160e-003
  1.6394000e+003  6.0207760e-003
  1.6396000e+003  6.0129360e-003
  1.6398000e+003  5.9984510e-003
  1.6400000e+003  5.9723200e-003
  1.6402000e+003  5.9319440e-003
  1.6404000e+003  5.8768430e-003
  1.6406000e+003  5.8089110e-003
  1.6408000e+003  5.7321930e-003
  1.6410000e+003  5.6507230e-003
  1.6412000e+003  5.5711560e-003
  1.6414000e+003  5.5003750e-003
  1.6416000e+003  5.4443280e-003
  1.6418000e+003  5.4068000e-003
  1.6420000e+003  5.3906420e-003
  1.6422000e+003  5.3961110e-003
  1.6424000e+003  5.4212850e-003
  1.6426000e+003  5.4611840e-003
  1.6428000e+003  5.5103570e-003
  1.6430000e+003  5.5628470e-003
  1.6432000e+003  5.6131960e-003
  1.6434000e+003  5.6561920e-003
  1.6436000e+003  5.6880110e-003
  1.6438000e+003  5.7041700e-003
  1.6440000e+003  5.7022670e-003
  1.6442000e+003  5.6811270e-003
  1.6444000e+003  5.6400340e-003
  1.6446000e+003  5.5818450e-003
  1.6448000e+003  5.5127280e-003
  1.6450000e+003  5.4426640e-003
  1.6452000e+003  5.3828120e-003
  1.6454000e+003  5.3438500e-003
  1.6456000e+003  5.3353020e-003
  1.6458000e+003  5.3628580e-003
  1.6460000e+003  5.4262760e-003
  1.6462000e+003  5.5179580e-003
  1.6464000e+003  5.6255490e-003
  1.6466000e+003  5.7331400e-003
  1.6468000e+003  5.8233960e-003
  1.6470000e+003  5.8801610e-003
  1.6472000e+003  5.8913280e-003
  1.6474000e+003  5.8545080e-003
  1.6476000e+003  5.7742330e-003
  1.6478000e+003  5.6614120e-003
  1.6480000e+003  5.5312570e-003
  1.6482000e+003  5.4018090e-003
  1.6484000e+003  5.2930230e-003
  1.6486000e+003  5.2182080e-003
  1.6488000e+003  5.1863790e-003
  1.6490000e+003  5.2011130e-003
  1.6492000e+003  5.2600090e-003
  1.6494000e+003  5.3538320e-003
  1.6496000e+003  5.4692630e-003
  1.6498000e+003  5.5918170e-003
  1.6500000e+003  5.7082040e-003
  1.6502000e+003  5.8067700e-003
  1.6504000e+003  5.8787360e-003
  1.6506000e+003  5.9207760e-003
  1.6508000e+003  5.9321830e-003
  1.6510000e+003  5.9157950e-003
  1.6512000e+003  5.8749400e-003
  1.6514000e+003  5.8100970e-003
  1.6516000e+003  5.7200790e-003
  1.6518000e+003  5.6027450e-003
  1.6520000e+003  5.4526360e-003
  1.6522000e+003  5.2680880e-003
  1.6524000e+003  5.0531350e-003
  1.6526000e+003  4.8165750e-003
  1.6528000e+003  4.5728810e-003
  1.6530000e+003  4.3484250e-003
  1.6532000e+003  4.1662580e-003
  1.6534000e+003  4.0427470e-003
  1.6536000e+003  3.9871690e-003
  1.6538000e+003  3.9983260e-003
  1.6540000e+003  4.0610380e-003
  1.6542000e+003  4.1512850e-003
  1.6544000e+003  4.2424980e-003
  1.6546000e+003  4.3113760e-003
  1.6548000e+003  4.3434440e-003
  1.6550000e+003  4.3332230e-003
  1.6552000e+003  4.2833520e-003
  1.6554000e+003  4.2049700e-003
  1.6556000e+003  4.1132890e-003
  1.6558000e+003  4.0197050e-003
  1.6560000e+003  3.9327760e-003
  1.6562000e+003  3.8579600e-003
  1.6564000e+003  3.7971510e-003
  1.6566000e+003  3.7472710e-003
  1.6568000e+003  3.7087970e-003
  1.6570000e+003  3.6802960e-003
  1.6572000e+003  3.6612980e-003
  1.6574000e+003  3.6520330e-003
  1.6576000e+003  3.6529790e-003
  1.6578000e+003  3.6620050e-003
  1.6580000e+003  3.6774460e-003
  1.6582000e+003  3.6974010e-003
  1.6584000e+003  3.7199650e-003
  1.6586000e+003  3.7444220e-003
  1.6588000e+003  3.7712700e-003
  1.6590000e+003  3.8019030e-003
  1.6592000e+003  3.8375280e-003
  1.6594000e+003  3.8788610e-003
  1.6596000e+003  3.9251740e-003
  1.6598000e+003  3.9757620e-003
  1.6600000e+003  4.0275450e-003
  1.6602000e+003  4.0774250e-003
  1.6604000e+003  4.1218370e-003
  1.6606000e+003  4.1581780e-003
  1.6608000e+003  4.1850160e-003
  1.6610000e+003  4.2025900e-003
  1.6612000e+003  4.2106690e-003
  1.6614000e+003  4.2109080e-003
  1.6616000e+003  4.2063950e-003
  1.6618000e+003  4.1995010e-003
  1.6620000e+003  4.1923780e-003
  1.6622000e+003  4.1862020e-003
  1.6624000e+003  4.1831140e-003
  1.6626000e+003  4.1812210e-003
  1.6628000e+003  4.1790790e-003
  1.6630000e+003  4.1750440e-003
  1.6632000e+003  4.1672040e-003
  1.6634000e+003  4.1548510e-003
  1.6636000e+003  4.1377560e-003
  1.6638000e+003  4.1180410e-003
  1.6640000e+003  4.0976090e-003
  1.6642000e+003  4.0793180e-003
  1.6644000e+003  4.0664970e-003
  1.6646000e+003  4.0622230e-003
  1.6648000e+003  4.0681610e-003
  1.6650000e+003  4.0854950e-003
  1.6652000e+003  4.1137570e-003
  1.6654000e+003  4.1515240e-003
  1.6656000e+003  4.1959450e-003
  1.6658000e+003  4.2422590e-003
  1.6660000e+003  4.2866700e-003
  1.6662000e+003  4.3246750e-003
  1.6664000e+003  4.3524700e-003
  1.6666000e+003  4.3671940e-003
  1.6668000e+003  4.3674330e-003
  1.6670000e+003  4.3536550e-003
  1.6672000e+003  4.3303740e-003
  1.6674000e+003  4.3016330e-003
  1.6676000e+003  4.2743270e-003
  1.6678000e+003  4.2546120e-003
  1.6680000e+003  4.2498600e-003
  1.6682000e+003  4.2648230e-003
  1.6684000e+003  4.3030570e-003
  1.6686000e+003  4.3624420e-003
  1.6688000e+003  4.4391600e-003
  1.6690000e+003  4.5251430e-003
  1.6692000e+003  4.6099310e-003
  1.6694000e+003  4.6799940e-003
  1.6696000e+003  4.7236980e-003
  1.6698000e+003  4.7332020e-003
  1.6700000e+003  4.7056470e-003
  1.6702000e+003  4.6424670e-003
  1.6704000e+003  4.5500780e-003
  1.6706000e+003  4.4389210e-003
  1.6708000e+003  4.3201620e-003
  1.6710000e+003  4.2023500e-003
  1.6712000e+003  4.0912030e-003
  1.6714000e+003  3.9895400e-003
  1.6716000e+003  3.8954870e-003
  1.6718000e+003  3.8047520e-003
  1.6720000e+003  3.7111780e-003
  1.6722000e+003  3.6116570e-003
  1.6724000e+003  3.5035880e-003
  1.6726000e+003  3.3864930e-003
  1.6728000e+003  3.2608410e-003
  1.6730000e+003  3.1299780e-003
  1.6732000e+003  2.9955390e-003
  1.6734000e+003  2.8615790e-003
  1.6736000e+003  2.7314240e-003
  1.6738000e+003  2.6102940e-003
  1.6740000e+003  2.5029330e-003
  1.6742000e+003  2.4164810e-003
  1.6744000e+003  2.3559120e-003
  1.6746000e+003  2.3238440e-003
  1.6748000e+003  2.3219510e-003
  1.6750000e+003  2.3473640e-003
  1.6752000e+003  2.3941460e-003
  1.6754000e+003  2.4525840e-003
  1.6756000e+003  2.5114800e-003
  1.6758000e+003  2.5604140e-003
  1.6760000e+003  2.5910470e-003
  1.6762000e+003  2.5962780e-003
  1.6764000e+003  2.5732350e-003
  1.6766000e+003  2.5231260e-003
  1.6768000e+003  2.4506810e-003
  1.6770000e+003  2.3613710e-003
  1.6772000e+003  2.2632840e-003
  1.6774000e+003  2.1649480e-003
  1.6776000e+003  2.0758760e-003
  1.6778000e+003  2.0048660e-003
  1.6780000e+003  1.9585430e-003
  1.6782000e+003  1.9409690e-003
  1.6784000e+003  1.9540300e-003
  1.6786000e+003  1.9977340e-003
  1.6788000e+003  2.0682750e-003
  1.6790000e+003  2.1599570e-003
  1.6792000e+003  2.2658940e-003
  1.6794000e+003  2.3770510e-003
  1.6796000e+003  2.4841640e-003
  1.6798000e+003  2.5791730e-003
  1.6800000e+003  2.6539880e-003
  1.6802000e+003  2.7041080e-003
  1.6804000e+003  2.7271500e-003
  1.6806000e+003  2.7240620e-003
  1.6808000e+003  2.6976920e-003
  1.6810000e+003  2.6549440e-003
  1.6812000e+003  2.6029220e-003
  1.6814000e+003  2.5494860e-003
  1.6816000e+003  2.5007910e-003
  1.6818000e+003  2.4616100e-003
  1.6820000e+003  2.4357180e-003
  1.6822000e+003  2.4252680e-003
  1.6824000e+003  2.4316730e-003
  1.6826000e+003  2.4549550e-003
  1.6828000e+003  2.4948530e-003
  1.6830000e+003  2.5520960e-003
  1.6832000e+003  2.6235940e-003
  1.6834000e+003  2.7045860e-003
  1.6836000e+003  2.7874810e-003
  1.6838000e+003  2.8615790e-003
  1.6840000e+003  2.9150260e-003
  1.6842000e+003  2.9387750e-003
  1.6844000e+003  2.9254760e-003
  1.6846000e+003  2.8710830e-003
  1.6848000e+003  2.7810650e-003
  1.6850000e+003  2.6634920e-003
  1.6852000e+003  2.5297700e-003
  1.6854000e+003  2.3927220e-003
  1.6856000e+003  2.2637520e-003
  1.6858000e+003  2.1523560e-003
  1.6860000e+003  2.0635330e-003
  1.6862000e+003  1.9996360e-003
  1.6864000e+003  1.9599770e-003
  1.6866000e+003  1.9426330e-003
  1.6868000e+003  1.9454820e-003
  1.6870000e+003  1.9647190e-003
  1.6872000e+003  1.9951230e-003
  1.6874000e+003  2.0324120e-003
  1.6876000e+003  2.0711340e-003
  1.6878000e+003  2.1046170e-003
  1.6880000e+003  2.1269420e-003
  1.6882000e+003  2.1328800e-003
  1.6884000e+003  2.1207660e-003
  1.6886000e+003  2.0917960e-003
  1.6888000e+003  2.0492780e-003
  1.6890000e+003  1.9989290e-003
  1.6892000e+003  1.9471460e-003
  1.6894000e+003  1.9008320e-003
  1.6896000e+003  1.8647290e-003
  1.6898000e+003  1.8421650e-003
  1.6900000e+003  1.8340860e-003
  1.6902000e+003  1.8388380e-003
  1.6904000e+003  1.8528540e-003
  1.6906000e+003  1.8716130e-003
  1.6908000e+003  1.8901430e-003
  1.6910000e+003  1.9048670e-003
  1.6912000e+003  1.9124680e-003
  1.6914000e+003  1.9129460e-003
  1.6916000e+003  1.9058230e-003
  1.6918000e+003  1.8941770e-003
  1.6920000e+003  1.8813560e-003
  1.6922000e+003  1.8704280e-003
  1.6924000e+003  1.8644900e-003
  1.6926000e+003  1.8654370e-003
  1.6928000e+003  1.8758870e-003
  1.6930000e+003  1.8956020e-003
  1.6932000e+003  1.9241040e-003
  1.6934000e+003  1.9599770e-003
  1.6936000e+003  2.0015390e-003
  1.6938000e+003  2.0478530e-003
  1.6940000e+003  2.0948840e-003
  1.6942000e+003  2.1407200e-003
  1.6944000e+003  2.1815740e-003
  1.6946000e+003  2.2148280e-003
  1.6948000e+003  2.2390560e-003
  1.6950000e+003  2.2542580e-003
  1.6952000e+003  2.2628060e-003
  1.6954000e+003  2.2704070e-003
  1.6956000e+003  2.2818030e-003
  1.6958000e+003  2.3017570e-003
  1.6960000e+003  2.3326300e-003
  1.6962000e+003  2.3739630e-003
  1.6964000e+003  2.4205160e-003
  1.6966000e+003  2.4644590e-003
  1.6968000e+003  2.4984200e-003
  1.6970000e+003  2.5145680e-003
  1.6972000e+003  2.5072060e-003
  1.6974000e+003  2.4746700e-003
  1.6976000e+003  2.4183740e-003
  1.6978000e+003  2.3399920e-003
  1.6980000e+003  2.2435690e-003
  1.6982000e+003  2.1331190e-003
  1.6984000e+003  2.0119890e-003
  1.6986000e+003  1.8872940e-003
  1.6988000e+003  1.7711450e-003
  1.6990000e+003  1.6751900e-003
  1.6992000e+003  1.6150990e-003
  1.6994000e+003  1.6048870e-003
  1.6996000e+003  1.6519190e-003
  1.6998000e+003  1.7545180e-003
  1.7000000e+003  1.8989290e-003
