     8.8 0.009686
   8.825 0.001128
    8.85       0
   8.875 0.0002819
     8.9 0.0006582
   8.925 0.0003759
    8.95       0
   8.975 0.000188
       9       0
   9.025       0
    9.05 0.000188
   9.075 0.0003759
     9.1 0.0002819
   9.125 0.0009401
    9.15 0.0009401
   9.175 0.001222
     9.2 0.001222
   9.225 0.001316
    9.25 0.001975
   9.275 0.001881
     9.3 0.002163
   9.325 0.002069
    9.35 0.002539
   9.375 0.002539
     9.4 0.002821
   9.425 0.002915
    9.45 0.002821
   9.475 0.003103
     9.5 0.003667
   9.525 0.003573
    9.55 0.003855
   9.575 0.004326
     9.6 0.004984
   9.625 0.004984
    9.65 0.005736
   9.675 0.006018
     9.7 0.006959
   9.725 0.007711
    9.75 0.008181
   9.775 0.00978
     9.8 0.01016
   9.825 0.01166
    9.85 0.01232
   9.875 0.01486
     9.9 0.01627
   9.925 0.01956
    9.95 0.02031
   9.975  0.0253
      10 0.02784
   10.03  0.0331
   10.05 0.03912
   10.08 0.04457
    10.1 0.05379
   10.13 0.05906
   10.15  0.0741
   10.17 0.07805
    10.2 0.09695
   10.23  0.1067
   10.25  0.1248
   10.27   0.151
    10.3  0.1648
   10.33  0.2035
   10.35  0.2167
   10.38  0.2585
    10.4  0.2728
   10.43  0.2899
   10.45  0.2955
   10.47   0.306
    10.5    0.38
   10.53  0.4389
   10.55  0.5764
   10.57  0.7097
    10.6  0.8172
   10.63  0.9188
   10.65  0.9568
   10.68  0.9957
    10.7       1
   10.73  0.9805
   10.75  0.9625
   10.77   0.913
    10.8   0.862
   10.82  0.8252
   10.85   0.772
   10.88  0.7514
    10.9  0.7175
   10.92  0.6924
   10.95  0.6912
   10.97  0.6684
      11  0.6672
   11.02  0.6672
   11.05  0.6483
   11.07  0.6499
    11.1  0.6338
   11.12  0.6114
   11.15  0.5963
   11.18  0.5691
    11.2  0.5412
   11.22   0.515
   11.25  0.4897
   11.28  0.4543
    11.3  0.4264
   11.32  0.3961
   11.35  0.3564
   11.37  0.3268
    11.4  0.2826
   11.42  0.2469
   11.45  0.2195
   11.47  0.1746
    11.5  0.1516
   11.52    0.13
   11.55  0.1011
   11.58  0.0868
    11.6 0.07109
   11.63 0.05727
   11.65 0.04852
   11.67 0.03809
    11.7 0.03066
   11.73 0.02586
   11.75 0.01994
   11.78 0.01608
    11.8 0.01439
   11.82 0.01147
   11.85 0.009121
   11.87 0.008933
    11.9 0.007617
   11.92 0.005736
   11.95 0.005266
   11.97 0.004702
      12 0.003949
   12.02 0.003385
   12.05 0.002821
   12.07 0.002727
    12.1 0.002163
   12.12 0.001787
   12.15 0.001599
   12.17 0.001881
    12.2 0.001599
   12.22 0.001034
   12.25 0.001128
   12.27 0.001222
    12.3 0.001034
   12.32 0.0007522
   12.35 0.001034
   12.37 0.001128
    12.4 0.001316
   12.42 0.001504
   12.45 0.001881
   12.47 0.002445
    12.5 0.002915
   12.52 0.003291
   12.55 0.003197
   12.57 0.003197
    12.6 0.003573
   12.62 0.003761
   12.65 0.004138
   12.67 0.004702
    12.7 0.005172
   12.72 0.00536
   12.75 0.00536
   12.77 0.005736
    12.8 0.00583
   12.82 0.005548
   12.85 0.00536
   12.87 0.005266
    12.9 0.00536
   12.92 0.005454
   12.95 0.00536
   12.97 0.005642
      13 0.005736
   13.02 0.005924
   13.05  0.0063
   13.07 0.006488
    13.1 0.006582
   13.12 0.007053
   13.15 0.007053
   13.17 0.007147
    13.2 0.007523
   13.22 0.007147
   13.25 0.007805
   13.27 0.007993
    13.3 0.007993
   13.32 0.008087
   13.35 0.008369
   13.37 0.008275
    13.4 0.008369
   13.42 0.008275
   13.45 0.008275
   13.47 0.008181
    13.5 0.008275
   13.52 0.007711
   13.55 0.007711
   13.57 0.007335
    13.6 0.007147
   13.62 0.007147
   13.65 0.006959
   13.67 0.006488
    13.7 0.006582
   13.72 0.006488
   13.75 0.006488
   13.77 0.006488
