       3 0.0001774
    3.01 0.0003547
    3.02 0.0005326
    3.03 0.001065
    3.04 0.001065
    3.05 0.0008874
    3.06 0.0005326
    3.07 0.00071
    3.08 0.0008874
    3.09 0.0003547
     3.1 0.00071
    3.11 0.00142
    3.12 0.0008874
    3.13       0
    3.14 0.0008874
    3.15 0.001065
    3.16 0.00071
    3.17 0.0008874
    3.18 0.0008874
    3.19 0.001065
     3.2 0.0003547
    3.21 0.00142
    3.22 0.00071
    3.23 0.0008874
    3.24 0.001242
    3.25 0.001065
    3.26 0.00071
    3.27 0.001065
    3.28 0.0005326
    3.29 0.001065
     3.3 0.001242
    3.31 0.001065
    3.32 0.001597
    3.33 0.002129
    3.34 0.00142
    3.35 0.002485
    3.36 0.002839
    3.37 0.003549
    3.38 0.004081
    3.39 0.005146
     3.4 0.005856
    3.41 0.007986
    3.42 0.009228
    3.43 0.01225
    3.44 0.01562
    3.45  0.0197
    3.46 0.02609
    3.47 0.03283
    3.48 0.04348
    3.49 0.05643
     3.5 0.07507
    3.51 0.09246
    3.52  0.1278
    3.53  0.1656
    3.54  0.2144
    3.55  0.2701
    3.56  0.3214
    3.57  0.3862
    3.58  0.4387
    3.59  0.4664
     3.6  0.5084
    3.61  0.5443
    3.62  0.5675
    3.63  0.5872
    3.64  0.5991
    3.65  0.6101
    3.66  0.6234
    3.67  0.6382
    3.68  0.6582
    3.69  0.6735
     3.7  0.7045
    3.71  0.7246
    3.72  0.7556
    3.73  0.7815
    3.74  0.8046
    3.75  0.8303
    3.76  0.8445
    3.77  0.8765
    3.78  0.8983
    3.79  0.9205
     3.8  0.9439
    3.81  0.9565
    3.82  0.9755
    3.83  0.9856
    3.84  0.9918
    3.85  0.9995
    3.86       1
    3.87  0.9945
    3.88   0.975
    3.89  0.9507
     3.9  0.9015
    3.91  0.8605
    3.92  0.7785
    3.93  0.7042
    3.94   0.647
    3.95  0.5517
    3.96  0.4823
    3.97   0.416
    3.98  0.3693
    3.99  0.2969
       4  0.2522
    4.01  0.2142
    4.02  0.1787
    4.03  0.1526
    4.04  0.1311
    4.05  0.1079
    4.06 0.09441
    4.07 0.07737
    4.08 0.06957
    4.09 0.05714
     4.1 0.05146
    4.11 0.04241
    4.12 0.03744
    4.13  0.0339
    4.14  0.0291
    4.15 0.02591
    4.16 0.02183
    4.17 0.01988
    4.18 0.01686
    4.19 0.01562
     4.2 0.01455
    4.21 0.01225
    4.22 0.01136
    4.23 0.01012
    4.24 0.01029
    4.25 0.007454
    4.26 0.007276
    4.27 0.006389
    4.28 0.004791
    4.29 0.003372
     4.3 0.00142
    4.31 0.001242
    4.32 0.0003547
    4.33 0.001242
    4.34 0.0003547
    4.35 0.00071
    4.36 0.0005326
    4.37 0.0008874
    4.38 0.0001774
    4.39 0.0005326
     4.4 0.0005326
    4.41 0.0001774
    4.42 0.0008874
    4.43 0.001597
    4.44 0.001775
    4.45 0.002307
    4.46 0.002485
    4.47 0.00142
    4.48 0.001775
    4.49 0.001597
