  8.0000000e+002  2.4590400e-001
  8.0020000e+002  2.7463400e-001
  8.0040000e+002  2.9630600e-001
  8.0060000e+002  3.0760700e-001
  8.0080000e+002  3.0574700e-001
  8.0100000e+002  2.8948700e-001
  8.0120000e+002  2.6097200e-001
  8.0140000e+002  2.2568700e-001
  8.0160000e+002  1.9176000e-001
  8.0180000e+002  1.6703600e-001
  8.0200000e+002  1.5714100e-001
  8.0220000e+002  1.6293500e-001
  8.0240000e+002  1.8069700e-001
  8.0260000e+002  2.0310800e-001
  8.0280000e+002  2.2215800e-001
  8.0300000e+002  2.3112200e-001
  8.0320000e+002  2.2616300e-001
  8.0340000e+002  2.0740000e-001
  8.0360000e+002  1.7874200e-001
  8.0380000e+002  1.4755700e-001
  8.0400000e+002  1.2183100e-001
  8.0420000e+002  1.0795500e-001
  8.0440000e+002  1.0814600e-001
  8.0460000e+002  1.1894700e-001
  8.0480000e+002  1.3325200e-001
  8.0500000e+002  1.4369400e-001
  8.0520000e+002  1.4767600e-001
  8.0540000e+002  1.4727100e-001
  8.0560000e+002  1.4715100e-001
  8.0580000e+002  1.4955900e-001
  8.0600000e+002  1.5277800e-001
  8.0620000e+002  1.5318300e-001
  8.0640000e+002  1.4944000e-001
  8.0660000e+002  1.4429000e-001
  8.0680000e+002  1.4271700e-001
  8.0700000e+002  1.4760400e-001
  8.0720000e+002  1.5771300e-001
  8.0740000e+002  1.6844200e-001
  8.0760000e+002  1.7740700e-001
  8.0780000e+002  1.8656200e-001
  8.0800000e+002  2.0017600e-001
  8.0820000e+002  2.1862900e-001
  8.0840000e+002  2.3543800e-001
  8.0860000e+002  2.3944300e-001
  8.0880000e+002  2.2301600e-001
  8.0900000e+002  1.8765900e-001
  8.0920000e+002  1.4555400e-001
  8.0940000e+002  1.1208000e-001
  8.0960000e+002  9.8609000e-002
  8.0980000e+002  1.0616700e-001
  8.1000000e+002  1.2779200e-001
  8.1020000e+002  1.5294500e-001
  8.1040000e+002  1.7287700e-001
  8.1060000e+002  1.8289000e-001
  8.1080000e+002  1.8148400e-001
  8.1100000e+002  1.7001600e-001
  8.1120000e+002  1.5251600e-001
  8.1140000e+002  1.3437200e-001
  8.1160000e+002  1.2047200e-001
  8.1180000e+002  1.1346300e-001
  8.1200000e+002  1.1265200e-001
  8.1220000e+002  1.1487000e-001
  8.1240000e+002  1.1785000e-001
  8.1260000e+002  1.2185500e-001
  8.1280000e+002  1.2900800e-001
  8.1300000e+002  1.4140600e-001
  8.1320000e+002  1.5904900e-001
  8.1340000e+002  1.7945700e-001
  8.1360000e+002  2.0022300e-001
  8.1380000e+002  2.1991700e-001
  8.1400000e+002  2.3822700e-001
  8.1420000e+002  2.5627600e-001
  8.1440000e+002  2.7639800e-001
  8.1460000e+002  3.0164700e-001
  8.1480000e+002  3.3383300e-001
  8.1500000e+002  3.7024000e-001
  8.1520000e+002  4.0194900e-001
  8.1540000e+002  4.1506200e-001
  8.1560000e+002  3.9649000e-001
  8.1580000e+002  3.4253500e-001
  8.1600000e+002  2.6280800e-001
  8.1620000e+002  1.7926600e-001
  8.1640000e+002  1.1513200e-001
  8.1660000e+002  8.7118000e-002
  8.1680000e+002  9.9086000e-002
  8.1700000e+002  1.4376600e-001
  8.1720000e+002  2.0797200e-001
  8.1740000e+002  2.7842500e-001
  8.1760000e+002  3.4534900e-001
  8.1780000e+002  4.0285500e-001
  8.1800000e+002  4.4767800e-001
  8.1820000e+002  4.7819600e-001
  8.1840000e+002  4.9388400e-001
  8.1860000e+002  4.9614900e-001
  8.1880000e+002  4.8830500e-001
  8.1900000e+002  4.7538200e-001
  8.1920000e+002  4.6341400e-001
  8.1940000e+002  4.5704800e-001
  8.1960000e+002  4.5866900e-001
  8.1980000e+002  4.6737100e-001
  8.2000000e+002  4.8015100e-001
  8.2020000e+002  4.9324000e-001
  8.2040000e+002  5.0442200e-001
  8.2060000e+002  5.1248000e-001
  8.2080000e+002  5.1643800e-001
  8.2100000e+002  5.1574700e-001
  8.2120000e+002  5.1057300e-001
  8.2140000e+002  5.0268100e-001
  8.2160000e+002  4.9462300e-001
  8.2180000e+002  4.8823300e-001
  8.2200000e+002  4.8265400e-001
  8.2220000e+002  4.7357000e-001
  8.2240000e+002  4.5461600e-001
  8.2260000e+002  4.2061800e-001
  8.2280000e+002  3.7150300e-001
  8.2300000e+002  3.1495000e-001
  8.2320000e+002  2.6569300e-001
  8.2340000e+002  2.3813200e-001
  8.2360000e+002  2.4032500e-001
  8.2380000e+002  2.6888800e-001
  8.2400000e+002  3.1144600e-001
  8.2420000e+002  3.5340700e-001
  8.2440000e+002  3.8597500e-001
  8.2460000e+002  4.1048500e-001
  8.2480000e+002  4.3470800e-001
  8.2500000e+002  4.6572600e-001
  8.2520000e+002  5.0382600e-001
  8.2540000e+002  5.4168700e-001
  8.2560000e+002  5.6834200e-001
  8.2580000e+002  5.7480300e-001
  8.2600000e+002  5.5665900e-001
  8.2620000e+002  5.1593700e-001
  8.2640000e+002  4.6052900e-001
  8.2660000e+002  4.0328500e-001
  8.2680000e+002  3.5879600e-001
  8.2700000e+002  3.3860200e-001
  8.2720000e+002  3.4744700e-001
  8.2740000e+002  3.8084900e-001
  8.2760000e+002  4.2812800e-001
  8.2780000e+002  4.7640800e-001
  8.2800000e+002  5.1622300e-001
  8.2820000e+002  5.4318900e-001
  8.2840000e+002  5.5761300e-001
  8.2860000e+002  5.6180900e-001
  8.2880000e+002  5.5921000e-001
  8.2900000e+002  5.5403700e-001
  8.2920000e+002  5.5022200e-001
  8.2940000e+002  5.4986400e-001
  8.2960000e+002  5.5158100e-001
  8.2980000e+002  5.5053200e-001
  8.3000000e+002  5.4125700e-001
  8.3020000e+002  5.2146900e-001
  8.3040000e+002  4.9464700e-001
  8.3060000e+002  4.6935000e-001
  8.3080000e+002  4.5547400e-001
  8.3100000e+002  4.5893100e-001
  8.3120000e+002  4.7945900e-001
  8.3140000e+002  5.1043000e-001
  8.3160000e+002  5.4349800e-001
  8.3180000e+002  5.7225200e-001
  8.3200000e+002  5.9356600e-001
  8.3220000e+002  6.0794300e-001
  8.3240000e+002  6.1700300e-001
  8.3260000e+002  6.2263000e-001
  8.3280000e+002  6.2696900e-001
  8.3300000e+002  6.3214300e-001
  8.3320000e+002  6.3946200e-001
  8.3340000e+002  6.4861700e-001
  8.3360000e+002  6.5762900e-001
  8.3380000e+002  6.6449600e-001
  8.3400000e+002  6.6936000e-001
  8.3420000e+002  6.7489100e-001
  8.3440000e+002  6.8552400e-001
  8.3460000e+002  7.0340600e-001
  8.3480000e+002  7.2631800e-001
  8.3500000e+002  7.4715600e-001
  8.3520000e+002  7.5721700e-001
  8.3540000e+002  7.4961100e-001
  8.3560000e+002  7.2288500e-001
  8.3580000e+002  6.8111400e-001
  8.3600000e+002  6.3321500e-001
  8.3620000e+002  5.9015700e-001
  8.3640000e+002  5.6180900e-001
  8.3660000e+002  5.5437000e-001
  8.3680000e+002  5.6793600e-001
  8.3700000e+002  5.9809600e-001
  8.3720000e+002  6.3788800e-001
  8.3740000e+002  6.8118500e-001
  8.3760000e+002  7.2448200e-001
  8.3780000e+002  7.6620500e-001
  8.3800000e+002  8.0509100e-001
  8.3820000e+002  8.3787400e-001
  8.3840000e+002  8.5983200e-001
  8.3860000e+002  8.6836800e-001
  8.3880000e+002  8.6574500e-001
  8.3900000e+002  8.6054800e-001
  8.3920000e+002  8.6426700e-001
  8.3940000e+002  8.8543800e-001
  8.3960000e+002  9.2422900e-001
  8.3980000e+002  9.7141200e-001
  8.4000000e+002  1.0120860e+000
  8.4020000e+002  1.0331150e+000
  8.4040000e+002  1.0302060e+000
  8.4060000e+002  1.0090110e+000
  8.4080000e+002  9.8197400e-001
  8.4100000e+002  9.5984900e-001
  8.4120000e+002  9.4676000e-001
  8.4140000e+002  9.3832000e-001
  8.4160000e+002  9.2628000e-001
  8.4180000e+002  9.0501300e-001
  8.4200000e+002  8.7747500e-001
  8.4220000e+002  8.5372900e-001
  8.4240000e+002  8.4648100e-001
  8.4260000e+002  8.6274100e-001
  8.4280000e+002  8.9976700e-001
  8.4300000e+002  9.4518600e-001
  8.4320000e+002  9.8342800e-001
  8.4340000e+002  1.0040280e+000
  8.4360000e+002  1.0056250e+000
  8.4380000e+002  9.9759100e-001
  8.4400000e+002  9.9375200e-001
  8.4420000e+002  1.0056970e+000
  8.4440000e+002  1.0359280e+000
  8.4460000e+002  1.0778420e+000
  8.4480000e+002  1.1184930e+000
  8.4500000e+002  1.1473650e+000
  8.4520000e+002  1.1619560e+000
  8.4540000e+002  1.1701340e+000
  8.4560000e+002  1.1847730e+000
  8.4580000e+002  1.2155050e+000
  8.4600000e+002  1.2621640e+000
  8.4620000e+002  1.3126610e+000
  8.4640000e+002  1.3495920e+000
  8.4660000e+002  1.3583890e+000
  8.4680000e+002  1.3365260e+000
  8.4700000e+002  1.2944690e+000
  8.4720000e+002  1.2523410e+000
  8.4740000e+002  1.2289280e+000
  8.4760000e+002  1.2344120e+000
  8.4780000e+002  1.2660500e+000
  8.4800000e+002  1.3111590e+000
  8.4820000e+002  1.3539310e+000
  8.4840000e+002  1.3833040e+000
  8.4860000e+002  1.3979910e+000
  8.4880000e+002  1.4047380e+000
  8.4900000e+002  1.4140120e+000
  8.4920000e+002  1.4332530e+000
  8.4940000e+002  1.4634840e+000
  8.4960000e+002  1.5003910e+000
  8.4980000e+002  1.5382760e+000
  8.5000000e+002  1.5737770e+000
  8.5020000e+002  1.6070840e+000
  8.5040000e+002  1.6396990e+000
  8.5060000e+002  1.6717190e+000
  8.5080000e+002  1.7003050e+000
  8.5100000e+002  1.7215490e+000
  8.5120000e+002  1.7345900e+000
  8.5140000e+002  1.7443650e+000
  8.5160000e+002  1.7587660e+000
  8.5180000e+002  1.7850390e+000
  8.5200000e+002  1.8228530e+000
  8.5220000e+002  1.8635030e+000
  8.5240000e+002  1.8924710e+000
  8.5260000e+002  1.8989800e+000
  8.5280000e+002  1.8825530e+000
  8.5300000e+002  1.8547050e+000
  8.5320000e+002  1.8334150e+000
  8.5340000e+002  1.8337960e+000
  8.5360000e+002  1.8604510e+000
  8.5380000e+002  1.9056320e+000
  8.5400000e+002  1.9550080e+000
  8.5420000e+002  1.9951340e+000
  8.5440000e+002  2.0210740e+000
  8.5460000e+002  2.0359270e+000
  8.5480000e+002  2.0470610e+000
  8.5500000e+002  2.0597210e+000
  8.5520000e+002  2.0756950e+000
  8.5540000e+002  2.0945540e+000
  8.5560000e+002  2.1180390e+000
  8.5580000e+002  2.1511310e+000
  8.5600000e+002  2.2006030e+000
  8.5620000e+002  2.2687910e+000
  8.5640000e+002  2.3513790e+000
  8.5660000e+002  2.4373050e+000
  8.5680000e+002  2.5146240e+000
  8.5700000e+002  2.5758500e+000
  8.5720000e+002  2.6202200e+000
  8.5740000e+002  2.6513330e+000
  8.5760000e+002  2.6750080e+000
  8.5780000e+002  2.6958700e+000
  8.5800000e+002  2.7185200e+000
  8.5820000e+002  2.7477740e+000
  8.5840000e+002  2.7874940e+000
  8.5860000e+002  2.8377530e+000
  8.5880000e+002  2.8917070e+000
  8.5900000e+002  2.9377220e+000
  8.5920000e+002  2.9650440e+000
  8.5940000e+002  2.9704800e+000
  8.5960000e+002  2.9625890e+000
  8.5980000e+002  2.9567950e+000
  8.6000000e+002  2.9691930e+000
  8.6020000e+002  3.0069110e+000
  8.6040000e+002  3.0670880e+000
  8.6060000e+002  3.1404250e+000
  8.6080000e+002  3.2185310e+000
  8.6100000e+002  3.2979960e+000
  8.6120000e+002  3.3805600e+000
  8.6140000e+002  3.4692280e+000
  8.6160000e+002  3.5642380e+000
  8.6180000e+002  3.6625860e+000
  8.6200000e+002  3.7602660e+000
  8.6220000e+002  3.8546560e+000
  8.6240000e+002  3.9464470e+000
  8.6260000e+002  4.0369270e+000
  8.6280000e+002  4.1273590e+000
  8.6300000e+002  4.2177200e+000
  8.6320000e+002  4.3069830e+000
  8.6340000e+002  4.3949120e+000
  8.6360000e+002  4.4805520e+000
  8.6380000e+002  4.5632830e+000
  8.6400000e+002  4.6420570e+000
  8.6420000e+002  4.7172300e+000
  8.6440000e+002  4.7921180e+000
  8.6460000e+002  4.8717260e+000
  8.6480000e+002  4.9615380e+000
  8.6500000e+002  5.0622700e+000
  8.6520000e+002  5.1706550e+000
  8.6540000e+002  5.2814000e+000
  8.6560000e+002  5.3920740e+000
  8.6580000e+002  5.5062290e+000
  8.6600000e+002  5.6309930e+000
  8.6620000e+002  5.7721130e+000
  8.6640000e+002  5.9285640e+000
  8.6660000e+002  6.0916420e+000
  8.6680000e+002  6.2500470e+000
  8.6700000e+002  6.3940040e+000
  8.6720000e+002  6.5220830e+000
  8.6740000e+002  6.6382880e+000
  8.6760000e+002  6.7510360e+000
  8.6780000e+002  6.8699830e+000
  8.6800000e+002  7.0038790e+000
  8.6820000e+002  7.1609970e+000
  8.6840000e+002  7.3441260e+000
  8.6860000e+002  7.5505490e+000
  8.6880000e+002  7.7697510e+000
  8.6900000e+002  7.9878090e+000
  8.6920000e+002  8.1942310e+000
  8.6940000e+002  8.3848950e+000
  8.6960000e+002  8.5662360e+000
  8.6980000e+002  8.7482210e+000
  8.7000000e+002  8.9409350e+000
  8.7020000e+002  9.1494790e+000
  8.7040000e+002  9.3733070e+000
  8.7060000e+002  9.6103900e+000
  8.7080000e+002  9.8554610e+000
  8.7100000e+002  1.0103845e+001
  8.7120000e+002  1.0350275e+001
  8.7140000e+002  1.0590887e+001
  8.7160000e+002  1.0826444e+001
  8.7180000e+002  1.1059784e+001
  8.7200000e+002  1.1299180e+001
  8.7220000e+002  1.1552095e+001
  8.7240000e+002  1.1824107e+001
  8.7260000e+002  1.2117099e+001
  8.7280000e+002  1.2426781e+001
  8.7300000e+002  1.2748718e+001
  8.7320000e+002  1.3076853e+001
  8.7340000e+002  1.3410234e+001
  8.7360000e+002  1.3753032e+001
  8.7380000e+002  1.4111852e+001
  8.7400000e+002  1.4495301e+001
  8.7420000e+002  1.4901947e+001
  8.7440000e+002  1.5324783e+001
  8.7460000e+002  1.5749835e+001
  8.7480000e+002  1.6166067e+001
  8.7500000e+002  1.6573810e+001
  8.7520000e+002  1.6981458e+001
  8.7540000e+002  1.7407202e+001
  8.7560000e+002  1.7862939e+001
  8.7580000e+002  1.8353343e+001
  8.7600000e+002  1.8872976e+001
  8.7620000e+002  1.9410252e+001
  8.7640000e+002  1.9959449e+001
  8.7660000e+002  2.0518898e+001
  8.7680000e+002  2.1095633e+001
  8.7700000e+002  2.1694993e+001
  8.7720000e+002  2.2315382e+001
  8.7740000e+002  2.2950863e+001
  8.7760000e+002  2.3589348e+001
  8.7780000e+002  2.4227666e+001
  8.7800000e+002  2.4867630e+001
  8.7820000e+002  2.5519514e+001
  8.7840000e+002  2.6195669e+001
  8.7860000e+002  2.6901865e+001
  8.7880000e+002  2.7640795e+001
  8.7900000e+002  2.8404307e+001
  8.7920000e+002  2.9183793e+001
  8.7940000e+002  2.9969620e+001
  8.7960000e+002  3.0754804e+001
  8.7980000e+002  3.1540513e+001
  8.8000000e+002  3.2330584e+001
  8.8020000e+002  3.3135533e+001
  8.8040000e+002  3.3962178e+001
  8.8060000e+002  3.4812808e+001
  8.8080000e+002  3.5685968e+001
  8.8100000e+002  3.6575841e+001
  8.8120000e+002  3.7483429e+001
  8.8140000e+002  3.8410043e+001
  8.8160000e+002  3.9360189e+001
  8.8180000e+002  4.0336585e+001
  8.8200000e+002  4.1336989e+001
  8.8220000e+002  4.2358088e+001
  8.8240000e+002  4.3391680e+001
  8.8260000e+002  4.4430875e+001
  8.8280000e+002  4.5466709e+001
  8.8300000e+002  4.6491265e+001
  8.8320000e+002  4.7502541e+001
  8.8340000e+002  4.8505187e+001
  8.8360000e+002  4.9515342e+001
  8.8380000e+002  5.0551462e+001
  8.8400000e+002  5.1628923e+001
  8.8420000e+002  5.2751302e+001
  8.8440000e+002  5.3908395e+001
  8.8460000e+002  5.5081272e+001
  8.8480000e+002  5.6247496e+001
  8.8500000e+002  5.7389140e+001
  8.8520000e+002  5.8495736e+001
  8.8540000e+002  5.9565591e+001
  8.8560000e+002  6.0603737e+001
  8.8580000e+002  6.1621117e+001
  8.8600000e+002  6.2630987e+001
  8.8620000e+002  6.3647556e+001
  8.8640000e+002  6.4681410e+001
  8.8660000e+002  6.5735721e+001
  8.8680000e+002  6.6806602e+001
  8.8700000e+002  6.7880105e+001
  8.8720000e+002  6.8942308e+001
  8.8740000e+002  6.9981980e+001
  8.8760000e+002  7.1000170e+001
  8.8780000e+002  7.2009825e+001
  8.8800000e+002  7.3024725e+001
  8.8820000e+002  7.4052810e+001
  8.8840000e+002  7.5081944e+001
  8.8860000e+002  7.6091289e+001
  8.8880000e+002  7.7060127e+001
  8.8900000e+002  7.7980113e+001
  8.8920000e+002  7.8860425e+001
  8.8940000e+002  7.9714345e+001
  8.8960000e+002  8.0553579e+001
  8.8980000e+002  8.1377196e+001
  8.9000000e+002  8.2176256e+001
  8.9020000e+002  8.2944440e+001
  8.9040000e+002  8.3679389e+001
  8.9060000e+002  8.4391212e+001
  8.9080000e+002  8.5086607e+001
  8.9100000e+002  8.5770773e+001
  8.9120000e+002  8.6442232e+001
  8.9140000e+002  8.7094426e+001
  8.9160000e+002  8.7727260e+001
  8.9180000e+002  8.8340401e+001
  8.9200000e+002  8.8941788e+001
  8.9220000e+002  8.9538168e+001
  8.9240000e+002  9.0131974e+001
  8.9260000e+002  9.0722227e+001
  8.9280000e+002  9.1297388e+001
  8.9300000e+002  9.1850090e+001
  8.9320000e+002  9.2371320e+001
  8.9340000e+002  9.2858648e+001
  8.9360000e+002  9.3315196e+001
  8.9380000e+002  9.3744111e+001
  8.9400000e+002  9.4153404e+001
  8.9420000e+002  9.4544434e+001
  8.9440000e+002  9.4917654e+001
  8.9460000e+002  9.5268559e+001
  8.9480000e+002  9.5591568e+001
  8.9500000e+002  9.5888066e+001
  8.9520000e+002  9.6162223e+001
  8.9540000e+002  9.6427416e+001
  8.9560000e+002  9.6693015e+001
  8.9580000e+002  9.6961402e+001
  8.9600000e+002  9.7224950e+001
  8.9620000e+002  9.7466468e+001
  8.9640000e+002  9.7674059e+001
  8.9660000e+002  9.7843527e+001
  8.9680000e+002  9.7985863e+001
  8.9700000e+002  9.8120760e+001
  8.9720000e+002  9.8264670e+001
  8.9740000e+002  9.8428082e+001
  8.9760000e+002  9.8605537e+001
  8.9780000e+002  9.8785686e+001
  8.9800000e+002  9.8952412e+001
  8.9820000e+002  9.9092817e+001
  8.9840000e+002  9.9201297e+001
  8.9860000e+002  9.9275398e+001
  8.9880000e+002  9.9321317e+001
  8.9900000e+002  9.9346709e+001
  8.9920000e+002  9.9364376e+001
  8.9940000e+002  9.9387741e+001
  8.9960000e+002  9.9424743e+001
  8.9980000e+002  9.9478673e+001
  9.0000000e+002  9.9539542e+001
  9.0020000e+002  9.9594616e+001
  9.0040000e+002  9.9629759e+001
  9.0060000e+002  9.9639439e+001
  9.0080000e+002  9.9631118e+001
  9.0100000e+002  9.9617147e+001
  9.0120000e+002  9.9611496e+001
  9.0140000e+002  9.9615859e+001
  9.0160000e+002  9.9620270e+001
  9.0180000e+002  9.9606966e+001
  9.0200000e+002  9.9556803e+001
  9.0220000e+002  9.9461102e+001
  9.0240000e+002  9.9318480e+001
  9.0260000e+002  9.9137258e+001
  9.0280000e+002  9.8928475e+001
  9.0300000e+002  9.8701763e+001
  9.0320000e+002  9.8467659e+001
  9.0340000e+002  9.8231029e+001
  9.0360000e+002  9.7996115e+001
  9.0380000e+002  9.7759199e+001
  9.0400000e+002  9.7513031e+001
  9.0420000e+002  9.7251343e+001
  9.0440000e+002  9.6968984e+001
  9.0460000e+002  9.6673488e+001
  9.0480000e+002  9.6372675e+001
  9.0500000e+002  9.6075892e+001
  9.0520000e+002  9.5783257e+001
  9.0540000e+002  9.5483016e+001
  9.0560000e+002  9.5160651e+001
  9.0580000e+002  9.4798231e+001
  9.0600000e+002  9.4391417e+001
  9.0620000e+002  9.3943667e+001
  9.0640000e+002  9.3467187e+001
  9.0660000e+002  9.2977833e+001
  9.0680000e+002  9.2484831e+001
  9.0700000e+002  9.1994166e+001
  9.0720000e+002  9.1500520e+001
  9.0740000e+002  9.0994405e+001
  9.0760000e+002  9.0463232e+001
  9.0780000e+002  8.9894700e+001
  9.0800000e+002  8.9286422e+001
  9.0820000e+002  8.8640785e+001
  9.0840000e+002  8.7970447e+001
  9.0860000e+002  8.7289381e+001
  9.0880000e+002  8.6607503e+001
  9.0900000e+002  8.5929155e+001
  9.0920000e+002  8.5247063e+001
  9.0940000e+002  8.4553241e+001
  9.0960000e+002  8.3836793e+001
  9.0980000e+002  8.3092927e+001
  9.1000000e+002  8.2324123e+001
  9.1020000e+002  8.1534790e+001
  9.1040000e+002  8.0733942e+001
  9.1060000e+002  7.9925322e+001
  9.1080000e+002  7.9111957e+001
  9.1100000e+002  7.8293466e+001
  9.1120000e+002  7.7467870e+001
  9.1140000e+002  7.6636123e+001
  9.1160000e+002  7.5797414e+001
  9.1180000e+002  7.4954152e+001
  9.1200000e+002  7.4107313e+001
  9.1220000e+002  7.3257231e+001
  9.1240000e+002  7.2403216e+001
  9.1260000e+002  7.1541094e+001
  9.1280000e+002  7.0666718e+001
  9.1300000e+002  6.9774866e+001
  9.1320000e+002  6.8863630e+001
  9.1340000e+002  6.7935967e+001
  9.1360000e+002  6.6998696e+001
  9.1380000e+002  6.6061210e+001
  9.1400000e+002  6.5129852e+001
  9.1420000e+002  6.4205551e+001
  9.1440000e+002  6.3284778e+001
  9.1460000e+002  6.2363696e+001
  9.1480000e+002  6.1443543e+001
  9.1500000e+002  6.0530972e+001
  9.1520000e+002  5.9633493e+001
  9.1540000e+002  5.8752655e+001
  9.1560000e+002  5.7879328e+001
  9.1580000e+002  5.6996512e+001
  9.1600000e+002  5.6090283e+001
  9.1620000e+002  5.5158209e+001
  9.1640000e+002  5.4214549e+001
  9.1660000e+002  5.3280162e+001
  9.1680000e+002  5.2373218e+001
  9.1700000e+002  5.1498746e+001
  9.1720000e+002  5.0649738e+001
  9.1740000e+002  4.9815511e+001
  9.1760000e+002  4.8987507e+001
  9.1780000e+002  4.8164820e+001
  9.1800000e+002  4.7350287e+001
  9.1820000e+002  4.6545720e+001
  9.1840000e+002  4.5750594e+001
  9.1860000e+002  4.4959640e+001
  9.1880000e+002  4.4170689e+001
  9.1900000e+002  4.3382716e+001
  9.1920000e+002  4.2598223e+001
  9.1940000e+002  4.1820859e+001
  9.1960000e+002  4.1051125e+001
  9.1980000e+002  4.0289664e+001
  9.2000000e+002  3.9533615e+001
  9.2020000e+002  3.8782572e+001
  9.2040000e+002  3.8037586e+001
  9.2060000e+002  3.7301421e+001
  9.2080000e+002  3.6580276e+001
  9.2100000e+002  3.5877251e+001
  9.2120000e+002  3.5194969e+001
  9.2140000e+002  3.4531235e+001
  9.2160000e+002  3.3881855e+001
  9.2180000e+002  3.3243942e+001
  9.2200000e+002  3.2615804e+001
  9.2220000e+002  3.2000923e+001
  9.2240000e+002  3.1400823e+001
  9.2260000e+002  3.0815958e+001
  9.2280000e+002  3.0241870e+001
  9.2300000e+002  2.9671645e+001
  9.2320000e+002  2.9102396e+001
  9.2340000e+002  2.8533911e+001
  9.2360000e+002  2.7971982e+001
  9.2380000e+002  2.7421021e+001
  9.2400000e+002  2.6880764e+001
  9.2420000e+002  2.6347732e+001
  9.2440000e+002  2.5815510e+001
  9.2460000e+002  2.5284695e+001
  9.2480000e+002  2.4759101e+001
  9.2500000e+002  2.4246454e+001
  9.2520000e+002  2.3752641e+001
  9.2540000e+002  2.3277378e+001
  9.2560000e+002  2.2818517e+001
  9.2580000e+002  2.2371339e+001
  9.2600000e+002  2.1935319e+001
  9.2620000e+002  2.1511745e+001
  9.2640000e+002  2.1100592e+001
  9.2660000e+002  2.0699787e+001
  9.2680000e+002  2.0300698e+001
  9.2700000e+002  1.9897007e+001
  9.2720000e+002  1.9485831e+001
  9.2740000e+002  1.9072937e+001
  9.2760000e+002  1.8670511e+001
  9.2780000e+002  1.8289518e+001
  9.2800000e+002  1.7936706e+001
  9.2820000e+002  1.7607474e+001
  9.2840000e+002  1.7291998e+001
  9.2860000e+002  1.6978263e+001
  9.2880000e+002  1.6658687e+001
  9.2900000e+002  1.6333055e+001
  9.2920000e+002  1.6004419e+001
  9.2940000e+002  1.5678405e+001
  9.2960000e+002  1.5358161e+001
  9.2980000e+002  1.5045213e+001
  9.3000000e+002  1.4741683e+001
  9.3020000e+002  1.4448928e+001
  9.3040000e+002  1.4169406e+001
  9.3060000e+002  1.3900876e+001
  9.3080000e+002  1.3637828e+001
  9.3100000e+002  1.3372039e+001
  9.3120000e+002  1.3097071e+001
  9.3140000e+002  1.2813520e+001
  9.3160000e+002  1.2526273e+001
  9.3180000e+002  1.2243723e+001
  9.3200000e+002  1.1970949e+001
  9.3220000e+002  1.1708164e+001
  9.3240000e+002  1.1454272e+001
  9.3260000e+002  1.1208868e+001
  9.3280000e+002  1.0976338e+001
  9.3300000e+002  1.0760641e+001
  9.3320000e+002  1.0562229e+001
  9.3340000e+002  1.0374283e+001
  9.3360000e+002  1.0185933e+001
  9.3380000e+002  9.9903340e+000
  9.3400000e+002  9.7890370e+000
  9.3420000e+002  9.5929620e+000
  9.3440000e+002  9.4147920e+000
  9.3460000e+002  9.2594620e+000
  9.3480000e+002  9.1219660e+000
  9.3500000e+002  8.9882850e+000
  9.3520000e+002  8.8470930e+000
  9.3540000e+002  8.6939810e+000
  9.3560000e+002  8.5329770e+000
  9.3580000e+002  8.3708760e+000
  9.3600000e+002  8.2102290e+000
  9.3620000e+002  8.0488680e+000
  9.3640000e+002  7.8814980e+000
  9.3660000e+002  7.7067130e+000
  9.3680000e+002  7.5292110e+000
  9.3700000e+002  7.3570480e+000
  9.3720000e+002  7.1983090e+000
  9.3740000e+002  7.0565700e+000
  9.3760000e+002  6.9314470e+000
  9.3780000e+002  6.8203680e+000
  9.3800000e+002  6.7206850e+000
  9.3820000e+002  6.6294900e+000
  9.3840000e+002  6.5406560e+000
  9.3860000e+002  6.4454070e+000
  9.3880000e+002  6.3344240e+000
  9.3900000e+002  6.2033170e+000
  9.3920000e+002  6.0574050e+000
  9.3940000e+002  5.9100620e+000
  9.3960000e+002  5.7784310e+000
  9.3980000e+002  5.6720970e+000
  9.4000000e+002  5.5890080e+000
  9.4020000e+002  5.5145500e+000
  9.4040000e+002  5.4285280e+000
  9.4060000e+002  5.3171870e+000
  9.4080000e+002  5.1789760e+000
  9.4100000e+002  5.0275080e+000
  9.4120000e+002  4.8826210e+000
  9.4140000e+002  4.7622910e+000
  9.4160000e+002  4.6727410e+000
  9.4180000e+002  4.6075100e+000
  9.4200000e+002  4.5527450e+000
  9.4220000e+002  4.4969080e+000
  9.4240000e+002  4.4370650e+000
  9.4260000e+002  4.3787240e+000
  9.4280000e+002  4.3292520e+000
  9.4300000e+002  4.2906520e+000
  9.4320000e+002  4.2556280e+000
  9.4340000e+002  4.2123550e+000
  9.4360000e+002  4.1505570e+000
  9.4380000e+002  4.0683030e+000
  9.4400000e+002  3.9727440e+000
  9.4420000e+002  3.8741110e+000
  9.4440000e+002  3.7811040e+000
  9.4460000e+002  3.6954870e+000
  9.4480000e+002  3.6147110e+000
  9.4500000e+002  3.5337920e+000
  9.4520000e+002  3.4497730e+000
  9.4540000e+002  3.3640140e+000
  9.4560000e+002  3.2819270e+000
  9.4580000e+002  3.2099240e+000
  9.4600000e+002  3.1517500e+000
  9.4620000e+002  3.1048770e+000
  9.4640000e+002  3.0614850e+000
  9.4660000e+002  3.0127760e+000
  9.4680000e+002  2.9554840e+000
  9.4700000e+002  2.8954260e+000
  9.4720000e+002  2.8454540e+000
  9.4740000e+002  2.8175590e+000
  9.4760000e+002  2.8133630e+000
  9.4780000e+002  2.8220410e+000
  9.4800000e+002  2.8249260e+000
  9.4820000e+002  2.8080460e+000
  9.4840000e+002  2.7679680e+000
  9.4860000e+002  2.7138710e+000
  9.4880000e+002  2.6589630e+000
  9.4900000e+002  2.6116840e+000
  9.4920000e+002  2.5710820e+000
  9.4940000e+002  2.5295490e+000
  9.4960000e+002  2.4796480e+000
  9.4980000e+002  2.4224280e+000
  9.5000000e+002  2.3669000e+000
  9.5020000e+002  2.3255100e+000
  9.5040000e+002  2.3045770e+000
  9.5060000e+002  2.3003810e+000
  9.5080000e+002  2.2993800e+000
  9.5100000e+002  2.2857660e+000
  9.5120000e+002  2.2498840e+000
  9.5140000e+002  2.1929020e+000
  9.5160000e+002  2.1258590e+000
  9.5180000e+002  2.0636550e+000
  9.5200000e+002  2.0186660e+000
  9.5220000e+002  1.9948720e+000
  9.5240000e+002  1.9885060e+000
  9.5260000e+002  1.9900790e+000
  9.5280000e+002  1.9887920e+000
  9.5300000e+002  1.9764660e+000
  9.5320000e+002  1.9502160e+000
  9.5340000e+002  1.9134520e+000
  9.5360000e+002  1.8735880e+000
  9.5380000e+002  1.8385640e+000
  9.5400000e+002  1.8125770e+000
  9.5420000e+002  1.7947910e+000
  9.5440000e+002  1.7799610e+000
  9.5460000e+002  1.7620800e+000
  9.5480000e+002  1.7370930e+000
  9.5500000e+002  1.7048590e+000
  9.5520000e+002  1.6686670e+000
  9.5540000e+002  1.6337630e+000
  9.5560000e+002  1.6046040e+000
  9.5580000e+002  1.5834090e+000
  9.5600000e+002  1.5693900e+000
  9.5620000e+002  1.5579700e+000
  9.5640000e+002  1.5433310e+000
  9.5660000e+002  1.5211580e+000
  9.5680000e+002  1.4913080e+000
  9.5700000e+002  1.4575000e+000
  9.5720000e+002  1.4249560e+000
  9.5740000e+002  1.3971090e+000
  9.5760000e+002  1.3739820e+000
  9.5780000e+002  1.3532870e+000
  9.5800000e+002  1.3323060e+000
  9.5820000e+002  1.3095610e+000
  9.5840000e+002  1.2844800e+000
  9.5860000e+002  1.2555120e+000
  9.5880000e+002  1.2205600e+000
  9.5900000e+002  1.1789790e+000
  9.5920000e+002  1.1353010e+000
  9.5940000e+002  1.0980600e+000
  9.5960000e+002  1.0767690e+000
  9.5980000e+002  1.0755530e+000
  9.6000000e+002  1.0913840e+000
  9.6020000e+002  1.1143200e+000
  9.6040000e+002  1.1331310e+000
  9.6060000e+002  1.1395690e+000
  9.6080000e+002  1.1311050e+000
  9.6100000e+002  1.1105060e+000
  9.6120000e+002  1.0832300e+000
  9.6140000e+002  1.0556450e+000
  9.6160000e+002  1.0321850e+000
  9.6180000e+002  1.0154480e+000
  9.6200000e+002  1.0045760e+000
  9.6220000e+002  9.9604100e-001
  9.6240000e+002  9.8507400e-001
  9.6260000e+002  9.6776400e-001
  9.6280000e+002  9.4342200e-001
  9.6300000e+002  9.1433500e-001
  9.6320000e+002  8.8520000e-001
  9.6340000e+002  8.6107200e-001
  9.6360000e+002  8.4590900e-001
  9.6380000e+002  8.4078300e-001
  9.6400000e+002  8.4393000e-001
  9.6420000e+002  8.5165500e-001
  9.6440000e+002  8.6061900e-001
  9.6460000e+002  8.6941700e-001
  9.6480000e+002  8.7857200e-001
  9.6500000e+002  8.8877600e-001
  9.6520000e+002  8.9898100e-001
  9.6540000e+002  9.0551300e-001
  9.6560000e+002  9.0425000e-001
  9.6580000e+002  8.9323500e-001
  9.6600000e+002  8.7502000e-001
  9.6620000e+002  8.5549300e-001
  9.6640000e+002  8.3963800e-001
  9.6660000e+002  8.2817000e-001
  9.6680000e+002  8.1529600e-001
  9.6700000e+002  7.9360000e-001
  9.6720000e+002  7.5922000e-001
  9.6740000e+002  7.1728200e-001
  9.6760000e+002  6.8020800e-001
  9.6780000e+002  6.6187300e-001
  9.6800000e+002  6.6866800e-001
  9.6820000e+002  6.9699200e-001
  9.6840000e+002  7.3404300e-001
  9.6860000e+002  7.6558500e-001
  9.6880000e+002  7.8182200e-001
  9.6900000e+002  7.8027200e-001
  9.6920000e+002  7.6487000e-001
  9.6940000e+002  7.4217300e-001
  9.6960000e+002  7.2021400e-001
  9.6980000e+002  7.0736400e-001
  9.7000000e+002  7.1120200e-001
  9.7020000e+002  7.3559200e-001
  9.7040000e+002  7.7784000e-001
  9.7060000e+002  8.2783600e-001
  9.7080000e+002  8.7046600e-001
  9.7100000e+002  8.9225700e-001
  9.7120000e+002  8.8586800e-001
  9.7140000e+002  8.5399100e-001
  9.7160000e+002  8.0745200e-001
  9.7180000e+002  7.6112700e-001
  9.7200000e+002  7.2705700e-001
  9.7220000e+002  7.0879400e-001
  9.7240000e+002  7.0111700e-001
  9.7260000e+002  6.9379800e-001
  9.7280000e+002  6.7789500e-001
  9.7300000e+002  6.5114400e-001
  9.7320000e+002  6.2017400e-001
  9.7340000e+002  5.9566400e-001
  9.7360000e+002  5.8641400e-001
  9.7380000e+002  5.9299400e-001
  9.7400000e+002  6.0834800e-001
  9.7420000e+002  6.2103200e-001
  9.7440000e+002  6.2205700e-001
  9.7460000e+002  6.0877700e-001
  9.7480000e+002  5.8605600e-001
  9.7500000e+002  5.6402600e-001
  9.7520000e+002  5.5260600e-001
  9.7540000e+002  5.5623000e-001
  9.7560000e+002  5.7082100e-001
  9.7580000e+002  5.8717700e-001
  9.7600000e+002  5.9573600e-001
  9.7620000e+002  5.9309000e-001
  9.7640000e+002  5.8171700e-001
  9.7660000e+002  5.6741200e-001
  9.7680000e+002  5.5351200e-001
  9.7700000e+002  5.3935000e-001
  9.7720000e+002  5.2211200e-001
  9.7740000e+002  5.0280000e-001
  9.7760000e+002  4.8806600e-001
  9.7780000e+002  4.8773200e-001
  9.7800000e+002  5.0642400e-001
  9.7820000e+002  5.3942200e-001
  9.7840000e+002  5.7229900e-001
  9.7860000e+002  5.8999000e-001
  9.7880000e+002  5.8314800e-001
  9.7900000e+002  5.5394100e-001
  9.7920000e+002  5.1462600e-001
  9.7940000e+002  4.8143800e-001
  9.7960000e+002  4.6679900e-001
  9.7980000e+002  4.7314100e-001
  9.8000000e+002  4.9238200e-001
  9.8020000e+002  5.0897500e-001
  9.8040000e+002  5.0830800e-001
  9.8060000e+002  4.8279700e-001
  9.8080000e+002  4.3673500e-001
  9.8100000e+002  3.8375800e-001
  9.8120000e+002  3.4108100e-001
  9.8140000e+002  3.2107800e-001
  9.8160000e+002  3.2663300e-001
  9.8180000e+002  3.5154800e-001
  9.8200000e+002  3.8368700e-001
  9.8220000e+002  4.1010300e-001
  9.8240000e+002  4.1975900e-001
  9.8260000e+002  4.0755200e-001
  9.8280000e+002  3.7562800e-001
  9.8300000e+002  3.3340400e-001
  9.8320000e+002  2.9423200e-001
  9.8340000e+002  2.7043800e-001
  9.8360000e+002  2.6855400e-001
  9.8380000e+002  2.8588700e-001
  9.8400000e+002  3.1361500e-001
  9.8420000e+002  3.4034200e-001
  9.8440000e+002  3.5805700e-001
  9.8460000e+002  3.6320600e-001
  9.8480000e+002  3.5624500e-001
  9.8500000e+002  3.3929300e-001
  9.8520000e+002  3.1533200e-001
  9.8540000e+002  2.8905800e-001
  9.8560000e+002  2.6590800e-001
  9.8580000e+002  2.5064900e-001
  9.8600000e+002  2.4561800e-001
  9.8620000e+002  2.4869400e-001
  9.8640000e+002  2.5427300e-001
  9.8660000e+002  2.5651400e-001
  9.8680000e+002  2.5358200e-001
  9.8700000e+002  2.4859900e-001
  9.8720000e+002  2.4845600e-001
  9.8740000e+002  2.5846900e-001
  9.8760000e+002  2.7835300e-001
  9.8780000e+002  3.0162300e-001
  9.8800000e+002  3.2029100e-001
  9.8820000e+002  3.2880300e-001
  9.8840000e+002  3.2777700e-001
  9.8860000e+002  3.2238900e-001
  9.8880000e+002  3.1757300e-001
  9.8900000e+002  3.1375800e-001
  9.8920000e+002  3.0727300e-001
  9.8940000e+002  2.9363600e-001
  9.8960000e+002  2.7339400e-001
  9.8980000e+002  2.5339100e-001
  9.9000000e+002  2.4335300e-001
  9.9020000e+002  2.5033900e-001
  9.9040000e+002  2.7525400e-001
  9.9060000e+002  3.1251900e-001
  9.9080000e+002  3.5266800e-001
  9.9100000e+002  3.8585600e-001
  9.9120000e+002  4.0357100e-001
  9.9140000e+002  4.0013700e-001
  9.9160000e+002  3.7348200e-001
  9.9180000e+002  3.2680000e-001
  9.9200000e+002  2.6900700e-001
  9.9220000e+002  2.1309800e-001
  9.9240000e+002  1.7375900e-001
  9.9260000e+002  1.6081300e-001
  9.9280000e+002  1.7673900e-001
  9.9300000e+002  2.1519600e-001
  9.9320000e+002  2.6447700e-001
  9.9340000e+002  3.1142200e-001
  9.9360000e+002  3.4515800e-001
  9.9380000e+002  3.6058400e-001
  9.9400000e+002  3.5860500e-001
  9.9420000e+002  3.4506300e-001
  9.9440000e+002  3.2773000e-001
  9.9460000e+002  3.1328200e-001
  9.9480000e+002  3.0419800e-001
  9.9500000e+002  2.9718800e-001
  9.9520000e+002  2.8512400e-001
  9.9540000e+002  2.6085300e-001
  9.9560000e+002  2.2315900e-001
  9.9580000e+002  1.7931400e-001
  9.9600000e+002  1.4343200e-001
  9.9620000e+002  1.2845900e-001
  9.9640000e+002  1.3978400e-001
  9.9660000e+002  1.7070700e-001
  9.9680000e+002  2.0740000e-001
  9.9700000e+002  2.3589100e-001
  9.9720000e+002  2.5091100e-001
  9.9740000e+002  2.5672900e-001
  9.9760000e+002  2.6335700e-001
  9.9780000e+002  2.7892500e-001
  9.9800000e+002  3.0345900e-001
  9.9820000e+002  3.2896900e-001
  9.9840000e+002  3.4463400e-001
  9.9860000e+002  3.4220200e-001
  9.9880000e+002  3.1974300e-001
  9.9900000e+002  2.8228700e-001
  9.9920000e+002  2.3846600e-001
  9.9940000e+002  1.9752900e-001
  9.9960000e+002  1.6605800e-001
  9.9980000e+002  1.4789100e-001
  1.0000000e+003  1.4445700e-001
