  6.5000000e+002  1.4975000e-001
  6.5020000e+002  9.2124000e-002
  6.5040000e+002  2.2244000e-002
  6.5060000e+002 -3.1757000e-002
  6.5080000e+002 -4.9114000e-002
  6.5100000e+002 -2.5415000e-002
  6.5120000e+002  2.8419000e-002
  6.5140000e+002  9.4103000e-002
  6.5160000e+002  1.5327900e-001
  6.5180000e+002  1.9264200e-001
  6.5200000e+002  2.0484900e-001
  6.5220000e+002  1.9161700e-001
  6.5240000e+002  1.6417500e-001
  6.5260000e+002  1.3957000e-001
  6.5280000e+002  1.2969900e-001
  6.5300000e+002  1.3303700e-001
  6.5320000e+002  1.3506400e-001
  6.5340000e+002  1.1723000e-001
  6.5360000e+002  7.1525000e-002
  6.5380000e+002  7.8670000e-003
  6.5400000e+002 -4.9138000e-002
  6.5420000e+002 -7.3862000e-002
  6.5440000e+002 -5.2499000e-002
  6.5460000e+002  5.4830000e-003
  6.5480000e+002  7.2932000e-002
  6.5500000e+002  1.1842200e-001
  6.5520000e+002  1.2514500e-001
  6.5540000e+002  9.8061000e-002
  6.5560000e+002  6.1964000e-002
  6.5580000e+002  4.6157000e-002
  6.5600000e+002  6.6828000e-002
  6.5620000e+002  1.1754000e-001
  6.5640000e+002  1.7182800e-001
  6.5660000e+002  1.9783900e-001
  6.5680000e+002  1.7256700e-001
  6.5700000e+002  9.4914000e-002
  6.5720000e+002 -1.6856000e-002
  6.5740000e+002 -1.3105800e-001
  6.5760000e+002 -2.1550600e-001
  6.5780000e+002 -2.4690600e-001
  6.5800000e+002 -2.1941600e-001
  6.5820000e+002 -1.4739000e-001
  6.5840000e+002 -5.7721000e-002
  6.5860000e+002  2.0241000e-002
  6.5880000e+002  6.8235000e-002
  6.5900000e+002  8.3518000e-002
  6.5920000e+002  7.6532000e-002
  6.5940000e+002  6.0868000e-002
  6.5960000e+002  4.5466000e-002
  6.5980000e+002  3.0803000e-002
  6.6000000e+002  1.0395000e-002
  6.6020000e+002 -2.2149000e-002
  6.6040000e+002 -6.7114000e-002
  6.6060000e+002 -1.1718200e-001
  6.6080000e+002 -1.6028800e-001
  6.6100000e+002 -1.8537000e-001
  6.6120000e+002 -1.8703900e-001
  6.6140000e+002 -1.6703600e-001
  6.6160000e+002 -1.3272700e-001
  6.6180000e+002 -9.2005000e-002
  6.6200000e+002 -5.0997000e-002
  6.6220000e+002 -1.4495000e-002
  6.6240000e+002  1.3017000e-002
  6.6260000e+002  2.5224000e-002
  6.6280000e+002  1.6546000e-002
  6.6300000e+002 -1.2445000e-002
  6.6320000e+002 -5.1498000e-002
  6.6340000e+002 -8.2182000e-002
  6.6360000e+002 -8.6283000e-002
  6.6380000e+002 -5.3787000e-002
  6.6400000e+002  8.9400000e-003
  6.6420000e+002  8.2898000e-002
  6.6440000e+002  1.4529200e-001
  6.6460000e+002  1.7683500e-001
  6.6480000e+002  1.6820400e-001
  6.6500000e+002  1.2722000e-001
  6.6520000e+002  6.8593000e-002
  6.6540000e+002 -1.2150000e-003
  6.6560000e+002 -8.3661000e-002
  6.6580000e+002 -1.6443700e-001
  6.6600000e+002 -2.0678000e-001
  6.6620000e+002 -1.8775400e-001
  6.6640000e+002 -1.3332300e-001
  6.6660000e+002 -9.3412000e-002
  6.6680000e+002 -7.3623000e-002
  6.6700000e+002 -2.6178000e-002
  6.6720000e+002  4.3606000e-002
  6.6740000e+002  8.8930000e-003
  6.6760000e+002 -2.6364300e-001
  6.6780000e+002 -7.4663100e-001
  6.6800000e+002 -1.1795280e+000
  6.6820000e+002 -1.3027660e+000
  6.6840000e+002 -1.0659690e+000
  6.6860000e+002 -6.5834500e-001
  6.6880000e+002 -2.9802300e-001
  6.6900000e+002 -7.1358000e-002
  6.6920000e+002  6.5898000e-002
  6.6940000e+002  1.5981100e-001
  6.6960000e+002  2.1615000e-001
  6.6980000e+002  2.2692600e-001
  6.7000000e+002  2.0947400e-001
  6.7020000e+002  1.9593200e-001
  6.7040000e+002  1.9962700e-001
  6.7060000e+002  2.1588800e-001
  6.7080000e+002  2.3591500e-001
  6.7100000e+002  2.5358200e-001
  6.7120000e+002  2.6264100e-001
  6.7140000e+002  2.5558400e-001
  6.7160000e+002  2.3257700e-001
  6.7180000e+002  2.0256000e-001
  6.7200000e+002  1.7695400e-001
  6.7220000e+002  1.6362600e-001
  6.7240000e+002  1.6665400e-001
  6.7260000e+002  1.8668100e-001
  6.7280000e+002  2.1820000e-001
  6.7300000e+002  2.5258000e-001
  6.7320000e+002  2.7794800e-001
  6.7340000e+002  2.8302600e-001
  6.7360000e+002  2.6218800e-001
  6.7380000e+002  2.1920200e-001
  6.7400000e+002  1.6503300e-001
  6.7420000e+002  1.1241400e-001
  6.7440000e+002  6.8163000e-002
  6.7460000e+002  2.9206000e-002
  6.7480000e+002 -1.2969000e-002
  6.7500000e+002 -6.5207000e-002
  6.7520000e+002 -1.2583700e-001
  6.7540000e+002 -1.8424900e-001
  6.7560000e+002 -2.2482800e-001
  6.7580000e+002 -2.3522300e-001
  6.7600000e+002 -2.0954600e-001
  6.7620000e+002 -1.5034600e-001
  6.7640000e+002 -6.6542000e-002
  6.7660000e+002  2.8538000e-002
  6.7680000e+002  1.1861300e-001
  6.7700000e+002  1.8849300e-001
  6.7720000e+002  2.2850000e-001
  6.7740000e+002  2.4065900e-001
  6.7760000e+002  2.3748800e-001
  6.7780000e+002  2.3474600e-001
  6.7800000e+002  2.4139800e-001
  6.7820000e+002  2.5386800e-001
  6.7840000e+002  2.5854100e-001
  6.7860000e+002  2.4325800e-001
  6.7880000e+002  2.0546900e-001
  6.7900000e+002  1.5542500e-001
  6.7920000e+002  1.1093600e-001
  6.7940000e+002  8.6402000e-002
  6.7960000e+002  8.8191000e-002
  6.7980000e+002  1.1527500e-001
  6.8000000e+002  1.6202900e-001
  6.8020000e+002  2.1705600e-001
  6.8040000e+002  2.6297500e-001
  6.8060000e+002  2.8071400e-001
  6.8080000e+002  2.5863600e-001
  6.8100000e+002  2.0198800e-001
  6.8120000e+002  1.3043800e-001
  6.8140000e+002  7.1549000e-002
  6.8160000e+002  4.9877000e-002
  6.8180000e+002  8.1849000e-002
  6.8200000e+002  1.7127900e-001
  6.8220000e+002  3.0343500e-001
  6.8240000e+002  4.4746300e-001
  6.8260000e+002  5.6359700e-001
  6.8280000e+002  6.2186700e-001
  6.8300000e+002  6.1163900e-001
  6.8320000e+002  5.4678900e-001
  6.8340000e+002  4.5909800e-001
  6.8360000e+002  3.8714400e-001
  6.8380000e+002  3.6246700e-001
  6.8400000e+002  3.9381900e-001
  6.8420000e+002  4.6391400e-001
  6.8440000e+002  5.3548800e-001
  6.8460000e+002  5.7606600e-001
  6.8480000e+002  5.7311000e-001
  6.8500000e+002  5.4140000e-001
  6.8520000e+002  5.0890400e-001
  6.8540000e+002  4.9955800e-001
  6.8560000e+002  5.1853600e-001
  6.8580000e+002  5.5315400e-001
  6.8600000e+002  5.8155000e-001
  6.8620000e+002  5.8619900e-001
  6.8640000e+002  5.6464600e-001
  6.8660000e+002  5.2990900e-001
  6.8680000e+002  5.0284800e-001
  6.8700000e+002  5.0034500e-001
  6.8720000e+002  5.2831100e-001
  6.8740000e+002  5.7718700e-001
  6.8760000e+002  6.2811300e-001
  6.8780000e+002  6.6206400e-001
  6.8800000e+002  6.6993200e-001
  6.8820000e+002  6.5510200e-001
  6.8840000e+002  6.3073600e-001
  6.8860000e+002  6.1159100e-001
  6.8880000e+002  6.0732300e-001
  6.8900000e+002  6.2115100e-001
  6.8920000e+002  6.5262300e-001
  6.8940000e+002  6.9940000e-001
  6.8960000e+002  7.5807500e-001
  6.8980000e+002  8.2314000e-001
  6.9000000e+002  8.8634400e-001
  6.9020000e+002  9.3903500e-001
  6.9040000e+002  9.7672900e-001
  6.9060000e+002  1.0012140e+000
  6.9080000e+002  1.0170450e+000
  6.9100000e+002  1.0267490e+000
  6.9120000e+002  1.0291570e+000
  6.9140000e+002  1.0212650e+000
  6.9160000e+002  1.0048620e+000
  6.9180000e+002  9.8872100e-001
  6.9200000e+002  9.8686200e-001
  6.9220000e+002  1.0100840e+000
  6.9240000e+002  1.0612480e+000
  6.9260000e+002  1.1339660e+000
  6.9280000e+002  1.2184850e+000
  6.9300000e+002  1.3072960e+000
  6.9320000e+002  1.3956300e+000
  6.9340000e+002  1.4789810e+000
  6.9360000e+002  1.5522240e+000
  6.9380000e+002  1.6118040e+000
  6.9400000e+002  1.6621350e+000
  6.9420000e+002  1.7147300e+000
  6.9440000e+002  1.7830130e+000
  6.9460000e+002  1.8745660e+000
  6.9480000e+002  1.9854780e+000
  6.9500000e+002  2.1027320e+000
  6.9520000e+002  2.2091380e+000
  6.9540000e+002  2.2912260e+000
  6.9560000e+002  2.3448700e+000
  6.9580000e+002  2.3746960e+000
  6.9600000e+002  2.3929590e+000
  6.9620000e+002  2.4122470e+000
  6.9640000e+002  2.4459360e+000
  6.9660000e+002  2.5063510e+000
  6.9680000e+002  2.6042930e+000
  6.9700000e+002  2.7467480e+000
  6.9720000e+002  2.9303070e+000
  6.9740000e+002  3.1420460e+000
  6.9760000e+002  3.3610580e+000
  6.9780000e+002  3.5677430e+000
  6.9800000e+002  3.7513010e+000
  6.9820000e+002  3.9096590e+000
  6.9840000e+002  4.0526620e+000
  6.9860000e+002  4.1909690e+000
  6.9880000e+002  4.3369050e+000
  6.9900000e+002  4.4974320e+000
  6.9920000e+002  4.6735040e+000
  6.9940000e+002  4.8670530e+000
  6.9960000e+002  5.0784580e+000
  6.9980000e+002  5.3164950e+000
  7.0000000e+002  5.5864090e+000
  7.0020000e+002  5.8894870e+000
  7.0040000e+002  6.2225100e+000
  7.0060000e+002  6.5749640e+000
  7.0080000e+002  6.9451800e+000
  7.0100000e+002  7.3320380e+000
  7.0120000e+002  7.7438110e+000
  7.0140000e+002  8.1871030e+000
  7.0160000e+002  8.6597680e+000
  7.0180000e+002  9.1592070e+000
  7.0200000e+002  9.6706860e+000
  7.0220000e+002  1.0192275e+001
  7.0240000e+002  1.0724234e+001
  7.0260000e+002  1.1277770e+001
  7.0280000e+002  1.1874699e+001
  7.0300000e+002  1.2527966e+001
  7.0320000e+002  1.3256525e+001
  7.0340000e+002  1.4056062e+001
  7.0360000e+002  1.4915633e+001
  7.0380000e+002  1.5817141e+001
  7.0400000e+002  1.6740751e+001
  7.0420000e+002  1.7692089e+001
  7.0440000e+002  1.8680500e+001
  7.0460000e+002  1.9736123e+001
  7.0480000e+002  2.0881438e+001
  7.0500000e+002  2.2122597e+001
  7.0520000e+002  2.3458886e+001
  7.0540000e+002  2.4869513e+001
  7.0560000e+002  2.6351690e+001
  7.0580000e+002  2.7903389e+001
  7.0600000e+002  2.9534268e+001
  7.0620000e+002  3.1255078e+001
  7.0640000e+002  3.3061051e+001
  7.0660000e+002  3.4945154e+001
  7.0680000e+002  3.6884498e+001
  7.0700000e+002  3.8862705e+001
  7.0720000e+002  4.0871691e+001
  7.0740000e+002  4.2914772e+001
  7.0760000e+002  4.5008754e+001
  7.0780000e+002  4.7168850e+001
  7.0800000e+002  4.9403214e+001
  7.0820000e+002  5.1704549e+001
  7.0840000e+002  5.4047775e+001
  7.0860000e+002  5.6399178e+001
  7.0880000e+002  5.8724856e+001
  7.0900000e+002  6.0995769e+001
  7.0920000e+002  6.3199639e+001
  7.0940000e+002  6.5329265e+001
  7.0960000e+002  6.7385029e+001
  7.0980000e+002  6.9371199e+001
  7.1000000e+002  7.1285033e+001
  7.1020000e+002  7.3133325e+001
  7.1040000e+002  7.4910736e+001
  7.1060000e+002  7.6615691e+001
  7.1080000e+002  7.8240203e+001
  7.1100000e+002  7.9768228e+001
  7.1120000e+002  8.1197690e+001
  7.1140000e+002  8.2516288e+001
  7.1160000e+002  8.3733034e+001
  7.1180000e+002  8.4850978e+001
  7.1200000e+002  8.5871124e+001
  7.1220000e+002  8.6798119e+001
  7.1240000e+002  8.7615084e+001
  7.1260000e+002  8.8327789e+001
  7.1280000e+002  8.8930702e+001
  7.1300000e+002  8.9433860e+001
  7.1320000e+002  8.9852070e+001
  7.1340000e+002  9.0186953e+001
  7.1360000e+002  9.0459299e+001
  7.1380000e+002  9.0665507e+001
  7.1400000e+002  9.0816116e+001
  7.1420000e+002  9.0909981e+001
  7.1440000e+002  9.0938544e+001
  7.1460000e+002  9.0906071e+001
  7.1480000e+002  9.0796685e+001
  7.1500000e+002  9.0619730e+001
  7.1520000e+002  9.0370750e+001
  7.1540000e+002  9.0053510e+001
  7.1560000e+002  8.9678168e+001
  7.1580000e+002  8.9238739e+001
  7.1600000e+002  8.8746476e+001
  7.1620000e+002  8.8185358e+001
  7.1640000e+002  8.7546157e+001
  7.1660000e+002  8.6811327e+001
  7.1680000e+002  8.5961031e+001
  7.1700000e+002  8.5000753e+001
  7.1720000e+002  8.3929729e+001
  7.1740000e+002  8.2774710e+001
  7.1760000e+002  8.1552195e+001
  7.1780000e+002  8.0267739e+001
  7.1800000e+002  7.8916001e+001
  7.1820000e+002  7.7467226e+001
  7.1840000e+002  7.5911116e+001
  7.1860000e+002  7.4240899e+001
  7.1880000e+002  7.2472119e+001
  7.1900000e+002  7.0628929e+001
  7.1920000e+002  6.8727302e+001
  7.1940000e+002  6.6786932e+001
  7.1960000e+002  6.4808225e+001
  7.1980000e+002  6.2785053e+001
  7.2000000e+002  6.0695648e+001
  7.2020000e+002  5.8514738e+001
  7.2040000e+002  5.6235694e+001
  7.2060000e+002  5.3876781e+001
  7.2080000e+002  5.1489639e+001
  7.2100000e+002  4.9135446e+001
  7.2120000e+002  4.6862363e+001
  7.2140000e+002  4.4684505e+001
  7.2160000e+002  4.2587399e+001
  7.2180000e+002  4.0543484e+001
  7.2200000e+002  3.8541817e+001
  7.2220000e+002  3.6585617e+001
  7.2240000e+002  3.4690856e+001
  7.2260000e+002  3.2869267e+001
  7.2280000e+002  3.1118917e+001
  7.2300000e+002  2.9440355e+001
  7.2320000e+002  2.7827715e+001
  7.2340000e+002  2.6289153e+001
  7.2360000e+002  2.4833130e+001
  7.2380000e+002  2.3460483e+001
  7.2400000e+002  2.2172069e+001
  7.2420000e+002  2.0950841e+001
  7.2440000e+002  1.9794344e+001
  7.2460000e+002  1.8696498e+001
  7.2480000e+002  1.7658305e+001
  7.2500000e+002  1.6683816e+001
  7.2520000e+002  1.5761590e+001
  7.2540000e+002  1.4890027e+001
  7.2560000e+002  1.4055824e+001
  7.2580000e+002  1.3257694e+001
  7.2600000e+002  1.2500429e+001
  7.2620000e+002  1.1788415e+001
  7.2640000e+002  1.1136436e+001
  7.2660000e+002  1.0542964e+001
  7.2680000e+002  1.0009860e+001
  7.2700000e+002  9.5241780e+000
  7.2720000e+002  9.0654610e+000
  7.2740000e+002  8.6172340e+000
  7.2760000e+002  8.1600180e+000
  7.2780000e+002  7.6963900e+000
  7.2800000e+002  7.2341440e+000
  7.2820000e+002  6.7919960e+000
  7.2840000e+002  6.3882110e+000
  7.2860000e+002  6.0291290e+000
  7.2880000e+002  5.7166810e+000
  7.2900000e+002  5.4376840e+000
  7.2920000e+002  5.1813600e+000
  7.2940000e+002  4.9379820e+000
  7.2960000e+002  4.7041410e+000
  7.2980000e+002  4.4853440e+000
  7.3000000e+002  4.2855260e+000
  7.3020000e+002  4.1111940e+000
  7.3040000e+002  3.9598700e+000
  7.3060000e+002  3.8232800e+000
  7.3080000e+002  3.6902420e+000
  7.3100000e+002  3.5475250e+000
  7.3120000e+002  3.3895960e+000
  7.3140000e+002  3.2145970e+000
  7.3160000e+002  3.0280590e+000
  7.3180000e+002  2.8387780e+000
  7.3200000e+002  2.6559110e+000
  7.3220000e+002  2.4897330e+000
  7.3240000e+002  2.3447270e+000
  7.3260000e+002  2.2235630e+000
  7.3280000e+002  2.1244040e+000
  7.3300000e+002  2.0433180e+000
  7.3320000e+002  1.9763230e+000
  7.3340000e+002  1.9182920e+000
  7.3360000e+002  1.8656250e+000
  7.3380000e+002  1.8140550e+000
  7.3400000e+002  1.7607210e+000
  7.3420000e+002  1.7028800e+000
  7.3440000e+002  1.6377440e+000
  7.3460000e+002  1.5647640e+000
  7.3480000e+002  1.4849180e+000
  7.3500000e+002  1.4032120e+000
  7.3520000e+002  1.3276570e+000
  7.3540000e+002  1.2676710e+000
  7.3560000e+002  1.2297390e+000
  7.3580000e+002  1.2127160e+000
  7.3600000e+002  1.2079230e+000
  7.3620000e+002  1.2015810e+000
  7.3640000e+002  1.1811970e+000
  7.3660000e+002  1.1424300e+000
  7.3680000e+002  1.0906210e+000
  7.3700000e+002  1.0394570e+000
  7.3720000e+002  1.0035270e+000
  7.3740000e+002  9.9191600e-001
  7.3760000e+002  1.0029790e+000
  7.3780000e+002  1.0238880e+000
  7.3800000e+002  1.0374060e+000
  7.3820000e+002  1.0279410e+000
  7.3840000e+002  9.9005600e-001
  7.3860000e+002  9.2766200e-001
  7.3880000e+002  8.5246500e-001
  7.3900000e+002  7.7719600e-001
  7.3920000e+002  7.1086800e-001
  7.3940000e+002  6.5770100e-001
  7.3960000e+002  6.1738400e-001
  7.3980000e+002  5.8767700e-001
  7.4000000e+002  5.6645800e-001
  7.4020000e+002  5.5191500e-001
  7.4040000e+002  5.4266400e-001
  7.4060000e+002  5.3763300e-001
  7.4080000e+002  5.3594100e-001
  7.4100000e+002  5.3703700e-001
  7.4120000e+002  5.4018400e-001
  7.4140000e+002  5.4421400e-001
  7.4160000e+002  5.4731300e-001
  7.4180000e+002  5.4664600e-001
  7.4200000e+002  5.3875400e-001
  7.4220000e+002  5.2056300e-001
  7.4240000e+002  4.9145200e-001
  7.4260000e+002  4.5509300e-001
  7.4280000e+002  4.1971200e-001
  7.4300000e+002  3.9544100e-001
  7.4320000e+002  3.9033800e-001
  7.4340000e+002  4.0655100e-001
  7.4360000e+002  4.3816500e-001
  7.4380000e+002  4.7314100e-001
  7.4400000e+002  4.9555300e-001
  7.4420000e+002  4.9264400e-001
  7.4440000e+002  4.5855000e-001
  7.4460000e+002  3.9646600e-001
  7.4480000e+002  3.1840800e-001
  7.4500000e+002  2.4096900e-001
  7.4520000e+002  1.8062500e-001
  7.4540000e+002  1.4796200e-001
  7.4560000e+002  1.4467200e-001
  7.4580000e+002  1.6391200e-001
  7.4600000e+002  1.9373800e-001
  7.4620000e+002  2.2184800e-001
  7.4640000e+002  2.3992000e-001
  7.4660000e+002  2.4721600e-001
  7.4680000e+002  2.4976700e-001
  7.4700000e+002  2.5780200e-001
  7.4720000e+002  2.7792400e-001
  7.4740000e+002  3.0839400e-001
  7.4760000e+002  3.3814900e-001
  7.4780000e+002  3.5252500e-001
  7.4800000e+002  3.4110500e-001
  7.4820000e+002  3.0336300e-001
  7.4840000e+002  2.4890800e-001
  7.4860000e+002  1.9135400e-001
  7.4880000e+002  1.4142900e-001
  7.4900000e+002  1.0287700e-001
  7.4920000e+002  7.4696000e-002
  7.4940000e+002  5.4931000e-002
  7.4960000e+002  4.3964000e-002
  7.4980000e+002  4.3582000e-002
  7.5000000e+002  5.4025000e-002
  7.5020000e+002  7.3361000e-002
  7.5040000e+002  9.8037000e-002
  7.5060000e+002  1.2423900e-001
  7.5080000e+002  1.4891600e-001
  7.5100000e+002  1.6939600e-001
  7.5120000e+002  1.8262800e-001
  7.5140000e+002  1.8570400e-001
  7.5160000e+002  1.7669200e-001
  7.5180000e+002  1.5561500e-001
  7.5200000e+002  1.2462100e-001
  7.5220000e+002  8.7141000e-002
  7.5240000e+002  4.7135000e-002
  7.5260000e+002  9.7030000e-003
  7.5280000e+002 -1.8167000e-002
  7.5300000e+002 -2.9063000e-002
  7.5320000e+002 -1.7976000e-002
  7.5340000e+002  1.4638000e-002
  7.5360000e+002  6.1821000e-002
  7.5380000e+002  1.1253300e-001
  7.5400000e+002  1.5487600e-001
  7.5420000e+002  1.8186500e-001
  7.5440000e+002  1.9390500e-001
  7.5460000e+002  1.9779200e-001
  7.5480000e+002  2.0222600e-001
  7.5500000e+002  2.1097600e-001
  7.5520000e+002  2.1889200e-001
  7.5540000e+002  2.1409900e-001
  7.5560000e+002  1.8484500e-001
  7.5580000e+002  1.2795900e-001
  7.5600000e+002  5.3954000e-002
  7.5620000e+002 -1.6832000e-002
  7.5640000e+002 -6.3109000e-002
  7.5660000e+002 -7.4911000e-002
  7.5680000e+002 -5.6242000e-002
  7.5700000e+002 -2.2315000e-002
  7.5720000e+002  1.1801000e-002
  7.5740000e+002  3.9172000e-002
  7.5760000e+002  6.2942000e-002
  7.5780000e+002  9.0289000e-002
  7.5800000e+002  1.2516900e-001
  7.5820000e+002  1.6224300e-001
  7.5840000e+002  1.8851700e-001
  7.5860000e+002  1.8994800e-001
  7.5880000e+002  1.5997800e-001
  7.5900000e+002  1.0392600e-001
  7.5920000e+002  3.8027000e-002
  7.5940000e+002 -1.6140000e-002
  7.5960000e+002 -4.0459000e-002
  7.5980000e+002 -2.5439000e-002
  7.6000000e+002  2.5725000e-002
  7.6020000e+002  9.9396000e-002
  7.6040000e+002  1.7459300e-001
  7.6060000e+002  2.3012100e-001
  7.6080000e+002  2.5260400e-001
  7.6100000e+002  2.3992000e-001
  7.6120000e+002  2.0337100e-001
  7.6140000e+002  1.6160000e-001
  7.6160000e+002  1.3291800e-001
  7.6180000e+002  1.2555100e-001
  7.6200000e+002  1.3546900e-001
  7.6220000e+002  1.4994100e-001
  7.6240000e+002  1.5678400e-001
  7.6260000e+002  1.5146700e-001
  7.6280000e+002  1.3902100e-001
  7.6300000e+002  1.2927000e-001
  7.6320000e+002  1.2855500e-001
  7.6340000e+002  1.3537400e-001
  7.6360000e+002  1.4104800e-001
  7.6380000e+002  1.3511100e-001
  7.6400000e+002  1.1200900e-001
  7.6420000e+002  7.4791000e-002
  7.6440000e+002  3.2305000e-002
  7.6460000e+002 -4.1960000e-003
  7.6480000e+002 -2.6607000e-002
  7.6500000e+002 -3.2782000e-002
  7.6520000e+002 -2.6655000e-002
  7.6540000e+002 -1.5497000e-002
  7.6560000e+002 -7.3430000e-003
  7.6580000e+002 -7.6530000e-003
  7.6600000e+002 -1.6856000e-002
  7.6620000e+002 -3.0493000e-002
  7.6640000e+002 -4.1580000e-002
  7.6660000e+002 -4.3773000e-002
  7.6680000e+002 -3.4189000e-002
  7.6700000e+002 -1.5020000e-002
  7.6720000e+002  8.0820000e-003
  7.6740000e+002  2.8300000e-002
  7.6760000e+002  3.9958000e-002
  7.6780000e+002  4.0149000e-002
  7.6800000e+002  2.8586000e-002
  7.6820000e+002  8.3200000e-003
  7.6840000e+002 -1.4090000e-002
  7.6860000e+002 -2.9563000e-002
  7.6880000e+002 -2.9063000e-002
  7.6900000e+002 -8.7970000e-003
  7.6920000e+002  2.6273000e-002
  7.6940000e+002  6.2394000e-002
  7.6960000e+002  8.3708000e-002
  7.6980000e+002  7.9250000e-002
  7.7000000e+002  5.0640000e-002
  7.7020000e+002  1.0061000e-002
  7.7040000e+002 -2.5701000e-002
  7.7060000e+002 -4.5132000e-002
  7.7080000e+002 -4.5990000e-002
  7.7100000e+002 -3.2830000e-002
  7.7120000e+002 -1.1873000e-002
  7.7140000e+002  1.3732000e-002
  7.7160000e+002  4.3368000e-002
  7.7180000e+002  7.5960000e-002
  7.7200000e+002  1.0776500e-001
  7.7220000e+002  1.3208300e-001
  7.7240000e+002  1.4328900e-001
  7.7260000e+002  1.4038000e-001
  7.7280000e+002  1.2757700e-001
  7.7300000e+002  1.1198500e-001
  7.7320000e+002  9.9945000e-002
  7.7340000e+002  9.4795000e-002
  7.7360000e+002  9.5295000e-002
  7.7380000e+002  9.6297000e-002
  7.7400000e+002  9.0193000e-002
  7.7420000e+002  7.1263000e-002
  7.7440000e+002  3.8528000e-002
  7.7460000e+002 -2.0020000e-003
  7.7480000e+002 -4.0507000e-002
  7.7500000e+002 -6.7925000e-002
  7.7520000e+002 -7.9846000e-002
  7.7540000e+002 -7.7176000e-002
  7.7560000e+002 -6.3800000e-002
  7.7580000e+002 -4.1890000e-002
  7.7600000e+002 -1.1205000e-002
  7.7620000e+002  2.8562000e-002
  7.7640000e+002  7.3957000e-002
  7.7660000e+002  1.1651500e-001
  7.7680000e+002  1.4555400e-001
  7.7700000e+002  1.5356500e-001
  7.7720000e+002  1.4007000e-001
  7.7740000e+002  1.1167500e-001
  7.7760000e+002  7.8654000e-002
  7.7780000e+002  5.0449000e-002
  7.7800000e+002  3.3593000e-002
  7.7820000e+002  2.8967000e-002
  7.7840000e+002  3.3569000e-002
  7.7860000e+002  4.0721000e-002
  7.7880000e+002  4.2963000e-002
  7.7900000e+002  3.4999000e-002
  7.7920000e+002  1.6474000e-002
  7.7940000e+002 -6.5320000e-003
  7.7960000e+002 -2.4437000e-002
  7.7980000e+002 -2.9087000e-002
  7.8000000e+002 -2.0408000e-002
  7.8020000e+002 -6.7230000e-003
  7.8040000e+002 -1.5020000e-003
  7.8060000e+002 -1.3089000e-002
  7.8080000e+002 -3.9863000e-002
  7.8100000e+002 -6.9141000e-002
  7.8120000e+002 -8.4829000e-002
  7.8140000e+002 -7.6389000e-002
  7.8160000e+002 -4.5657000e-002
  7.8180000e+002 -4.6730000e-003
  7.8200000e+002  3.0612000e-002
  7.8220000e+002  4.8398000e-002
  7.8240000e+002  4.6277000e-002
  7.8260000e+002  2.9468000e-002
  7.8280000e+002  7.3670000e-003
  7.8300000e+002 -1.1587000e-002
  7.8320000e+002 -2.2411000e-002
  7.8340000e+002 -2.5510000e-002
  7.8360000e+002 -2.5796000e-002
  7.8380000e+002 -2.9873000e-002
  7.8400000e+002 -4.1675000e-002
  7.8420000e+002 -5.8889000e-002
  7.8440000e+002 -7.2979000e-002
  7.8460000e+002 -7.3647000e-002
  7.8480000e+002 -5.5170000e-002
  7.8500000e+002 -2.0074000e-002
  7.8520000e+002  2.0623000e-002
  7.8540000e+002  5.4121000e-002
  7.8560000e+002  7.1907000e-002
  7.8580000e+002  7.5435000e-002
  7.8600000e+002  7.3313000e-002
  7.8620000e+002  7.5149000e-002
  7.8640000e+002  8.3851000e-002
  7.8660000e+002  9.4079000e-002
  7.8680000e+002  9.5772000e-002
  7.8700000e+002  8.2969000e-002
  7.8720000e+002  5.9676000e-002
  7.8740000e+002  4.0006000e-002
  7.8760000e+002  3.9076000e-002
  7.8780000e+002  6.2489000e-002
  7.8800000e+002  1.0015900e-001
  7.8820000e+002  1.3206000e-001
  7.8840000e+002  1.4076200e-001
  7.8860000e+002  1.2242700e-001
  7.8880000e+002  8.8763000e-002
  7.8900000e+002  5.8150000e-002
  7.8920000e+002  4.5394000e-002
  7.8940000e+002  5.2404000e-002
  7.8960000e+002  6.9761000e-002
  7.8980000e+002  8.2159000e-002
  7.9000000e+002  7.8606000e-002
  7.9020000e+002  5.6314000e-002
  7.9040000e+002  2.1409000e-002
  7.9060000e+002 -1.5425000e-002
  7.9080000e+002 -4.3320000e-002
  7.9100000e+002 -5.5599000e-002
  7.9120000e+002 -5.1784000e-002
  7.9140000e+002 -3.6549000e-002
  7.9160000e+002 -1.6689000e-002
  7.9180000e+002  2.9560000e-003
  7.9200000e+002  2.0241000e-002
  7.9220000e+002  3.4928000e-002
  7.9240000e+002  4.6443000e-002
  7.9260000e+002  5.4407000e-002
  7.9280000e+002  5.9890000e-002
  7.9300000e+002  6.5588000e-002
  7.9320000e+002  7.3242000e-002
  7.9340000e+002  8.2063000e-002
  7.9360000e+002  8.7475000e-002
  7.9380000e+002  8.3279000e-002
  7.9400000e+002  6.6089000e-002
  7.9420000e+002  3.7765000e-002
  7.9440000e+002  5.6020000e-003
  7.9460000e+002 -2.2363000e-002
  7.9480000e+002 -4.1222000e-002
  7.9500000e+002 -5.0663000e-002
  7.9520000e+002 -5.3977000e-002
  7.9540000e+002 -5.4931000e-002
  7.9560000e+002 -5.5336000e-002
  7.9580000e+002 -5.5170000e-002
  7.9600000e+002 -5.2571000e-002
  7.9620000e+002 -4.4775000e-002
  7.9640000e+002 -3.0446000e-002
  7.9660000e+002 -1.0275000e-002
  7.9680000e+002  1.2636000e-002
  7.9700000e+002  3.5500000e-002
  7.9720000e+002  5.7530000e-002
  7.9740000e+002  8.0513000e-002
  7.9760000e+002  1.0683500e-001
  7.9780000e+002  1.3632700e-001
  7.9800000e+002  1.6384100e-001
  7.9820000e+002  1.8124500e-001
  7.9840000e+002  1.8086400e-001
  7.9860000e+002  1.6112300e-001
  7.9880000e+002  1.2888900e-001
  7.9900000e+002  9.6631000e-002
  7.9920000e+002  7.6794000e-002
  7.9940000e+002  7.4291000e-002
  7.9960000e+002  8.4638000e-002
  7.9980000e+002  9.6154000e-002
  8.0000000e+002  9.7537000e-002
