  2.1400000e+003  2.5486000e-002
  2.1402000e+003  4.7600000e-004
  2.1404000e+003 -2.8753000e-002
  2.1406000e+003 -4.7993000e-002
  2.1408000e+003 -4.6110000e-002
  2.1410000e+003 -1.9192000e-002
  2.1412000e+003  2.8872000e-002
  2.1414000e+003  8.7976000e-002
  2.1416000e+003  1.4553000e-001
  2.1418000e+003  1.9090100e-001
  2.1420000e+003  2.1789000e-001
  2.1422000e+003  2.2716500e-001
  2.1424000e+003  2.2542400e-001
  2.1426000e+003  2.2346900e-001
  2.1428000e+003  2.3109900e-001
  2.1430000e+003  2.5124500e-001
  2.1432000e+003  2.7618400e-001
  2.1434000e+003  2.8984500e-001
  2.1436000e+003  2.7825800e-001
  2.1438000e+003  2.4075500e-001
  2.1440000e+003  1.9502600e-001
  2.1442000e+003  1.6853800e-001
  2.1444000e+003  1.8436900e-001
  2.1446000e+003  2.4478400e-001
  2.1448000e+003  3.3047100e-001
  2.1450000e+003  4.0845800e-001
  2.1452000e+003  4.5192200e-001
  2.1454000e+003  4.5044400e-001
  2.1456000e+003  4.1253500e-001
  2.1458000e+003  3.5662600e-001
  2.1460000e+003  2.9957200e-001
  2.1462000e+003  2.5177000e-001
  2.1464000e+003  2.1724700e-001
  2.1466000e+003  1.9700500e-001
  2.1468000e+003  1.9092500e-001
  2.1470000e+003  1.9719600e-001
  2.1472000e+003  2.1114300e-001
  2.1474000e+003  2.2459000e-001
  2.1476000e+003  2.2983500e-001
  2.1478000e+003  2.2244400e-001
  2.1480000e+003  2.0279800e-001
  2.1482000e+003  1.7530900e-001
  2.1484000e+003  1.4569700e-001
  2.1486000e+003  1.1792100e-001
  2.1488000e+003  9.3770000e-002
  2.1490000e+003  7.4219000e-002
  2.1492000e+003  6.0081000e-002
  2.1494000e+003  5.2261000e-002
  2.1496000e+003  5.1689000e-002
  2.1498000e+003  5.8603000e-002
  2.1500000e+003  7.1787000e-002
  2.1502000e+003  8.8906000e-002
  2.1504000e+003  1.0666800e-001
  2.1506000e+003  1.2125900e-001
  2.1508000e+003  1.2977100e-001
  2.1510000e+003  1.3201200e-001
  2.1512000e+003  1.3189300e-001
  2.1514000e+003  1.3737600e-001
  2.1516000e+003  1.5647400e-001
  2.1518000e+003  1.9173600e-001
  2.1520000e+003  2.3682100e-001
  2.1522000e+003  2.7797200e-001
  2.1524000e+003  3.0126500e-001
  2.1526000e+003  3.0009700e-001
  2.1528000e+003  2.7935500e-001
  2.1530000e+003  2.5131700e-001
  2.1532000e+003  2.2981100e-001
  2.1534000e+003  2.2287300e-001
  2.1536000e+003  2.3241000e-001
  2.1538000e+003  2.5641900e-001
  2.1540000e+003  2.9172800e-001
  2.1542000e+003  3.3373800e-001
  2.1544000e+003  3.7415000e-001
  2.1546000e+003  4.0059000e-001
  2.1548000e+003  4.0149600e-001
  2.1550000e+003  3.7302900e-001
  2.1552000e+003  3.2224600e-001
  2.1554000e+003  2.6361900e-001
  2.1556000e+003  2.1214400e-001
  2.1558000e+003  1.7590500e-001
  2.1560000e+003  1.5561500e-001
  2.1562000e+003  1.4898700e-001
  2.1564000e+003  1.5614000e-001
  2.1566000e+003  1.8043500e-001
  2.1568000e+003  2.2468500e-001
  2.1570000e+003  2.8431400e-001
  2.1572000e+003  3.4465700e-001
  2.1574000e+003  3.8483100e-001
  2.1576000e+003  3.8881300e-001
  2.1578000e+003  3.5285900e-001
  2.1580000e+003  2.8986900e-001
  2.1582000e+003  2.2225300e-001
  2.1584000e+003  1.7273400e-001
  2.1586000e+003  1.5292100e-001
  2.1588000e+003  1.6064600e-001
  2.1590000e+003  1.8377300e-001
  2.1592000e+003  2.0899700e-001
  2.1594000e+003  2.2900100e-001
  2.1596000e+003  2.4240000e-001
  2.1598000e+003  2.5112600e-001
  2.1600000e+003  2.5699100e-001
  2.1602000e+003  2.5994700e-001
  2.1604000e+003  2.6054300e-001
  2.1606000e+003  2.6032900e-001
  2.1608000e+003  2.6125900e-001
  2.1610000e+003  2.6392900e-001
  2.1612000e+003  2.6736200e-001
  2.1614000e+003  2.6891200e-001
  2.1616000e+003  2.6657500e-001
  2.1618000e+003  2.6023300e-001
  2.1620000e+003  2.5081600e-001
  2.1622000e+003  2.3961000e-001
  2.1624000e+003  2.2850000e-001
  2.1626000e+003  2.2089400e-001
  2.1628000e+003  2.2408900e-001
  2.1630000e+003  2.4776400e-001
  2.1632000e+003  2.9981100e-001
  2.1634000e+003  3.7920400e-001
  2.1636000e+003  4.7295000e-001
  2.1638000e+003  5.5625400e-001
  2.1640000e+003  6.0260200e-001
  2.1642000e+003  5.9392400e-001
  2.1644000e+003  5.3200700e-001
  2.1646000e+003  4.3940500e-001
  2.1648000e+003  3.5102300e-001
  2.1650000e+003  2.9842800e-001
  2.1652000e+003  2.9551900e-001
  2.1654000e+003  3.3559700e-001
  2.1656000e+003  3.9720500e-001
  2.1658000e+003  4.5957500e-001
  2.1660000e+003  5.1171700e-001
  2.1662000e+003  5.5522900e-001
  2.1664000e+003  5.9697600e-001
  2.1666000e+003  6.3922400e-001
  2.1668000e+003  6.7374700e-001
  2.1670000e+003  6.8631100e-001
  2.1672000e+003  6.6549700e-001
  2.1674000e+003  6.1442800e-001
  2.1676000e+003  5.5086600e-001
  2.1678000e+003  5.0241900e-001
  2.1680000e+003  4.9233400e-001
  2.1682000e+003  5.2800100e-001
  2.1684000e+003  5.9757200e-001
  2.1686000e+003  6.7698900e-001
  2.1688000e+003  7.4224400e-001
  2.1690000e+003  7.7977100e-001
  2.1692000e+003  7.9054800e-001
  2.1694000e+003  7.8239400e-001
  2.1696000e+003  7.6262900e-001
  2.1698000e+003  7.3299400e-001
  2.1700000e+003  6.9096000e-001
  2.1702000e+003  6.3452700e-001
  2.1704000e+003  5.6810300e-001
  2.1706000e+003  5.0292000e-001
  2.1708000e+003  4.5354300e-001
  2.1710000e+003  4.3051200e-001
  2.1712000e+003  4.3654400e-001
  2.1714000e+003  4.6565500e-001
  2.1716000e+003  5.0852200e-001
  2.1718000e+003  5.5806600e-001
  2.1720000e+003  6.1285400e-001
  2.1722000e+003  6.7563000e-001
  2.1724000e+003  7.4739400e-001
  2.1726000e+003  8.2032600e-001
  2.1728000e+003  8.7809500e-001
  2.1730000e+003  9.0320100e-001
  2.1732000e+003  8.8908600e-001
  2.1734000e+003  8.4767300e-001
  2.1736000e+003  8.0449500e-001
  2.1738000e+003  7.8620900e-001
  2.1740000e+003  8.0544900e-001
  2.1742000e+003  8.5585100e-001
  2.1744000e+003  9.1705300e-001
  2.1746000e+003  9.6724000e-001
  2.1748000e+003  9.9246500e-001
  2.1750000e+003  9.9174900e-001
  2.1752000e+003  9.7243700e-001
  2.1754000e+003  9.4628300e-001
  2.1756000e+003  9.2577900e-001
  2.1758000e+003  9.2298900e-001
  2.1760000e+003  9.4840500e-001
  2.1762000e+003  1.0056970e+000
  2.1764000e+003  1.0884520e+000
  2.1766000e+003  1.1806010e+000
  2.1768000e+003  1.2625450e+000
  2.1770000e+003  1.3208620e+000
  2.1772000e+003  1.3549560e+000
  2.1774000e+003  1.3759610e+000
  2.1776000e+003  1.3979190e+000
  2.1778000e+003  1.4296530e+000
  2.1780000e+003  1.4673470e+000
  2.1782000e+003  1.5006780e+000
  2.1784000e+003  1.5213250e+000
  2.1786000e+003  1.5303130e+000
  2.1788000e+003  1.5363930e+000
  2.1790000e+003  1.5480510e+000
  2.1792000e+003  1.5640250e+000
  2.1794000e+003  1.5722270e+000
  2.1796000e+003  1.5571110e+000
  2.1798000e+003  1.5137430e+000
  2.1800000e+003  1.4530890e+000
  2.1802000e+003  1.4005180e+000
  2.1804000e+003  1.3808250e+000
  2.1806000e+003  1.4073130e+000
  2.1808000e+003  1.4763110e+000
  2.1810000e+003  1.5735860e+000
  2.1812000e+003  1.6840930e+000
  2.1814000e+003  1.7983430e+000
  2.1816000e+003  1.9123790e+000
  2.1818000e+003  2.0220750e+000
  2.1820000e+003  2.1191590e+000
  2.1822000e+003  2.1942850e+000
  2.1824000e+003  2.2421120e+000
  2.1826000e+003  2.2679800e+000
  2.1828000e+003  2.2843360e+000
  2.1830000e+003  2.3060560e+000
  2.1832000e+003  2.3419610e+000
  2.1834000e+003  2.3920290e+000
  2.1836000e+003  2.4511570e+000
  2.1838000e+003  2.5147670e+000
  2.1840000e+003  2.5834560e+000
  2.1842000e+003  2.6609890e+000
  2.1844000e+003  2.7501340e+000
  2.1846000e+003  2.8493640e+000
  2.1848000e+003  2.9504060e+000
  2.1850000e+003  3.0428640e+000
  2.1852000e+003  3.1168220e+000
  2.1854000e+003  3.1666270e+000
  2.1856000e+003  3.1949750e+000
  2.1858000e+003  3.2126900e+000
  2.1860000e+003  3.2385580e+000
  2.1862000e+003  3.2901040e+000
  2.1864000e+003  3.3777230e+000
  2.1866000e+003  3.4980290e+000
  2.1868000e+003  3.6358110e+000
  2.1870000e+003  3.7734740e+000
  2.1872000e+003  3.8992880e+000
  2.1874000e+003  4.0166850e+000
  2.1876000e+003  4.1373490e+000
  2.1878000e+003  4.2737480e+000
  2.1880000e+003  4.4295780e+000
  2.1882000e+003  4.5973060e+000
  2.1884000e+003  4.7651520e+000
  2.1886000e+003  4.9231290e+000
  2.1888000e+003  5.0697560e+000
  2.1890000e+003  5.2120440e+000
  2.1892000e+003  5.3595780e+000
  2.1894000e+003  5.5203670e+000
  2.1896000e+003  5.6921240e+000
  2.1898000e+003  5.8679810e+000
  2.1900000e+003  6.0374970e+000
  2.1902000e+003  6.1961650e+000
  2.1904000e+003  6.3513750e+000
  2.1906000e+003  6.5195560e+000
  2.1908000e+003  6.7225210e+000
  2.1910000e+003  6.9712630e+000
  2.1912000e+003  7.2624680e+000
  2.1914000e+003  7.5764410e+000
  2.1916000e+003  7.8879350e+000
  2.1918000e+003  8.1803320e+000
  2.1920000e+003  8.4493160e+000
  2.1922000e+003  8.7066880e+000
  2.1924000e+003  8.9701890e+000
  2.1926000e+003  9.2549080e+000
  2.1928000e+003  9.5687380e+000
  2.1930000e+003  9.9067210e+000
  2.1932000e+003  1.0261416e+001
  2.1934000e+003  1.0622191e+001
  2.1936000e+003  1.0984230e+001
  2.1938000e+003  1.1351323e+001
  2.1940000e+003  1.1731791e+001
  2.1942000e+003  1.2140941e+001
  2.1944000e+003  1.2586236e+001
  2.1946000e+003  1.3070583e+001
  2.1948000e+003  1.3586521e+001
  2.1950000e+003  1.4121365e+001
  2.1952000e+003  1.4666819e+001
  2.1954000e+003  1.5215539e+001
  2.1956000e+003  1.5770912e+001
  2.1958000e+003  1.6337275e+001
  2.1960000e+003  1.6920638e+001
  2.1962000e+003  1.7525386e+001
  2.1964000e+003  1.8148350e+001
  2.1966000e+003  1.8789768e+001
  2.1968000e+003  1.9445991e+001
  2.1970000e+003  2.0118546e+001
  2.1972000e+003  2.0810532e+001
  2.1974000e+003  2.1523141e+001
  2.1976000e+003  2.2260189e+001
  2.1978000e+003  2.3019981e+001
  2.1980000e+003  2.3806309e+001
  2.1982000e+003  2.4623250e+001
  2.1984000e+003  2.5475859e+001
  2.1986000e+003  2.6367259e+001
  2.1988000e+003  2.7289319e+001
  2.1990000e+003  2.8229951e+001
  2.1992000e+003  2.9173707e+001
  2.1994000e+003  3.0113720e+001
  2.1996000e+003  3.1054759e+001
  2.1998000e+003  3.2006525e+001
  2.2000000e+003  3.2980799e+001
  2.2002000e+003  3.3977627e+001
  2.2004000e+003  3.4990930e+001
  2.2006000e+003  3.6010622e+001
  2.2008000e+003  3.7031626e+001
  2.2010000e+003  3.8058161e+001
  2.2012000e+003  3.9097833e+001
  2.2014000e+003  4.0156459e+001
  2.2016000e+003  4.1232061e+001
  2.2018000e+003  4.2315053e+001
  2.2020000e+003  4.3393778e+001
  2.2022000e+003  4.4459891e+001
  2.2024000e+003  4.5510959e+001
  2.2026000e+003  4.6551609e+001
  2.2028000e+003  4.7587132e+001
  2.2030000e+003  4.8620796e+001
  2.2032000e+003  4.9650812e+001
  2.2034000e+003  5.0671291e+001
  2.2036000e+003  5.1679444e+001
  2.2038000e+003  5.2673196e+001
  2.2040000e+003  5.3654074e+001
  2.2042000e+003  5.4620480e+001
  2.2044000e+003  5.5566167e+001
  2.2046000e+003  5.6485009e+001
  2.2048000e+003  5.7369184e+001
  2.2050000e+003  5.8220195e+001
  2.2052000e+003  5.9042429e+001
  2.2054000e+003  5.9843492e+001
  2.2056000e+003  6.0630178e+001
  2.2058000e+003  6.1402297e+001
  2.2060000e+003  6.2161278e+001
  2.2062000e+003  6.2903666e+001
  2.2064000e+003  6.3629698e+001
  2.2066000e+003  6.4338397e+001
  2.2068000e+003  6.5024161e+001
  2.2070000e+003  6.5683460e+001
  2.2072000e+003  6.6307187e+001
  2.2074000e+003  6.6896510e+001
  2.2076000e+003  6.7457008e+001
  2.2078000e+003  6.8000316e+001
  2.2080000e+003  6.8540167e+001
  2.2082000e+003  6.9079399e+001
  2.2084000e+003  6.9616436e+001
  2.2086000e+003  7.0140457e+001
  2.2088000e+003  7.0644354e+001
  2.2090000e+003  7.1128392e+001
  2.2092000e+003  7.1594262e+001
  2.2094000e+003  7.2045207e+001
  2.2096000e+003  7.2470092e+001
  2.2098000e+003  7.2854828e+001
  2.2100000e+003  7.3183417e+001
  2.2102000e+003  7.3450231e+001
  2.2104000e+003  7.3666048e+001
  2.2106000e+003  7.3847675e+001
  2.2108000e+003  7.4018311e+001
  2.2110000e+003  7.4192786e+001
  2.2112000e+003  7.4381995e+001
  2.2114000e+003  7.4593734e+001
  2.2116000e+003  7.4829506e+001
  2.2118000e+003  7.5090980e+001
  2.2120000e+003  7.5365519e+001
  2.2122000e+003  7.5634884e+001
  2.2124000e+003  7.5874495e+001
  2.2126000e+003  7.6063632e+001
  2.2128000e+003  7.6197028e+001
  2.2130000e+003  7.6278328e+001
  2.2132000e+003  7.6323342e+001
  2.2134000e+003  7.6344990e+001
  2.2136000e+003  7.6352715e+001
  2.2138000e+003  7.6352739e+001
  2.2140000e+003  7.6344680e+001
  2.2142000e+003  7.6332402e+001
  2.2144000e+003  7.6312303e+001
  2.2146000e+003  7.6280641e+001
  2.2148000e+003  7.6230525e+001
  2.2150000e+003  7.6153135e+001
  2.2152000e+003  7.6047086e+001
  2.2154000e+003  7.5907921e+001
  2.2156000e+003  7.5740456e+001
  2.2158000e+003  7.5546979e+001
  2.2160000e+003  7.5330328e+001
  2.2162000e+003  7.5096774e+001
  2.2164000e+003  7.4845218e+001
  2.2166000e+003  7.4579548e+001
  2.2168000e+003  7.4291706e+001
  2.2170000e+003  7.3969674e+001
  2.2172000e+003  7.3598790e+001
  2.2174000e+003  7.3164796e+001
  2.2176000e+003  7.2670602e+001
  2.2178000e+003  7.2125220e+001
  2.2180000e+003  7.1549248e+001
  2.2182000e+003  7.0956873e+001
  2.2184000e+003  7.0347738e+001
  2.2186000e+003  6.9713854e+001
  2.2188000e+003  6.9034337e+001
  2.2190000e+003  6.8301844e+001
  2.2192000e+003  6.7515587e+001
  2.2194000e+003  6.6688489e+001
  2.2196000e+003  6.5838837e+001
  2.2198000e+003  6.4976429e+001
  2.2200000e+003  6.4109110e+001
  2.2202000e+003  6.3231754e+001
  2.2204000e+003  6.2341237e+001
  2.2206000e+003  6.1435079e+001
  2.2208000e+003  6.0510754e+001
  2.2210000e+003  5.9569025e+001
  2.2212000e+003  5.8601927e+001
  2.2214000e+003  5.7604002e+001
  2.2216000e+003  5.6568455e+001
  2.2218000e+003  5.5494713e+001
  2.2220000e+003  5.4391241e+001
  2.2222000e+003  5.3270292e+001
  2.2224000e+003  5.2150678e+001
  2.2226000e+003  5.1045584e+001
  2.2228000e+003  4.9961590e+001
  2.2230000e+003  4.8895144e+001
  2.2232000e+003  4.7835063e+001
  2.2234000e+003  4.6770548e+001
  2.2236000e+003  4.5696187e+001
  2.2238000e+003  4.4613409e+001
  2.2240000e+003  4.3527936e+001
  2.2242000e+003  4.2443418e+001
  2.2244000e+003  4.1358518e+001
  2.2246000e+003  4.0269231e+001
  2.2248000e+003  3.9172482e+001
  2.2250000e+003  3.8072085e+001
  2.2252000e+003  3.6975741e+001
  2.2254000e+003  3.5891509e+001
  2.2256000e+003  3.4825205e+001
  2.2258000e+003  3.3777475e+001
  2.2260000e+003  3.2752060e+001
  2.2262000e+003  3.1752562e+001
  2.2264000e+003  3.0786919e+001
  2.2266000e+003  2.9862976e+001
  2.2268000e+003  2.8981947e+001
  2.2270000e+003  2.8141117e+001
  2.2272000e+003  2.7325701e+001
  2.2274000e+003  2.6519918e+001
  2.2276000e+003  2.5708413e+001
  2.2278000e+003  2.4883890e+001
  2.2280000e+003  2.4052238e+001
  2.2282000e+003  2.3223948e+001
  2.2284000e+003  2.2416353e+001
  2.2286000e+003  2.1640348e+001
  2.2288000e+003  2.0900940e+001
  2.2290000e+003  2.0197463e+001
  2.2292000e+003  1.9522190e+001
  2.2294000e+003  1.8871569e+001
  2.2296000e+003  1.8239259e+001
  2.2298000e+003  1.7624711e+001
  2.2300000e+003  1.7031168e+001
  2.2302000e+003  1.6462850e+001
  2.2304000e+003  1.5927171e+001
  2.2306000e+003  1.5420341e+001
  2.2308000e+003  1.4934134e+001
  2.2310000e+003  1.4452743e+001
  2.2312000e+003  1.3962960e+001
  2.2314000e+003  1.3463115e+001
  2.2316000e+003  1.2958097e+001
  2.2318000e+003  1.2463021e+001
  2.2320000e+003  1.1986947e+001
  2.2322000e+003  1.1535739e+001
  2.2324000e+003  1.1110973e+001
  2.2326000e+003  1.0712647e+001
  2.2328000e+003  1.0346746e+001
  2.2330000e+003  1.0014581e+001
  2.2332000e+003  9.7148180e+000
  2.2334000e+003  9.4374170e+000
  2.2336000e+003  9.1682190e+000
  2.2338000e+003  8.8969700e+000
  2.2340000e+003  8.6158510e+000
  2.2342000e+003  8.3270540e+000
  2.2344000e+003  8.0349200e+000
  2.2346000e+003  7.7470770e+000
  2.2348000e+003  7.4717520e+000
  2.2350000e+003  7.2143790e+000
  2.2352000e+003  6.9804900e+000
  2.2354000e+003  6.7682980e+000
  2.2356000e+003  6.5729610e+000
  2.2358000e+003  6.3851830e+000
  2.2360000e+003  6.1957590e+000
  2.2362000e+003  6.0013290e+000
  2.2364000e+003  5.8021540e+000
  2.2366000e+003  5.6043860e+000
  2.2368000e+003  5.4141990e+000
  2.2370000e+003  5.2371500e+000
  2.2372000e+003  5.0765750e+000
  2.2374000e+003  4.9325940e+000
  2.2376000e+003  4.8041100e+000
  2.2378000e+003  4.6859500e+000
  2.2380000e+003  4.5711990e+000
  2.2382000e+003  4.4515130e+000
  2.2384000e+003  4.3213120e+000
  2.2386000e+003  4.1823380e+000
  2.2388000e+003  4.0417670e+000
  2.2390000e+003  3.9105650e+000
  2.2392000e+003  3.7952660e+000
  2.2394000e+003  3.6931750e+000
  2.2396000e+003  3.5950660e+000
  2.2398000e+003  3.4895890e+000
  2.2400000e+003  3.3725260e+000
  2.2402000e+003  3.2477140e+000
  2.2404000e+003  3.1253330e+000
  2.2406000e+003  3.0153270e+000
  2.2408000e+003  2.9224150e+000
  2.2410000e+003  2.8471700e+000
  2.2412000e+003  2.7868500e+000
  2.2414000e+003  2.7398340e+000
  2.2416000e+003  2.7046910e+000
  2.2418000e+003  2.6779650e+000
  2.2420000e+003  2.6533120e+000
  2.2422000e+003  2.6206250e+000
  2.2424000e+003  2.5718210e+000
  2.2426000e+003  2.5030610e+000
  2.2428000e+003  2.4166100e+000
  2.2430000e+003  2.3191690e+000
  2.2432000e+003  2.2179120e+000
  2.2434000e+003  2.1192780e+000
  2.2436000e+003  2.0271530e+000
  2.2438000e+003  1.9446610e+000
  2.2440000e+003  1.8755670e+000
  2.2442000e+003  1.8239020e+000
  2.2444000e+003  1.7921200e+000
  2.2446000e+003  1.7779110e+000
  2.2448000e+003  1.7754310e+000
  2.2450000e+003  1.7769330e+000
  2.2452000e+003  1.7756930e+000
  2.2454000e+003  1.7674920e+000
  2.2456000e+003  1.7479410e+000
  2.2458000e+003  1.7124170e+000
  2.2460000e+003  1.6561260e+000
  2.2462000e+003  1.5775440e+000
  2.2464000e+003  1.4825100e+000
  2.2466000e+003  1.3835430e+000
  2.2468000e+003  1.2953510e+000
  2.2470000e+003  1.2274740e+000
  2.2472000e+003  1.1811010e+000
  2.2474000e+003  1.1513470e+000
  2.2476000e+003  1.1325590e+000
  2.2478000e+003  1.1228790e+000
  2.2480000e+003  1.1234760e+000
  2.2482000e+003  1.1347050e+000
  2.2484000e+003  1.1540170e+000
  2.2486000e+003  1.1775730e+000
  2.2488000e+003  1.2026540e+000
  2.2490000e+003  1.2284270e+000
  2.2492000e+003  1.2535090e+000
  2.2494000e+003  1.2711280e+000
  2.2496000e+003  1.2694120e+000
  2.2498000e+003  1.2363430e+000
  2.2500000e+003  1.1700150e+000
  2.2502000e+003  1.0822770e+000
  2.2504000e+003  9.9534900e-001
  2.2506000e+003  9.2954600e-001
  2.2508000e+003  8.9185200e-001
  2.2510000e+003  8.7242100e-001
  2.2512000e+003  8.5318000e-001
  2.2514000e+003  8.2077900e-001
  2.2516000e+003  7.7590900e-001
  2.2518000e+003  7.3339900e-001
  2.2520000e+003  7.1139300e-001
  2.2522000e+003  7.1938000e-001
  2.2524000e+003  7.5070800e-001
  2.2526000e+003  7.8763900e-001
  2.2528000e+003  8.1074200e-001
  2.2530000e+003  8.1076600e-001
  2.2532000e+003  7.9159700e-001
  2.2534000e+003  7.6751700e-001
  2.2536000e+003  7.5168600e-001
  2.2538000e+003  7.4927800e-001
  2.2540000e+003  7.5395100e-001
  2.2542000e+003  7.5128000e-001
  2.2544000e+003  7.2751000e-001
  2.2546000e+003  6.7853900e-001
  2.2548000e+003  6.1378400e-001
  2.2550000e+003  5.5384600e-001
  2.2552000e+003  5.2173100e-001
  2.2554000e+003  5.3122000e-001
  2.2556000e+003  5.8069200e-001
  2.2558000e+003  6.5195500e-001
  2.2560000e+003  7.1914100e-001
  2.2562000e+003  7.5705000e-001
  2.2564000e+003  7.5125600e-001
  2.2566000e+003  7.0235700e-001
  2.2568000e+003  6.2346400e-001
  2.2570000e+003  5.3560700e-001
  2.2572000e+003  4.5998000e-001
  2.2574000e+003  4.1282100e-001
  2.2576000e+003  3.9992300e-001
  2.2578000e+003  4.1689800e-001
  2.2580000e+003  4.5170700e-001
  2.2582000e+003  4.9066500e-001
  2.2584000e+003  5.2371000e-001
  2.2586000e+003  5.4728900e-001
  2.2588000e+003  5.6359700e-001
  2.2590000e+003  5.7599500e-001
  2.2592000e+003  5.8560300e-001
  2.2594000e+003  5.8970400e-001
  2.2596000e+003  5.8336200e-001
  2.2598000e+003  5.6176100e-001
  2.2600000e+003  5.2299400e-001
  2.2602000e+003  4.6844400e-001
  2.2604000e+003  4.0357100e-001
  2.2606000e+003  3.3760000e-001
  2.2608000e+003  2.8250200e-001
  2.2610000e+003  2.5036300e-001
  2.2612000e+003  2.4831200e-001
  2.2614000e+003  2.7389500e-001
  2.2616000e+003  3.1311500e-001
  2.2618000e+003  3.4670800e-001
  2.2620000e+003  3.5791300e-001
  2.2622000e+003  3.4031800e-001
  2.2624000e+003  2.9931000e-001
  2.2626000e+003  2.4802600e-001
  2.2628000e+003  2.0043800e-001
  2.2630000e+003  1.6479400e-001
  2.2632000e+003  1.4369400e-001
  2.2634000e+003  1.3465800e-001
  2.2636000e+003  1.3267900e-001
  2.2638000e+003  1.3113000e-001
  2.2640000e+003  1.2333300e-001
  2.2642000e+003  1.0604800e-001
  2.2644000e+003  8.2039000e-002
  2.2646000e+003  6.0820000e-002
  2.2648000e+003  5.1641000e-002
  2.2650000e+003  5.8341000e-002
  2.2652000e+003  7.7009000e-002
  2.2654000e+003  1.0085100e-001
  2.2656000e+003  1.2686200e-001
  2.2658000e+003  1.6059800e-001
  2.2660000e+003  2.1061800e-001
  2.2662000e+003  2.8014100e-001
  2.2664000e+003  3.5908200e-001
  2.2666000e+003  4.2679300e-001
  2.2668000e+003  4.6012400e-001
  2.2670000e+003  4.4834600e-001
  2.2672000e+003  3.9677600e-001
  2.2674000e+003  3.2458300e-001
  2.2676000e+003  2.5448700e-001
  2.2678000e+003  2.0408600e-001
  2.2680000e+003  1.8153100e-001
  2.2682000e+003  1.8599000e-001
  2.2684000e+003  2.1054700e-001
  2.2686000e+003  2.4397300e-001
  2.2688000e+003  2.7410900e-001
  2.2690000e+003  2.9060800e-001
  2.2692000e+003  2.8965400e-001
  2.2694000e+003  2.7608800e-001
  2.2696000e+003  2.6128200e-001
  2.2698000e+003  2.5708600e-001
  2.2700000e+003  2.6781500e-001
  2.2702000e+003  2.8932000e-001
  2.2704000e+003  3.1118300e-001
  2.2706000e+003  3.2393900e-001
  2.2708000e+003  3.2296100e-001
  2.2710000e+003  3.0896600e-001
  2.2712000e+003  2.8450400e-001
  2.2714000e+003  2.5138800e-001
  2.2716000e+003  2.1047500e-001
  2.2718000e+003  1.6551000e-001
  2.2720000e+003  1.2457300e-001
  2.2722000e+003  9.7560000e-002
  2.2724000e+003  8.9907000e-002
  2.2726000e+003  9.9062000e-002
  2.2728000e+003  1.1334400e-001
  2.2730000e+003  1.2087800e-001
  2.2732000e+003  1.1768300e-001
  2.2734000e+003  1.1241400e-001
  2.2736000e+003  1.2054400e-001
  2.2738000e+003  1.5485200e-001
  2.2740000e+003  2.1386100e-001
  2.2742000e+003  2.8221600e-001
  2.2744000e+003  3.3736200e-001
  2.2746000e+003  3.6332600e-001
  2.2748000e+003  3.5843800e-001
  2.2750000e+003  3.3507300e-001
  2.2752000e+003  3.0961000e-001
  2.2754000e+003  2.9044100e-001
  2.2756000e+003  2.7310800e-001
  2.2758000e+003  2.4528500e-001
  2.2760000e+003  1.9712400e-001
  2.2762000e+003  1.3115400e-001
  2.2764000e+003  6.2775000e-002
  2.2766000e+003  1.1944000e-002
  2.2768000e+003 -6.1980000e-003
  2.2770000e+003  1.0180000e-002
  2.2772000e+003  5.0711000e-002
  2.2774000e+003  9.8824000e-002
  2.2776000e+003  1.4045200e-001
  2.2778000e+003  1.6746500e-001
  2.2780000e+003  1.7886100e-001
  2.2782000e+003  1.7790700e-001
  2.2784000e+003  1.6961000e-001
  2.2786000e+003  1.5900100e-001
  2.2788000e+003  1.5039400e-001
  2.2790000e+003  1.4705600e-001
  2.2792000e+003  1.4994100e-001
  2.2794000e+003  1.5738000e-001
  2.2796000e+003  1.6505700e-001
  2.2798000e+003  1.6546200e-001
  2.2800000e+003  1.5118100e-001
