  6.4000000e+002  3.2296100e-001
  6.4020000e+002  3.1356800e-001
  6.4040000e+002  1.6314900e-001
  6.4060000e+002 -2.6940000e-003
  6.4080000e+002 -5.7816000e-002
  6.4100000e+002 -4.2366000e-002
  6.4120000e+002  4.2430000e-003
  6.4140000e+002  9.6082000e-002
  6.4160000e+002  1.8627600e-001
  6.4180000e+002  1.6264900e-001
  6.4200000e+002 -1.0061000e-002
  6.4220000e+002 -2.2830900e-001
  6.4240000e+002 -3.8352000e-001
  6.4260000e+002 -4.1332200e-001
  6.4280000e+002 -2.4690600e-001
  6.4300000e+002  7.1287000e-002
  6.4320000e+002  3.1292400e-001
  6.4340000e+002  3.2119700e-001
  6.4360000e+002  1.6784600e-001
  6.4380000e+002  1.7189000e-002
  6.4400000e+002 -1.9359000e-002
  6.4420000e+002  6.2775000e-002
  6.4440000e+002  1.5084700e-001
  6.4460000e+002  1.2750600e-001
  6.4480000e+002  2.1648000e-002
  6.4500000e+002 -5.8937000e-002
  6.4520000e+002 -6.3824000e-002
  6.4540000e+002  5.7690000e-003
  6.4560000e+002  9.9992000e-002
  6.4580000e+002  1.0247200e-001
  6.4600000e+002 -2.3245000e-002
  6.4620000e+002 -1.1982900e-001
  6.4640000e+002 -7.5006000e-002
  6.4660000e+002  2.7650000e-003
  6.4680000e+002 -9.0590000e-003
  6.4700000e+002 -8.3875000e-002
  6.4720000e+002 -1.2855500e-001
  6.4740000e+002 -8.9359000e-002
  6.4760000e+002 -4.9110000e-003
  6.4780000e+002  7.5030000e-002
  6.4800000e+002  1.8389200e-001
  6.4820000e+002  2.8522000e-001
  6.4840000e+002  2.6068600e-001
  6.4860000e+002  2.0658900e-001
  6.4880000e+002  3.2286600e-001
  6.4900000e+002  5.1052500e-001
  6.4920000e+002  5.6860400e-001
  6.4940000e+002  5.5663500e-001
  6.4960000e+002  5.4788500e-001
  6.4980000e+002  4.8694600e-001
  6.5000000e+002  4.0245000e-001
  6.5020000e+002  3.7450700e-001
  6.5040000e+002  3.4573000e-001
  6.5060000e+002  2.1462400e-001
  6.5080000e+002  6.1631000e-002
  6.5100000e+002  1.5970000e-003
  6.5120000e+002 -3.6597000e-002
  6.5140000e+002 -1.1391600e-001
  6.5160000e+002 -1.2109200e-001
  6.5180000e+002 -1.5449000e-002
  6.5200000e+002  9.7370000e-002
  6.5220000e+002  2.0167800e-001
  6.5240000e+002  3.2439200e-001
  6.5260000e+002  3.9143500e-001
  6.5280000e+002  4.1167700e-001
  6.5300000e+002  4.5926500e-001
  6.5320000e+002  4.3334900e-001
  6.5340000e+002  2.0697100e-001
  6.5360000e+002 -7.8105000e-002
  6.5380000e+002 -2.1178700e-001
  6.5400000e+002 -1.8758700e-001
  6.5420000e+002 -5.4502000e-002
  6.5440000e+002  1.3697100e-001
  6.5460000e+002  2.5532200e-001
  6.5480000e+002  2.7086700e-001
  6.5500000e+002  3.0925200e-001
  6.5520000e+002  3.9739600e-001
  6.5540000e+002  4.4713000e-001
  6.5560000e+002  4.2512400e-001
  6.5580000e+002  3.3230700e-001
  6.5600000e+002  2.2137100e-001
  6.5620000e+002  2.2981100e-001
  6.5640000e+002  3.4568300e-001
  6.5660000e+002  3.4196300e-001
  6.5680000e+002  1.4667500e-001
  6.5700000e+002 -2.8443000e-002
  6.5720000e+002 -3.7430000e-003
  6.5740000e+002  2.0883000e-001
  6.5760000e+002  5.1405400e-001
  6.5780000e+002  7.7950900e-001
  6.5800000e+002  8.6214500e-001
  6.5820000e+002  7.2164500e-001
  6.5840000e+002  4.4183700e-001
  6.5860000e+002  1.5516200e-001
  6.5880000e+002  1.2254000e-002
  6.5900000e+002  1.4042800e-001
  6.5920000e+002  4.9428900e-001
  6.5940000e+002  8.2297300e-001
  6.5960000e+002  9.0317700e-001
  6.5980000e+002  7.9107200e-001
  6.6000000e+002  7.5545300e-001
  6.6020000e+002  9.1035300e-001
  6.6040000e+002  1.0755770e+000
  6.6060000e+002  1.0744330e+000
  6.6080000e+002  1.0240790e+000
  6.6100000e+002  1.1493920e+000
  6.6120000e+002  1.4088150e+000
  6.6140000e+002  1.5891550e+000
  6.6160000e+002  1.6270870e+000
  6.6180000e+002  1.6049140e+000
  6.6200000e+002  1.6346210e+000
  6.6220000e+002  1.8005840e+000
  6.6240000e+002  2.0206210e+000
  6.6260000e+002  2.1574970e+000
  6.6280000e+002  2.2923940e+000
  6.6300000e+002  2.5112860e+000
  6.6320000e+002  2.6732680e+000
  6.6340000e+002  2.7385230e+000
  6.6360000e+002  2.8497930e+000
  6.6380000e+002  3.0418630e+000
  6.6400000e+002  3.2872670e+000
  6.6420000e+002  3.6145920e+000
  6.6440000e+002  3.9614910e+000
  6.6460000e+002  4.2752260e+000
  6.6480000e+002  4.7264570e+000
  6.6500000e+002  5.4592370e+000
  6.6520000e+002  6.3254110e+000
  6.6540000e+002  7.1812620e+000
  6.6560000e+002  8.1089970e+000
  6.6580000e+002  9.1868870e+000
  6.6600000e+002  1.0461831e+001
  6.6620000e+002  1.2125444e+001
  6.6640000e+002  1.4197707e+001
  6.6660000e+002  1.6759586e+001
  6.6680000e+002  1.9890809e+001
  6.6700000e+002  2.3014616e+001
  6.6720000e+002  2.6207900e+001
  6.6740000e+002  2.8670787e+001
  6.6760000e+002  3.4130287e+001
  6.6780000e+002  4.7481513e+001
  6.6800000e+002  6.0802340e+001
  6.6820000e+002  6.4999628e+001
  6.6840000e+002  6.3785052e+001
  6.6860000e+002  6.2038493e+001
  6.6880000e+002  5.9379601e+001
  6.6900000e+002  5.6295537e+001
  6.6920000e+002  5.2900218e+001
  6.6940000e+002  4.9177598e+001
  6.6960000e+002  4.5347714e+001
  6.6980000e+002  4.1162180e+001
  6.7000000e+002  3.6792063e+001
  6.7020000e+002  3.2650423e+001
  6.7040000e+002  2.8815436e+001
  6.7060000e+002  2.5086236e+001
  6.7080000e+002  2.1583604e+001
  6.7100000e+002  1.8560624e+001
  6.7120000e+002  1.5992116e+001
  6.7140000e+002  1.3768720e+001
  6.7160000e+002  1.1893391e+001
  6.7180000e+002  1.0360312e+001
  6.7200000e+002  9.1128340e+000
  6.7220000e+002  8.0774540e+000
  6.7240000e+002  7.1911810e+000
  6.7260000e+002  6.4503660e+000
  6.7280000e+002  5.8380360e+000
  6.7300000e+002  5.2445880e+000
  6.7320000e+002  4.6351430e+000
  6.7340000e+002  4.0988200e+000
  6.7360000e+002  3.6527150e+000
  6.7380000e+002  3.2368650e+000
  6.7400000e+002  2.8868910e+000
  6.7420000e+002  2.6985640e+000
  6.7440000e+002  2.6157140e+000
  6.7460000e+002  2.4666540e+000
  6.7480000e+002  2.2321930e+000
  6.7500000e+002  2.0332570e+000
  6.7520000e+002  1.8589970e+000
  6.7540000e+002  1.6248220e+000
  6.7560000e+002  1.4128920e+000
  6.7580000e+002  1.4002560e+000
  6.7600000e+002  1.5662190e+000
  6.7620000e+002  1.6653060e+000
  6.7640000e+002  1.5651700e+000
  6.7660000e+002  1.4246940e+000
  6.7680000e+002  1.4348260e+000
  6.7700000e+002  1.5451900e+000
  6.7720000e+002  1.5480990e+000
  6.7740000e+002  1.3527390e+000
  6.7760000e+002  1.1202090e+000
  6.7780000e+002  1.0520210e+000
  6.7800000e+002  1.0818950e+000
  6.7820000e+002  1.0189290e+000
  6.7840000e+002  8.5399100e-001
  6.7860000e+002  6.6404300e-001
  6.7880000e+002  4.9862800e-001
  6.7900000e+002  4.4608100e-001
  6.7920000e+002  5.3601200e-001
  6.7940000e+002  6.4792600e-001
  6.7960000e+002  6.7329400e-001
  6.7980000e+002  6.3114100e-001
  6.8000000e+002  5.9149200e-001
  6.8020000e+002  5.5303500e-001
  6.8040000e+002  4.2359800e-001
  6.8060000e+002  2.0246500e-001
  6.8080000e+002  7.1597000e-002
  6.8100000e+002  1.4982200e-001
  6.8120000e+002  3.4255900e-001
  6.8140000e+002  4.7943500e-001
  6.8160000e+002  4.9340700e-001
  6.8180000e+002  4.6691800e-001
  6.8200000e+002  5.0730700e-001
  6.8220000e+002  6.0622600e-001
  6.8240000e+002  6.7565400e-001
  6.8260000e+002  6.0856300e-001
  6.8280000e+002  3.9582200e-001
  6.8300000e+002  1.8837400e-001
  6.8320000e+002  9.6940000e-002
  6.8340000e+002  1.0952900e-001
  6.8360000e+002  2.2485200e-001
  6.8380000e+002  3.9064800e-001
  6.8400000e+002  4.1270200e-001
  6.8420000e+002  2.5763500e-001
  6.8440000e+002  1.7893300e-001
  6.8460000e+002  3.0543800e-001
  6.8480000e+002  4.9779400e-001
  6.8500000e+002  5.6180900e-001
  6.8520000e+002  4.5695300e-001
  6.8540000e+002  3.4704200e-001
  6.8560000e+002  3.4487200e-001
  6.8580000e+002  3.1132600e-001
  6.8600000e+002  1.2104500e-001
  6.8620000e+002 -1.1425000e-001
  6.8640000e+002 -1.9927000e-001
  6.8660000e+002 -8.1682000e-002
  6.8680000e+002  1.0182800e-001
  6.8700000e+002  2.3572400e-001
  6.8720000e+002  3.5691200e-001
  6.8740000e+002  4.4221800e-001
  6.8760000e+002  3.7884700e-001
  6.8780000e+002  2.3348300e-001
  6.8800000e+002  1.7588100e-001
  6.8820000e+002  1.9972300e-001
  6.8840000e+002  1.8057800e-001
  6.8860000e+002  1.2943700e-001
  6.8880000e+002  1.4472000e-001
  6.8900000e+002  1.7032600e-001
  6.8920000e+002  9.1576000e-002
  6.8940000e+002  1.3852000e-002
  6.8960000e+002  8.7237000e-002
  6.8980000e+002  2.2859500e-001
  6.9000000e+002  2.8586300e-001
  6.9020000e+002  2.3672500e-001
  6.9040000e+002  1.4705600e-001
  6.9060000e+002  1.3074800e-001
  6.9080000e+002  2.2685500e-001
  6.9100000e+002  3.0856100e-001
  6.9120000e+002  2.5317600e-001
  6.9140000e+002  1.1537000e-001
  6.9160000e+002  4.3320000e-002
  6.9180000e+002  6.7567000e-002
  6.9200000e+002  6.0153000e-002
  6.9220000e+002 -3.1280000e-002
  6.9240000e+002 -1.0445100e-001
  6.9260000e+002 -1.0225700e-001
  6.9280000e+002 -1.1348000e-002
  6.9300000e+002  2.0124900e-001
  6.9320000e+002  4.5146900e-001
  6.9340000e+002  5.4583500e-001
  6.9360000e+002  4.1985500e-001
  6.9380000e+002  1.9812500e-001
  6.9400000e+002  3.1518000e-002
  6.9420000e+002 -1.3446000e-002
  6.9440000e+002  6.0009000e-002
  6.9460000e+002  1.6343500e-001
  6.9480000e+002  1.5759400e-001
  6.9500000e+002  6.5541000e-002
  6.9520000e+002  8.3374000e-002
  6.9540000e+002  2.2611600e-001
  6.9560000e+002  3.1056400e-001
  6.9580000e+002  3.1018200e-001
  6.9600000e+002  3.1561800e-001
  6.9620000e+002  2.9549500e-001
  6.9640000e+002  2.0668500e-001
  6.9660000e+002  6.2561000e-002
  6.9680000e+002 -1.1856500e-001
  6.9700000e+002 -2.3801300e-001
  6.9720000e+002 -1.9612300e-001
  6.9740000e+002 -5.3691000e-002
  6.9760000e+002  9.0193000e-002
  6.9780000e+002  1.9142600e-001
  6.9800000e+002  1.9335700e-001
  6.9820000e+002  7.1310000e-002
  6.9840000e+002 -6.4086000e-002
  6.9860000e+002 -3.4594000e-002
  6.9880000e+002  1.8599000e-001
  6.9900000e+002  4.1930600e-001
  6.9920000e+002  4.9088000e-001
  6.9940000e+002  3.8294700e-001
  6.9960000e+002  2.0236900e-001
  6.9980000e+002  7.6079000e-002
  7.0000000e+002  2.1219000e-002
