  2.2000000e+003 -8.9160000e-003
  2.2002000e+003 -8.3440000e-003
  2.2004000e+003 -5.2690000e-003
  2.2006000e+003 -1.2630000e-003
  2.2008000e+003  7.3900000e-004
  2.2010000e+003 -2.4790000e-003
  2.2012000e+003 -1.3899000e-002
  2.2014000e+003 -3.4117000e-002
  2.2016000e+003 -6.0534000e-002
  2.2018000e+003 -8.6498000e-002
  2.2020000e+003 -1.0418800e-001
  2.2022000e+003 -1.0910000e-001
  2.2024000e+003 -1.0273400e-001
  2.2026000e+003 -9.2482000e-002
  2.2028000e+003 -8.7928000e-002
  2.2030000e+003 -9.5558000e-002
  2.2032000e+003 -1.1472700e-001
  2.2034000e+003 -1.3835400e-001
  2.2036000e+003 -1.5466200e-001
  2.2038000e+003 -1.5389900e-001
  2.2040000e+003 -1.3275100e-001
  2.2042000e+003 -9.6082000e-002
  2.2044000e+003 -5.3572000e-002
  2.2046000e+003 -1.4805000e-002
  2.2048000e+003  1.4996000e-002
  2.2050000e+003  3.6239000e-002
  2.2052000e+003  5.1951000e-002
  2.2054000e+003  6.3848000e-002
  2.2056000e+003  7.0261000e-002
  2.2058000e+003  6.6542000e-002
  2.2060000e+003  4.7588000e-002
  2.2062000e+003  1.1491000e-002
  2.2064000e+003 -4.0030000e-002
  2.2066000e+003 -1.0120800e-001
  2.2068000e+003 -1.6272000e-001
  2.2070000e+003 -2.1219200e-001
  2.2072000e+003 -2.3689200e-001
  2.2074000e+003 -2.2888100e-001
  2.2076000e+003 -1.8920800e-001
  2.2078000e+003 -1.2989000e-001
  2.2080000e+003 -6.9189000e-002
  2.2082000e+003 -2.5320000e-002
  2.2084000e+003 -8.0340000e-003
  2.2086000e+003 -1.6617000e-002
  2.2088000e+003 -4.2057000e-002
  2.2090000e+003 -7.2717000e-002
  2.2092000e+003 -9.9897000e-002
  2.2094000e+003 -1.1920900e-001
  2.2096000e+003 -1.2912700e-001
  2.2098000e+003 -1.2898400e-001
  2.2100000e+003 -1.1773100e-001
  2.2102000e+003 -9.4795000e-002
  2.2104000e+003 -6.1535000e-002
  2.2106000e+003 -2.2077000e-002
  2.2108000e+003  1.7094000e-002
  2.2110000e+003  4.9686000e-002
  2.2112000e+003  7.1668000e-002
  2.2114000e+003  8.2397000e-002
  2.2116000e+003  8.2874000e-002
  2.2118000e+003  7.3742000e-002
  2.2120000e+003  5.4049000e-002
  2.2122000e+003  2.3317000e-002
  2.2124000e+003 -1.4758000e-002
  2.2126000e+003 -5.0640000e-002
  2.2128000e+003 -7.0524000e-002
  2.2130000e+003 -6.1440000e-002
  2.2132000e+003 -1.9264000e-002
  2.2134000e+003  4.8780000e-002
  2.2136000e+003  1.2454900e-001
  2.2138000e+003  1.8725300e-001
  2.2140000e+003  2.2025100e-001
  2.2142000e+003  2.1746100e-001
  2.2144000e+003  1.8320000e-001
  2.2146000e+003  1.2834000e-001
  2.2148000e+003  6.5541000e-002
  2.2150000e+003  4.7440000e-003
  2.2152000e+003 -4.6777000e-002
  2.2154000e+003 -8.4781000e-002
  2.2156000e+003 -1.0671600e-001
  2.2158000e+003 -1.1198500e-001
  2.2160000e+003 -1.0335400e-001
  2.2162000e+003 -8.6188000e-002
  2.2164000e+003 -6.7090000e-002
  2.2166000e+003 -5.1045000e-002
  2.2168000e+003 -3.9792000e-002
  2.2170000e+003 -3.2997000e-002
  2.2172000e+003 -3.0660000e-002
  2.2174000e+003 -3.3020000e-002
  2.2176000e+003 -3.8671000e-002
  2.2178000e+003 -4.3964000e-002
  2.2180000e+003 -4.2915000e-002
  2.2182000e+003 -3.0779000e-002
  2.2184000e+003 -9.5120000e-003
  2.2186000e+003  1.2397000e-002
  2.2188000e+003  2.3770000e-002
  2.2190000e+003  1.8167000e-002
  2.2192000e+003 -1.5020000e-003
  2.2194000e+003 -2.3388000e-002
  2.2196000e+003 -3.4260000e-002
  2.2198000e+003 -2.5844000e-002
  2.2200000e+003  1.7400000e-003
  2.2202000e+003  4.1508000e-002
  2.2204000e+003  8.3065000e-002
  2.2206000e+003  1.1539400e-001
  2.2208000e+003  1.2958000e-001
  2.2210000e+003  1.1954300e-001
  2.2212000e+003  8.4352000e-002
  2.2214000e+003  3.0326000e-002
  2.2216000e+003 -2.9420000e-002
  2.2218000e+003 -7.7915000e-002
  2.2220000e+003 -1.0187600e-001
  2.2222000e+003 -9.6821000e-002
  2.2224000e+003 -6.9880000e-002
  2.2226000e+003 -3.5357000e-002
  2.2228000e+003 -7.9390000e-003
  2.2230000e+003  4.5770000e-003
  2.2232000e+003  3.6230000e-003
  2.2234000e+003 -2.6700000e-003
  2.2236000e+003 -4.6730000e-003
  2.2238000e+003  2.6700000e-003
  2.2240000e+003  1.8048000e-002
  2.2242000e+003  3.4332000e-002
  2.2244000e+003  4.2963000e-002
  2.2246000e+003  3.7598000e-002
  2.2248000e+003  1.7809000e-002
  2.2250000e+003 -1.1086000e-002
  2.2252000e+003 -4.0078000e-002
  2.2254000e+003 -6.1154000e-002
  2.2256000e+003 -7.1048000e-002
  2.2258000e+003 -7.2860000e-002
  2.2260000e+003 -7.3432000e-002
  2.2262000e+003 -7.8248000e-002
  2.2264000e+003 -8.7904000e-002
  2.2266000e+003 -9.7370000e-002
  2.2268000e+003 -9.9253000e-002
  2.2270000e+003 -8.9097000e-002
  2.2272000e+003 -6.7210000e-002
  2.2274000e+003 -3.7550000e-002
  2.2276000e+003 -5.0300000e-003
  2.2278000e+003  2.7298000e-002
  2.2280000e+003  5.8174000e-002
  2.2282000e+003  8.6236000e-002
  2.2284000e+003  1.0836100e-001
  2.2286000e+003  1.2114000e-001
  2.2288000e+003  1.2314300e-001
  2.2290000e+003  1.1608600e-001
  2.2292000e+003  1.0321100e-001
  2.2294000e+003  8.7380000e-002
  2.2296000e+003  6.7758000e-002
  2.2298000e+003  4.0388000e-002
  2.2300000e+003  1.2150000e-003
  2.2302000e+003 -4.9328000e-002
  2.2304000e+003 -1.0375900e-001
  2.2306000e+003 -1.4784300e-001
  2.2308000e+003 -1.6703600e-001
  2.2310000e+003 -1.5332600e-001
  2.2312000e+003 -1.1203200e-001
  2.2314000e+003 -6.0534000e-002
  2.2316000e+003 -2.1719000e-002
  2.2318000e+003 -1.2159000e-002
  2.2320000e+003 -3.1280000e-002
  2.2322000e+003 -6.1440000e-002
  2.2324000e+003 -7.7533000e-002
  2.2326000e+003 -6.2870000e-002
  2.2328000e+003 -1.8501000e-002
  2.2330000e+003  3.7026000e-002
  2.2332000e+003  8.0847000e-002
  2.2334000e+003  9.8347000e-002
  2.2336000e+003  9.2101000e-002
  2.2338000e+003  7.6818000e-002
  2.2340000e+003  7.0261000e-002
  2.2342000e+003  8.1348000e-002
  2.2344000e+003  1.0781200e-001
  2.2346000e+003  1.3914100e-001
  2.2348000e+003  1.6453200e-001
  2.2350000e+003  1.7700100e-001
  2.2352000e+003  1.7483200e-001
  2.2354000e+003  1.6071700e-001
  2.2356000e+003  1.3937900e-001
  2.2358000e+003  1.1606200e-001
  2.2360000e+003  9.5295000e-002
  2.2362000e+003  8.0418000e-002
  2.2364000e+003  7.2979000e-002
  2.2366000e+003  7.1692000e-002
  2.2368000e+003  7.3146000e-002
  2.2370000e+003  7.2598000e-002
  2.2372000e+003  6.6685000e-002
  2.2374000e+003  5.5289000e-002
  2.2376000e+003  4.1604000e-002
  2.2378000e+003  2.9873000e-002
  2.2380000e+003  2.2888000e-002
  2.2382000e+003  1.9860000e-002
  2.2384000e+003  1.7547000e-002
  2.2386000e+003  1.3256000e-002
  2.2388000e+003  8.5110000e-003
  2.2390000e+003  8.3200000e-003
  2.2392000e+003  1.7619000e-002
  2.2394000e+003  3.6096000e-002
  2.2396000e+003  5.6624000e-002
  2.2398000e+003  6.8473000e-002
  2.2400000e+003  6.4539000e-002
  2.2402000e+003  4.6110000e-002
  2.2404000e+003  2.2625000e-002
  2.2406000e+003  5.6020000e-003
  2.2408000e+003  1.2150000e-003
  2.2410000e+003  7.6770000e-003
  2.2412000e+003  1.8024000e-002
  2.2414000e+003  2.6559000e-002
  2.2416000e+003  3.1805000e-002
  2.2418000e+003  3.5738000e-002
  2.2420000e+003  3.9505000e-002
  2.2422000e+003  4.0984000e-002
  2.2424000e+003  3.6430000e-002
  2.2426000e+003  2.4938000e-002
  2.2428000e+003  1.1301000e-002
  2.2430000e+003  4.0290000e-003
  2.2432000e+003  9.5600000e-003
  2.2434000e+003  2.6726000e-002
  2.2436000e+003  4.7540000e-002
  2.2438000e+003  6.2465000e-002
  2.2440000e+003  6.6781000e-002
  2.2442000e+003  6.3610000e-002
  2.2444000e+003  6.0462000e-002
  2.2446000e+003  6.3610000e-002
  2.2448000e+003  7.3099000e-002
  2.2450000e+003  8.3994000e-002
  2.2452000e+003  9.0241000e-002
  2.2454000e+003  9.0599000e-002
  2.2456000e+003  8.9049000e-002
  2.2458000e+003  9.0909000e-002
  2.2460000e+003  9.6607000e-002
  2.2462000e+003  9.9897000e-002
  2.2464000e+003  9.0861000e-002
  2.2466000e+003  6.3538000e-002
  2.2468000e+003  2.0933000e-002
  2.2470000e+003 -2.4175000e-002
  2.2472000e+003 -5.6624000e-002
  2.2474000e+003 -6.6566000e-002
  2.2476000e+003 -5.5217000e-002
  2.2478000e+003 -3.2186000e-002
  2.2480000e+003 -1.0156000e-002
  2.2482000e+003  2.3360000e-003
  2.2484000e+003  2.7170000e-003
  2.2486000e+003 -7.0570000e-003
  2.2488000e+003 -2.2768000e-002
  2.2490000e+003 -3.9649000e-002
  2.2492000e+003 -5.2475000e-002
  2.2494000e+003 -5.6481000e-002
  2.2496000e+003 -4.9114000e-002
  2.2498000e+003 -3.2234000e-002
  2.2500000e+003 -1.1992000e-002
  2.2502000e+003  4.1240000e-003
  2.2504000e+003  1.1682000e-002
  2.2506000e+003  1.2969000e-002
  2.2508000e+003  1.5401000e-002
  2.2510000e+003  2.7418000e-002
  2.2512000e+003  5.2475000e-002
  2.2514000e+003  8.7332000e-002
  2.2516000e+003  1.2278500e-001
  2.2518000e+003  1.4824800e-001
  2.2520000e+003  1.5618800e-001
  2.2522000e+003  1.4550600e-001
  2.2524000e+003  1.2211700e-001
  2.2526000e+003  9.5367000e-002
  2.2528000e+003  7.3075000e-002
  2.2530000e+003  5.8031000e-002
  2.2532000e+003  4.7492000e-002
  2.2534000e+003  3.5285000e-002
  2.2536000e+003  1.6927000e-002
  2.2538000e+003 -8.5110000e-003
  2.2540000e+003 -3.8146000e-002
  2.2542000e+003 -6.7067000e-002
  2.2544000e+003 -9.0718000e-002
  2.2546000e+003 -1.0528500e-001
  2.2548000e+003 -1.0778900e-001
  2.2550000e+003 -9.6535000e-002
  2.2552000e+003 -7.2503000e-002
  2.2554000e+003 -4.0841000e-002
  2.2556000e+003 -9.1550000e-003
  2.2558000e+003  1.6331000e-002
  2.2560000e+003  3.4093000e-002
  2.2562000e+003  4.8136000e-002
  2.2564000e+003  6.5946000e-002
  2.2566000e+003  9.1838000e-002
  2.2568000e+003  1.2419200e-001
  2.2570000e+003  1.5504300e-001
  2.2572000e+003  1.7457000e-001
  2.2574000e+003  1.7597600e-001
  2.2576000e+003  1.5981100e-001
  2.2578000e+003  1.3272700e-001
  2.2580000e+003  1.0478400e-001
  2.2582000e+003  8.4161000e-002
  2.2584000e+003  7.3409000e-002
  2.2586000e+003  6.8187000e-002
  2.2588000e+003  6.0582000e-002
  2.2590000e+003  4.4751000e-002
  2.2592000e+003  2.1624000e-002
  2.2594000e+003  3.0900000e-004
  2.2596000e+003 -7.1760000e-003
  2.2598000e+003  6.6040000e-003
  2.2600000e+003  3.7956000e-002
  2.2602000e+003  7.3099000e-002
  2.2604000e+003  9.4056000e-002
  2.2606000e+003  8.9859000e-002
  2.2608000e+003  6.1035000e-002
  2.2610000e+003  1.8930000e-002
  2.2612000e+003 -2.2125000e-002
  2.2614000e+003 -5.1021000e-002
  2.2616000e+003 -6.2227000e-002
  2.2618000e+003 -5.5670000e-002
  2.2620000e+003 -3.3736000e-002
  2.2622000e+003 -2.3000000e-005
  2.2624000e+003  3.9505000e-002
  2.2626000e+003  7.6508000e-002
  2.2628000e+003  1.0149400e-001
  2.2630000e+003  1.0800300e-001
  2.2632000e+003  9.5558000e-002
  2.2634000e+003  7.0524000e-002
  2.2636000e+003  4.2104000e-002
  2.2638000e+003  1.8501000e-002
  2.2640000e+003  3.0510000e-003
  2.2642000e+003 -5.3880000e-003
  2.2644000e+003 -9.3690000e-003
  2.2646000e+003 -1.0538000e-002
  2.2648000e+003 -7.9150000e-003
  2.2650000e+003  1.2150000e-003
  2.2652000e+003  1.9240000e-002
  2.2654000e+003  4.6467000e-002
  2.2656000e+003  8.0537000e-002
  2.2658000e+003  1.1663400e-001
  2.2660000e+003  1.4886800e-001
  2.2662000e+003  1.7237600e-001
  2.2664000e+003  1.8520300e-001
  2.2666000e+003  1.8756300e-001
  2.2668000e+003  1.8107800e-001
  2.2670000e+003  1.6684500e-001
  2.2672000e+003  1.4531600e-001
  2.2674000e+003  1.1773100e-001
  2.2676000e+003  8.8453000e-002
  2.2678000e+003  6.4468000e-002
  2.2680000e+003  5.3954000e-002
  2.2682000e+003  6.1368000e-002
  2.2684000e+003  8.5163000e-002
  2.2686000e+003  1.1794500e-001
  2.2688000e+003  1.5048900e-001
  2.2690000e+003  1.7468900e-001
  2.2692000e+003  1.8560800e-001
  2.2694000e+003  1.8119800e-001
  2.2696000e+003  1.6205300e-001
  2.2698000e+003  1.3165400e-001
  2.2700000e+003  9.5987000e-002
  2.2702000e+003  6.3085000e-002
  2.2704000e+003  4.0340000e-002
  2.2706000e+003  3.0660000e-002
  2.2708000e+003  3.1423000e-002
  2.2710000e+003  3.5786000e-002
  2.2712000e+003  3.7050000e-002
  2.2714000e+003  3.1781000e-002
  2.2716000e+003  2.0003000e-002
  2.2718000e+003  3.8140000e-003
  2.2720000e+003 -1.4615000e-002
  2.2722000e+003 -3.3855000e-002
  2.2724000e+003 -5.2475000e-002
  2.2726000e+003 -6.8855000e-002
  2.2728000e+003 -8.1157000e-002
  2.2730000e+003 -8.8548000e-002
  2.2732000e+003 -9.1934000e-002
  2.2734000e+003 -9.3913000e-002
  2.2736000e+003 -9.7060000e-002
  2.2738000e+003 -1.0240000e-001
  2.2740000e+003 -1.0960100e-001
  2.2742000e+003 -1.1715800e-001
  2.2744000e+003 -1.2290400e-001
  2.2746000e+003 -1.2423900e-001
  2.2748000e+003 -1.1887500e-001
  2.2750000e+003 -1.0540400e-001
  2.2752000e+003 -8.3541000e-002
  2.2754000e+003 -5.4597000e-002
  2.2756000e+003 -2.1576000e-002
  2.2758000e+003  1.0442000e-002
  2.2760000e+003  3.4475000e-002
  2.2762000e+003  4.3368000e-002
  2.2764000e+003  3.3855000e-002
  2.2766000e+003  9.1550000e-003
  2.2768000e+003 -2.0051000e-002
  2.2770000e+003 -4.0316000e-002
  2.2772000e+003 -4.1651000e-002
  2.2774000e+003 -2.3245000e-002
  2.2776000e+003  6.0310000e-003
  2.2778000e+003  3.3879000e-002
  2.2780000e+003  5.1760000e-002
  2.2782000e+003  6.0224000e-002
  2.2784000e+003  6.6590000e-002
  2.2786000e+003  7.8630000e-002
  2.2788000e+003  9.7584000e-002
  2.2790000e+003  1.1703900e-001
  2.2792000e+003  1.2652800e-001
  2.2794000e+003  1.1887500e-001
  2.2796000e+003  9.4795000e-002
  2.2798000e+003  6.3323000e-002
  2.2800000e+003  3.6239000e-002
  2.2802000e+003  2.2864000e-002
  2.2804000e+003  2.6035000e-002
  2.2806000e+003  4.1937000e-002
  2.2808000e+003  6.2155000e-002
  2.2810000e+003  7.8010000e-002
  2.2812000e+003  8.4495000e-002
  2.2814000e+003  8.1324000e-002
  2.2816000e+003  7.2479000e-002
  2.2818000e+003  6.3228000e-002
  2.2820000e+003  5.7673000e-002
  2.2822000e+003  5.7673000e-002
  2.2824000e+003  6.2942000e-002
  2.2826000e+003  7.1310000e-002
  2.2828000e+003  7.9917000e-002
  2.2830000e+003  8.6069000e-002
  2.2832000e+003  8.8238000e-002
  2.2834000e+003  8.6617000e-002
  2.2836000e+003  8.3732000e-002
  2.2838000e+003  8.3684000e-002
  2.2840000e+003  8.9740000e-002
  2.2842000e+003  1.0254300e-001
  2.2844000e+003  1.1932800e-001
  2.2846000e+003  1.3515900e-001
  2.2848000e+003  1.4443300e-001
  2.2850000e+003  1.4278800e-001
  2.2852000e+003  1.2838800e-001
  2.2854000e+003  1.0254300e-001
  2.2856000e+003  7.0738000e-002
  2.2858000e+003  4.1532000e-002
  2.2860000e+003  2.2554000e-002
  2.2862000e+003  1.7333000e-002
  2.2864000e+003  2.2912000e-002
  2.2866000e+003  3.1352000e-002
  2.2868000e+003  3.4427000e-002
  2.2870000e+003  2.8944000e-002
  2.2872000e+003  1.7690000e-002
  2.2874000e+003  6.9370000e-003
  2.2876000e+003  4.7600000e-004
  2.2878000e+003 -3.5040000e-003
  2.2880000e+003 -1.1801000e-002
  2.2882000e+003 -3.1518000e-002
  2.2884000e+003 -6.5207000e-002
  2.2886000e+003 -1.0814600e-001
  2.2888000e+003 -1.4958300e-001
  2.2890000e+003 -1.7545200e-001
  2.2892000e+003 -1.7392600e-001
  2.2894000e+003 -1.4011800e-001
  2.2896000e+003 -7.7915000e-002
  2.2898000e+003  6.6700000e-004
  2.2900000e+003  8.0513000e-002
  2.2902000e+003  1.4798600e-001
  2.2904000e+003  1.9602700e-001
  2.2906000e+003  2.2430400e-001
  2.2908000e+003  2.3646300e-001
  2.2910000e+003  2.3596200e-001
  2.2912000e+003  2.2437500e-001
  2.2914000e+003  2.0143900e-001
  2.2916000e+003  1.6870400e-001
  2.2918000e+003  1.2927000e-001
  2.2920000e+003  8.7952000e-002
  2.2922000e+003  4.9352000e-002
  2.2924000e+003  1.7046000e-002
  2.2926000e+003 -6.4610000e-003
  2.2928000e+003 -1.9097000e-002
  2.2930000e+003 -1.9121000e-002
  2.2932000e+003 -7.2000000e-003
  2.2934000e+003  1.2087000e-002
  2.2936000e+003  3.0946000e-002
  2.2938000e+003  4.0721000e-002
  2.2940000e+003  3.6668000e-002
  2.2942000e+003  2.1147000e-002
  2.2944000e+003  3.6710000e-003
  2.2946000e+003 -3.8380000e-003
  2.2948000e+003  8.2490000e-003
  2.2950000e+003  4.1365000e-002
  2.2952000e+003  8.7785000e-002
  2.2954000e+003  1.3310900e-001
  2.2956000e+003  1.6212400e-001
  2.2958000e+003  1.6641600e-001
  2.2960000e+003  1.4784300e-001
  2.2962000e+003  1.1954300e-001
  2.2964000e+003  9.9444000e-002
  2.2966000e+003  1.0290100e-001
  2.2968000e+003  1.3484900e-001
  2.2970000e+003  1.8839800e-001
  2.2972000e+003  2.4874200e-001
  2.2974000e+003  2.9971500e-001
  2.2976000e+003  3.2978000e-001
  2.2978000e+003  3.3357100e-001
  2.2980000e+003  3.1244700e-001
  2.2982000e+003  2.7239300e-001
  2.2984000e+003  2.2230100e-001
  2.2986000e+003  1.7066000e-001
  2.2988000e+003  1.2395300e-001
  2.2990000e+003  8.6021000e-002
  2.2992000e+003  5.8293000e-002
  2.2994000e+003  4.1151000e-002
  2.2996000e+003  3.4451000e-002
  2.2998000e+003  3.6787000e-002
  2.3000000e+003  4.5084000e-002
  2.3002000e+003  5.4073000e-002
  2.3004000e+003  5.8364000e-002
  2.3006000e+003  5.5074000e-002
  2.3008000e+003  4.4703000e-002
  2.3010000e+003  3.1542000e-002
  2.3012000e+003  2.0408000e-002
  2.3014000e+003  1.5497000e-002
  2.3016000e+003  1.9812000e-002
  2.3018000e+003  3.4928000e-002
  2.3020000e+003  6.1249000e-002
  2.3022000e+003  9.8228000e-002
  2.3024000e+003  1.4274100e-001
  2.3026000e+003  1.8880300e-001
  2.3028000e+003  2.2861900e-001
  2.3030000e+003  2.5300900e-001
  2.3032000e+003  2.5475000e-001
  2.3034000e+003  2.3105100e-001
  2.3036000e+003  1.8417800e-001
  2.3038000e+003  1.2102100e-001
  2.3040000e+003  4.9781000e-002
  2.3042000e+003 -2.1409000e-002
  2.3044000e+003 -8.6927000e-002
  2.3046000e+003 -1.4295500e-001
  2.3048000e+003 -1.8596600e-001
  2.3050000e+003 -2.1114300e-001
  2.3052000e+003 -2.1297900e-001
  2.3054000e+003 -1.8670500e-001
  2.3056000e+003 -1.3236900e-001
  2.3058000e+003 -5.6529000e-002
  2.3060000e+003  2.6726000e-002
  2.3062000e+003  9.9229000e-002
  2.3064000e+003  1.4617400e-001
  2.3066000e+003  1.6107500e-001
  2.3068000e+003  1.5053700e-001
  2.3070000e+003  1.3060500e-001
  2.3072000e+003  1.1997200e-001
  2.3074000e+003  1.2950800e-001
  2.3076000e+003  1.5811900e-001
  2.3078000e+003  1.9299900e-001
  2.3080000e+003  2.1867700e-001
  2.3082000e+003  2.2666400e-001
  2.3084000e+003  2.1991700e-001
  2.3086000e+003  2.0985600e-001
  2.3088000e+003  2.0754300e-001
  2.3090000e+003  2.1526800e-001
  2.3092000e+003  2.2408900e-001
  2.3094000e+003  2.2032200e-001
  2.3096000e+003  1.9516900e-001
  2.3098000e+003  1.5294500e-001
  2.3100000e+003  1.0917100e-001
  2.3102000e+003  8.3589000e-002
  2.3104000e+003  8.8071000e-002
  2.3106000e+003  1.2428700e-001
  2.3108000e+003  1.8243700e-001
  2.3110000e+003  2.4492700e-001
  2.3112000e+003  2.8986900e-001
  2.3114000e+003  2.9649700e-001
  2.3116000e+003  2.5548900e-001
  2.3118000e+003  1.7263800e-001
  2.3120000e+003  7.0357000e-002
  2.3122000e+003 -2.2459000e-002
  2.3124000e+003 -8.1086000e-002
  2.3126000e+003 -9.3889000e-002
  2.3128000e+003 -6.4063000e-002
  2.3130000e+003 -5.1490000e-003
  2.3132000e+003  6.4873000e-002
  2.3134000e+003  1.2998500e-001
  2.3136000e+003  1.7693000e-001
  2.3138000e+003  1.9795800e-001
  2.3140000e+003  1.9221300e-001
  2.3142000e+003  1.6760800e-001
  2.3144000e+003  1.3751900e-001
  2.3146000e+003  1.1274800e-001
  2.3148000e+003  9.5725000e-002
  2.3150000e+003  7.8821000e-002
  2.3152000e+003  5.0711000e-002
  2.3154000e+003  4.2430000e-003
  2.3156000e+003 -5.5551000e-002
  2.3158000e+003 -1.1267600e-001
  2.3160000e+003 -1.4586400e-001
  2.3162000e+003 -1.4102400e-001
  2.3164000e+003 -9.9277000e-002
  2.3166000e+003 -3.7240000e-002
  2.3168000e+003  2.3984000e-002
  2.3170000e+003  7.1310000e-002
  2.3172000e+003  1.0526100e-001
  2.3174000e+003  1.3599300e-001
  2.3176000e+003  1.7185200e-001
  2.3178000e+003  2.1066600e-001
  2.3180000e+003  2.4118400e-001
  2.3182000e+003  2.5167400e-001
  2.3184000e+003  2.3889500e-001
  2.3186000e+003  2.1185800e-001
  2.3188000e+003  1.8527500e-001
  2.3190000e+003  1.6996800e-001
  2.3192000e+003  1.6565300e-001
  2.3194000e+003  1.6202900e-001
  2.3196000e+003  1.4741400e-001
  2.3198000e+003  1.1973300e-001
  2.3200000e+003  8.9073000e-002
  2.3202000e+003  7.1907000e-002
  2.3204000e+003  7.8368000e-002
  2.3206000e+003  1.0771700e-001
  2.3208000e+003  1.5032200e-001
  2.3210000e+003  1.9485900e-001
  2.3212000e+003  2.3179000e-001
  2.3214000e+003  2.5501200e-001
  2.3216000e+003  2.6285600e-001
  2.3218000e+003  2.6054300e-001
  2.3220000e+003  2.5935100e-001
  2.3222000e+003  2.6938900e-001
  2.3224000e+003  2.9273000e-001
  2.3226000e+003  3.1993300e-001
  2.3228000e+003  3.3762400e-001
  2.3230000e+003  3.3779100e-001
  2.3232000e+003  3.2570300e-001
  2.3234000e+003  3.1619000e-001
  2.3236000e+003  3.2560800e-001
  2.3238000e+003  3.5915300e-001
  2.3240000e+003  4.0774300e-001
  2.3242000e+003  4.5249400e-001
  2.3244000e+003  4.7791000e-001
  2.3246000e+003  4.7991200e-001
  2.3248000e+003  4.6610800e-001
  2.3250000e+003  4.4713000e-001
  2.3252000e+003  4.2796100e-001
  2.3254000e+003  4.0578800e-001
  2.3256000e+003  3.7527000e-001
  2.3258000e+003  3.3638400e-001
  2.3260000e+003  2.9723600e-001
  2.3262000e+003  2.6736200e-001
  2.3264000e+003  2.5057700e-001
  2.3266000e+003  2.4147000e-001
  2.3268000e+003  2.3026400e-001
  2.3270000e+003  2.1214400e-001
  2.3272000e+003  1.9295200e-001
  2.3274000e+003  1.8539400e-001
  2.3276000e+003  1.9991300e-001
  2.3278000e+003  2.3534200e-001
  2.3280000e+003  2.7875900e-001
  2.3282000e+003  3.1390100e-001
  2.3284000e+003  3.3485800e-001
  2.3286000e+003  3.5088000e-001
  2.3288000e+003  3.7887000e-001
  2.3290000e+003  4.2712600e-001
  2.3292000e+003  4.8570600e-001
  2.3294000e+003  5.3064800e-001
  2.3296000e+003  5.3930200e-001
  2.3298000e+003  5.0551800e-001
  2.3300000e+003  4.4198000e-001
  2.3302000e+003  3.7450700e-001
  2.3304000e+003  3.2930300e-001
  2.3306000e+003  3.2522600e-001
  2.3308000e+003  3.6582900e-001
  2.3310000e+003  4.3978600e-001
  2.3312000e+003  5.2363800e-001
  2.3314000e+003  5.9118200e-001
  2.3316000e+003  6.2415500e-001
  2.3318000e+003  6.1910100e-001
  2.3320000e+003  5.8917900e-001
  2.3322000e+003  5.5556200e-001
  2.3324000e+003  5.3744300e-001
  2.3326000e+003  5.4075700e-001
  2.3328000e+003  5.5761300e-001
  2.3330000e+003  5.7237100e-001
  2.3332000e+003  5.7339600e-001
  2.3334000e+003  5.5787500e-001
  2.3336000e+003  5.3024200e-001
  2.3338000e+003  4.9448000e-001
  2.3340000e+003  4.5115900e-001
  2.3342000e+003  3.9930300e-001
  2.3344000e+003  3.4272600e-001
  2.3346000e+003  2.9444600e-001
  2.3348000e+003  2.7325100e-001
  2.3350000e+003  2.9048900e-001
  2.3352000e+003  3.4399000e-001
  2.3354000e+003  4.1630200e-001
  2.3356000e+003  4.8787500e-001
  2.3358000e+003  5.5055600e-001
  2.3360000e+003  6.1051800e-001
  2.3362000e+003  6.7441400e-001
  2.3364000e+003  7.3735700e-001
  2.3366000e+003  7.8361000e-001
  2.3368000e+003  8.0292200e-001
  2.3370000e+003  8.0132400e-001
  2.3372000e+003  7.9905900e-001
  2.3374000e+003  8.1534300e-001
  2.3376000e+003  8.6069100e-001
  2.3378000e+003  9.3078600e-001
  2.3380000e+003  1.0057440e+000
  2.3382000e+003  1.0504000e+000
  2.3384000e+003  1.0287760e+000
  2.3386000e+003  9.3050000e-001
  2.3388000e+003  7.8327600e-001
  2.3390000e+003  6.3877100e-001
  2.3392000e+003  5.3799100e-001
  2.3394000e+003  4.9233400e-001
  2.3396000e+003  4.8878100e-001
  2.3398000e+003  5.0950000e-001
  2.3400000e+003  5.4013700e-001
  2.3402000e+003  5.7036800e-001
  2.3404000e+003  5.9201700e-001
  2.3406000e+003  6.0431900e-001
  2.3408000e+003  6.1743200e-001
  2.3410000e+003  6.4330100e-001
  2.3412000e+003  6.8399900e-001
  2.3414000e+003  7.2586500e-001
  2.3416000e+003  7.4741800e-001
  2.3418000e+003  7.3366100e-001
  2.3420000e+003  6.8883800e-001
  2.3422000e+003  6.3331100e-001
  2.3424000e+003  5.9173100e-001
  2.3426000e+003  5.7585200e-001
  2.3428000e+003  5.8104900e-001
  2.3430000e+003  5.9201700e-001
  2.3432000e+003  5.9983700e-001
  2.3434000e+003  6.0560700e-001
  2.3436000e+003  6.1755100e-001
  2.3438000e+003  6.4203700e-001
  2.3440000e+003  6.7892000e-001
  2.3442000e+003  7.2207400e-001
  2.3444000e+003  7.6489400e-001
  2.3446000e+003  8.0251600e-001
  2.3448000e+003  8.3172300e-001
  2.3450000e+003  8.4874600e-001
  2.3452000e+003  8.4960400e-001
  2.3454000e+003  8.3346300e-001
  2.3456000e+003  8.0714200e-001
  2.3458000e+003  7.8370500e-001
  2.3460000e+003  7.7681500e-001
  2.3462000e+003  7.9455300e-001
  2.3464000e+003  8.3777900e-001
  2.3466000e+003  9.0160300e-001
  2.3468000e+003  9.7718200e-001
  2.3470000e+003  1.0537380e+000
  2.3472000e+003  1.1221400e+000
  2.3474000e+003  1.1768570e+000
  2.3476000e+003  1.2148850e+000
  2.3478000e+003  1.2319320e+000
  2.3480000e+003  1.2237540e+000
  2.3482000e+003  1.1934750e+000
  2.3484000e+003  1.1575690e+000
  2.3486000e+003  1.1388300e+000
  2.3488000e+003  1.1527770e+000
  2.3490000e+003  1.1950010e+000
  2.3492000e+003  1.2463800e+000
  2.3494000e+003  1.2854810e+000
  2.3496000e+003  1.3037200e+000
  2.3498000e+003  1.3059370e+000
  2.3500000e+003  1.3057470e+000
  2.3502000e+003  1.3167140e+000
  2.3504000e+003  1.3466830e+000
  2.3506000e+003  1.3936510e+000
  2.3508000e+003  1.4470570e+000
  2.3510000e+003  1.4935730e+000
  2.3512000e+003  1.5232320e+000
  2.3514000e+003  1.5351050e+000
  2.3516000e+003  1.5352960e+000
  2.3518000e+003  1.5359640e+000
  2.3520000e+003  1.5507450e+000
  2.3522000e+003  1.5906570e+000
  2.3524000e+003  1.6619200e+000
  2.3526000e+003  1.7612450e+000
  2.3528000e+003  1.8761630e+000
  2.3530000e+003  1.9844290e+000
  2.3532000e+003  2.0615570e+000
  2.3534000e+003  2.0914310e+000
  2.3536000e+003  2.0808930e+000
  2.3538000e+003  2.0568370e+000
  2.3540000e+003  2.0509480e+000
  2.3542000e+003  2.0810600e+000
  2.3544000e+003  2.1473400e+000
  2.3546000e+003  2.2424220e+000
  2.3548000e+003  2.3629180e+000
  2.3550000e+003  2.5069230e+000
  2.3552000e+003  2.6661390e+000
  2.3554000e+003  2.8234950e+000
  2.3556000e+003  2.9629700e+000
  2.3558000e+003  3.0796280e+000
  2.3560000e+003  3.1799070e+000
  2.3562000e+003  3.2727710e+000
  2.3564000e+003  3.3570050e+000
  2.3566000e+003  3.4167280e+000
  2.3568000e+003  3.4339900e+000
  2.3570000e+003  3.4037590e+000
  2.3572000e+003  3.3481590e+000
  2.3574000e+003  3.3032170e+000
  2.3576000e+003  3.3022160e+000
  2.3578000e+003  3.3552400e+000
  2.3580000e+003  3.4490820e+000
  2.3582000e+003  3.5578720e+000
  2.3584000e+003  3.6576500e+000
  2.3586000e+003  3.7393330e+000
  2.3588000e+003  3.8167230e+000
  2.3590000e+003  3.9186950e+000
  2.3592000e+003  4.0701620e+000
  2.3594000e+003  4.2703620e+000
  2.3596000e+003  4.4892780e+000
  2.3598000e+003  4.6862360e+000
  2.3600000e+003  4.8399920e+000
  2.3602000e+003  4.9654720e+000
  2.3604000e+003  5.0997970e+000
  2.3606000e+003  5.2776330e+000
  2.3608000e+003  5.5009120e+000
  2.3610000e+003  5.7427160e+000
  2.3612000e+003  5.9653520e+000
  2.3614000e+003  6.1513900e+000
  2.3616000e+003  6.3174000e+000
  2.3618000e+003  6.4977400e+000
  2.3620000e+003  6.7138670e+000
  2.3622000e+003  6.9544310e+000
  2.3624000e+003  7.1805950e+000
  2.3626000e+003  7.3594570e+000
  2.3628000e+003  7.4883220e+000
  2.3630000e+003  7.6083890e+000
  2.3632000e+003  7.7749720e+000
  2.3634000e+003  8.0257890e+000
  2.3636000e+003  8.3470100e+000
  2.3638000e+003  8.6845390e+000
  2.3640000e+003  8.9843510e+000
  2.3642000e+003  9.2383380e+000
  2.3644000e+003  9.4918010e+000
  2.3646000e+003  9.8048440e+000
  2.3648000e+003  1.0193181e+001
  2.3650000e+003  1.0613059e+001
  2.3652000e+003  1.0981249e+001
  2.3654000e+003  1.1249852e+001
  2.3656000e+003  1.1435794e+001
  2.3658000e+003  1.1616516e+001
  2.3660000e+003  1.1867713e+001
  2.3662000e+003  1.2212777e+001
  2.3664000e+003  1.2619614e+001
  2.3666000e+003  1.3039636e+001
  2.3668000e+003  1.3461303e+001
  2.3670000e+003  1.3922142e+001
  2.3672000e+003  1.4468550e+001
  2.3674000e+003  1.5108275e+001
  2.3676000e+003  1.5775203e+001
  2.3678000e+003  1.6381907e+001
  2.3680000e+003  1.6884922e+001
  2.3682000e+003  1.7333507e+001
  2.3684000e+003  1.7826747e+001
  2.3686000e+003  1.8431544e+001
  2.3688000e+003  1.9133543e+001
  2.3690000e+003  1.9859600e+001
  2.3692000e+003  2.0551037e+001
  2.3694000e+003  2.1210646e+001
  2.3696000e+003  2.1885108e+001
  2.3698000e+003  2.2617602e+001
  2.3700000e+003  2.3393034e+001
  2.3702000e+003  2.4164175e+001
  2.3704000e+003  2.4897336e+001
  2.3706000e+003  2.5614523e+001
  2.3708000e+003  2.6366996e+001
  2.3710000e+003  2.7172946e+001
  2.3712000e+003  2.7992057e+001
  2.3714000e+003  2.8772759e+001
  2.3716000e+003  2.9517984e+001
  2.3718000e+003  3.0297660e+001
  2.3720000e+003  3.1183528e+001
  2.3722000e+003  3.2188296e+001
  2.3724000e+003  3.3242416e+001
  2.3726000e+003  3.4260725e+001
  2.3728000e+003  3.5202360e+001
  2.3730000e+003  3.6101889e+001
  2.3732000e+003  3.7025117e+001
  2.3734000e+003  3.8002204e+001
  2.3736000e+003  3.8998556e+001
  2.3738000e+003  3.9965081e+001
  2.3740000e+003  4.0899229e+001
  2.3742000e+003  4.1853213e+001
  2.3744000e+003  4.2876696e+001
  2.3746000e+003  4.3963980e+001
  2.3748000e+003  4.5064139e+001
  2.3750000e+003  4.6133017e+001
  2.3752000e+003  4.7162461e+001
  2.3754000e+003  4.8171234e+001
  2.3756000e+003  4.9176263e+001
  2.3758000e+003  5.0180482e+001
  2.3760000e+003  5.1178050e+001
  2.3762000e+003  5.2167201e+001
  2.3764000e+003  5.3152465e+001
  2.3766000e+003  5.4135155e+001
  2.3768000e+003  5.5105113e+001
  2.3770000e+003  5.6036067e+001
  2.3772000e+003  5.6915116e+001
  2.3774000e+003  5.7755827e+001
  2.3776000e+003  5.8594083e+001
  2.3778000e+003  5.9457039e+001
  2.3780000e+003  6.0342144e+001
  2.3782000e+003  6.1230397e+001
  2.3784000e+003  6.2102890e+001
  2.3786000e+003  6.2951588e+001
  2.3788000e+003  6.3771343e+001
  2.3790000e+003  6.4553546e+001
  2.3792000e+003  6.5296769e+001
  2.3794000e+003  6.6005468e+001
  2.3796000e+003  6.6693520e+001
  2.3798000e+003  6.7369842e+001
  2.3800000e+003  6.8034124e+001
  2.3802000e+003  6.8682003e+001
  2.3804000e+003  6.9305777e+001
  2.3806000e+003  6.9908452e+001
  2.3808000e+003  7.0495295e+001
  2.3810000e+003  7.1073246e+001
  2.3812000e+003  7.1642923e+001
  2.3814000e+003  7.2195386e+001
  2.3816000e+003  7.2723937e+001
  2.3818000e+003  7.3225378e+001
  2.3820000e+003  7.3705792e+001
  2.3822000e+003  7.4171972e+001
  2.3824000e+003  7.4626040e+001
  2.3826000e+003  7.5068116e+001
  2.3828000e+003  7.5492453e+001
  2.3830000e+003  7.5898456e+001
  2.3832000e+003  7.6286745e+001
  2.3834000e+003  7.6664280e+001
  2.3836000e+003  7.7041745e+001
  2.3838000e+003  7.7425861e+001
  2.3840000e+003  7.7818179e+001
  2.3842000e+003  7.8207969e+001
  2.3844000e+003  7.8582406e+001
  2.3846000e+003  7.8933572e+001
  2.3848000e+003  7.9265236e+001
  2.3850000e+003  7.9593706e+001
  2.3852000e+003  7.9934906e+001
  2.3854000e+003  8.0297303e+001
  2.3856000e+003  8.0672860e+001
  2.3858000e+003  8.1040191e+001
  2.3860000e+003  8.1378817e+001
  2.3862000e+003  8.1677818e+001
  2.3864000e+003  8.1948184e+001
  2.3866000e+003  8.2209897e+001
  2.3868000e+003  8.2483315e+001
  2.3870000e+003  8.2773160e+001
  2.3872000e+003  8.3067321e+001
  2.3874000e+003  8.3350133e+001
  2.3876000e+003  8.3609223e+001
  2.3878000e+003  8.3847332e+001
  2.3880000e+003  8.4071874e+001
  2.3882000e+003  8.4286928e+001
  2.3884000e+003  8.4490633e+001
  2.3886000e+003  8.4671688e+001
  2.3888000e+003  8.4829592e+001
  2.3890000e+003  8.4969878e+001
  2.3892000e+003  8.5107111e+001
  2.3894000e+003  8.5250043e+001
  2.3896000e+003  8.5389566e+001
  2.3898000e+003  8.5507702e+001
  2.3900000e+003  8.5578107e+001
  2.3902000e+003  8.5590338e+001
  2.3904000e+003  8.5548305e+001
  2.3906000e+003  8.5466289e+001
  2.3908000e+003  8.5362744e+001
  2.3910000e+003  8.5238718e+001
  2.3912000e+003  8.5092520e+001
  2.3914000e+003  8.4911870e+001
  2.3916000e+003  8.4689188e+001
  2.3918000e+003  8.4425258e+001
  2.3920000e+003  8.4118556e+001
  2.3922000e+003  8.3778476e+001
  2.3924000e+003  8.3403778e+001
  2.3926000e+003  8.2997298e+001
  2.3928000e+003  8.2558441e+001
  2.3930000e+003  8.2083559e+001
  2.3932000e+003  8.1577062e+001
  2.3934000e+003  8.1032800e+001
  2.3936000e+003  8.0449771e+001
  2.3938000e+003  7.9816532e+001
  2.3940000e+003  7.9119348e+001
  2.3942000e+003  7.8351616e+001
  2.3944000e+003  7.7507233e+001
  2.3946000e+003  7.6600456e+001
  2.3948000e+003  7.5644898e+001
  2.3950000e+003  7.4659204e+001
  2.3952000e+003  7.3655581e+001
  2.3954000e+003  7.2634959e+001
  2.3956000e+003  7.1600699e+001
  2.3958000e+003  7.0547461e+001
  2.3960000e+003  6.9475126e+001
  2.3962000e+003  6.8378281e+001
  2.3964000e+003  6.7248535e+001
  2.3966000e+003  6.6081809e+001
  2.3968000e+003  6.4874482e+001
  2.3970000e+003  6.3637185e+001
  2.3972000e+003  6.2382149e+001
  2.3974000e+003  6.1122775e+001
  2.3976000e+003  5.9865522e+001
  2.3978000e+003  5.8606529e+001
  2.3980000e+003  5.7341146e+001
  2.3982000e+003  5.6065750e+001
  2.3984000e+003  5.4783201e+001
  2.3986000e+003  5.3500247e+001
  2.3988000e+003  5.2222132e+001
  2.3990000e+003  5.0951075e+001
  2.3992000e+003  4.9686169e+001
  2.3994000e+003  4.8426270e+001
  2.3996000e+003  4.7173142e+001
  2.3998000e+003  4.5930957e+001
  2.4000000e+003  4.4704222e+001
  2.4002000e+003  4.3496465e+001
  2.4004000e+003  4.2306375e+001
  2.4006000e+003  4.1132807e+001
  2.4008000e+003  3.9972949e+001
  2.4010000e+003  3.8827300e+001
  2.4012000e+003  3.7699842e+001
  2.4014000e+003  3.6593365e+001
  2.4016000e+003  3.5513877e+001
  2.4018000e+003  3.4459757e+001
  2.4020000e+003  3.3427429e+001
  2.4022000e+003  3.2408380e+001
  2.4024000e+003  3.1392240e+001
  2.4026000e+003  3.0376935e+001
  2.4028000e+003  2.9363989e+001
  2.4030000e+003  2.8367090e+001
  2.4032000e+003  2.7399706e+001
  2.4034000e+003  2.6470851e+001
  2.4036000e+003  2.5583839e+001
  2.4038000e+003  2.4730730e+001
  2.4040000e+003  2.3907780e+001
  2.4042000e+003  2.3109912e+001
  2.4044000e+003  2.2338509e+001
  2.4046000e+003  2.1596789e+001
  2.4048000e+003  2.0883393e+001
  2.4050000e+003  2.0199632e+001
  2.4052000e+003  1.9540166e+001
  2.4054000e+003  1.8905162e+001
  2.4056000e+003  1.8291974e+001
  2.4058000e+003  1.7695069e+001
  2.4060000e+003  1.7110514e+001
  2.4062000e+003  1.6531085e+001
  2.4064000e+003  1.5960764e+001
  2.4066000e+003  1.5404963e+001
  2.4068000e+003  1.4872717e+001
  2.4070000e+003  1.4369130e+001
  2.4072000e+003  1.3888859e+001
  2.4074000e+003  1.3425779e+001
  2.4076000e+003  1.2970757e+001
  2.4078000e+003  1.2524199e+001
  2.4080000e+003  1.2092804e+001
  2.4082000e+003  1.1684393e+001
  2.4084000e+003  1.1306476e+001
  2.4086000e+003  1.0955858e+001
  2.4088000e+003  1.0627150e+001
  2.4090000e+003  1.0310244e+001
  2.4092000e+003  9.9963420e+000
  2.4094000e+003  9.6820830e+000
  2.4096000e+003  9.3657010e+000
  2.4098000e+003  9.0526100e+000
  2.4100000e+003  8.7461940e+000
  2.4102000e+003  8.4507700e+000
  2.4104000e+003  8.1682680e+000
  2.4106000e+003  7.8973530e+000
  2.4108000e+003  7.6388590e+000
  2.4110000e+003  7.3920010e+000
  2.4112000e+003  7.1598520e+000
  2.4114000e+003  6.9442980e+000
  2.4116000e+003  6.7445270e+000
  2.4118000e+003  6.5567010e+000
  2.4120000e+003  6.3720940e+000
  2.4122000e+003  6.1848160e+000
  2.4124000e+003  5.9921970e+000
  2.4126000e+003  5.7988880e+000
  2.4128000e+003  5.6151860e+000
  2.4130000e+003  5.4507010e+000
  2.4132000e+003  5.3117270e+000
  2.4134000e+003  5.1944730e+000
  2.4136000e+003  5.0895210e+000
  2.4138000e+003  4.9838060e+000
  2.4140000e+003  4.8678390e+000
  2.4142000e+003  4.7398090e+000
  2.4144000e+003  4.6028370e+000
  2.4146000e+003  4.4642440e+000
  2.4148000e+003  4.3288460e+000
  2.4150000e+003  4.1986940e+000
  2.4152000e+003  4.0738100e+000
  2.4154000e+003  3.9529800e+000
  2.4156000e+003  3.8365600e+000
  2.4158000e+003  3.7235260e+000
  2.4160000e+003  3.6117310e+000
  2.4162000e+003  3.4969320e+000
  2.4164000e+003  3.3756970e+000
  2.4166000e+003  3.2491680e+000
  2.4168000e+003  3.1229490e+000
  2.4170000e+003  3.0064580e+000
  2.4172000e+003  2.9068230e+000
  2.4174000e+003  2.8257840e+000
  2.4176000e+003  2.7596470e+000
  2.4178000e+003  2.7019260e+000
  2.4180000e+003  2.6481150e+000
  2.4182000e+003  2.5960440e+000
  2.4184000e+003  2.5448080e+000
  2.4186000e+003  2.4925230e+000
  2.4188000e+003  2.4361370e+000
  2.4190000e+003  2.3740290e+000
  2.4192000e+003  2.3074620e+000
  2.4194000e+003  2.2424930e+000
  2.4196000e+003  2.1864410e+000
  2.4198000e+003  2.1440260e+000
  2.4200000e+003  2.1155830e+000
  2.4202000e+003  2.0970580e+000
  2.4204000e+003  2.0836590e+000
  2.4206000e+003  2.0711890e+000
  2.4208000e+003  2.0568840e+000
  2.4210000e+003  2.0380250e+000
  2.4212000e+003  2.0106550e+000
  2.4214000e+003  1.9703140e+000
  2.4216000e+003  1.9138810e+000
  2.4218000e+003  1.8426170e+000
  2.4220000e+003  1.7638440e+000
  2.4222000e+003  1.6897200e+000
  2.4224000e+003  1.6326180e+000
  2.4226000e+003  1.5996930e+000
  2.4228000e+003  1.5887490e+000
  2.4230000e+003  1.5886300e+000
  2.4232000e+003  1.5833850e+000
  2.4234000e+003  1.5601390e+000
  2.4236000e+003  1.5139340e+000
  2.4238000e+003  1.4499900e+000
  2.4240000e+003  1.3796800e+000
  2.4242000e+003  1.3150690e+000
  2.4244000e+003  1.2640950e+000
  2.4246000e+003  1.2276880e+000
  2.4248000e+003  1.2015580e+000
  2.4250000e+003  1.1782640e+000
  2.4252000e+003  1.1519190e+000
  2.4254000e+003  1.1201620e+000
  2.4256000e+003  1.0861150e+000
  2.4258000e+003  1.0564320e+000
  2.4260000e+003  1.0372870e+000
  2.4262000e+003  1.0305880e+000
  2.4264000e+003  1.0310170e+000
  2.4266000e+003  1.0283940e+000
  2.4268000e+003  1.0127540e+000
  2.4270000e+003  9.8094900e-001
  2.4272000e+003  9.3829600e-001
  2.4274000e+003  8.9614300e-001
  2.4276000e+003  8.6433800e-001
  2.4278000e+003  8.4674300e-001
  2.4280000e+003  8.4002000e-001
  2.4282000e+003  8.3854100e-001
  2.4284000e+003  8.3918500e-001
  2.4286000e+003  8.4366700e-001
  2.4288000e+003  8.5446800e-001
  2.4290000e+003  8.6972700e-001
  2.4292000e+003  8.8031200e-001
  2.4294000e+003  8.7423300e-001
  2.4296000e+003  8.4393000e-001
  2.4298000e+003  7.9233600e-001
  2.4300000e+003  7.3266000e-001
  2.4302000e+003  6.8273500e-001
  2.4304000e+003  6.5450600e-001
  2.4306000e+003  6.4971400e-001
  2.4308000e+003  6.5975100e-001
  2.4310000e+003  6.7183900e-001
  2.4312000e+003  6.7570200e-001
  2.4314000e+003  6.6719000e-001
  2.4316000e+003  6.4809300e-001
  2.4318000e+003  6.2284400e-001
  2.4320000e+003  5.9623700e-001
  2.4322000e+003  5.7229900e-001
  2.4324000e+003  5.5484700e-001
  2.4326000e+003  5.4814800e-001
  2.4328000e+003  5.5518100e-001
  2.4330000e+003  5.7609000e-001
  2.4332000e+003  6.0608300e-001
  2.4334000e+003  6.3686300e-001
  2.4336000e+003  6.5963200e-001
  2.4338000e+003  6.6850100e-001
  2.4340000e+003  6.6273200e-001
  2.4342000e+003  6.4518400e-001
  2.4344000e+003  6.2022200e-001
  2.4346000e+003  5.9154000e-001
  2.4348000e+003  5.6116500e-001
  2.4350000e+003  5.3029000e-001
  2.4352000e+003  5.0048800e-001
  2.4354000e+003  4.7411900e-001
  2.4356000e+003  4.5418700e-001
  2.4358000e+003  4.4324300e-001
  2.4360000e+003  4.4264700e-001
  2.4362000e+003  4.5206500e-001
  2.4364000e+003  4.7037600e-001
  2.4366000e+003  4.9567200e-001
  2.4368000e+003  5.2454400e-001
  2.4370000e+003  5.5127100e-001
  2.4372000e+003  5.6653000e-001
  2.4374000e+003  5.5906700e-001
  2.4376000e+003  5.2030000e-001
  2.4378000e+003  4.4922800e-001
  2.4380000e+003  3.5586300e-001
  2.4382000e+003  2.5889800e-001
  2.4384000e+003  1.7943300e-001
  2.4386000e+003  1.3139200e-001
  2.4388000e+003  1.1808800e-001
  2.4390000e+003  1.3287000e-001
  2.4392000e+003  1.6410300e-001
  2.4394000e+003  2.0005700e-001
  2.4396000e+003  2.3076500e-001
  2.4398000e+003  2.4929000e-001
  2.4400000e+003  2.5179300e-001
  2.4402000e+003  2.3832300e-001
  2.4404000e+003  2.1457600e-001
  2.4406000e+003  1.9071100e-001
  2.4408000e+003  1.7819400e-001
  2.4410000e+003  1.8403500e-001
  2.4412000e+003  2.0914000e-001
  2.4414000e+003  2.4843200e-001
  2.4416000e+003  2.9425600e-001
  2.4418000e+003  3.3881600e-001
  2.4420000e+003  3.7579500e-001
  2.4422000e+003  4.0125800e-001
  2.4424000e+003  4.1279700e-001
  2.4426000e+003  4.1093800e-001
  2.4428000e+003  3.9699000e-001
  2.4430000e+003  3.7262400e-001
  2.4432000e+003  3.3972200e-001
  2.4434000e+003  3.0097900e-001
  2.4436000e+003  2.6161600e-001
  2.4438000e+003  2.2957300e-001
  2.4440000e+003  2.1164400e-001
  2.4442000e+003  2.0854400e-001
  2.4444000e+003  2.1154800e-001
  2.4446000e+003  2.0716100e-001
  2.4448000e+003  1.8501200e-001
  2.4450000e+003  1.4660300e-001
  2.4452000e+003  1.0521400e-001
  2.4454000e+003  7.8678000e-002
  2.4456000e+003  7.8654000e-002
  2.4458000e+003  1.0442700e-001
  2.4460000e+003  1.4460000e-001
  2.4462000e+003  1.8532200e-001
  2.4464000e+003  2.1834300e-001
  2.4466000e+003  2.4220900e-001
  2.4468000e+003  2.5877900e-001
  2.4470000e+003  2.6848300e-001
  2.4472000e+003  2.6876900e-001
  2.4474000e+003  2.5758700e-001
  2.4476000e+003  2.3612900e-001
  2.4478000e+003  2.1054700e-001
  2.4480000e+003  1.8913700e-001
  2.4482000e+003  1.7812200e-001
  2.4484000e+003  1.7898000e-001
  2.4486000e+003  1.8832600e-001
  2.4488000e+003  2.0077200e-001
  2.4490000e+003  2.1181100e-001
  2.4492000e+003  2.2020300e-001
  2.4494000e+003  2.2702200e-001
  2.4496000e+003  2.3396000e-001
  2.4498000e+003  2.4039700e-001
  2.4500000e+003  2.4247100e-001
  2.4502000e+003  2.3324400e-001
  2.4504000e+003  2.0806700e-001
  2.4506000e+003  1.6858500e-001
  2.4508000e+003  1.2507400e-001
  2.4510000e+003  9.2291000e-002
  2.4512000e+003  8.2683000e-002
  2.4514000e+003  9.9587000e-002
  2.4516000e+003  1.3520700e-001
  2.4518000e+003  1.7426000e-001
  2.4520000e+003  2.0177300e-001
  2.4522000e+003  2.0997500e-001
  2.4524000e+003  1.9893600e-001
  2.4526000e+003  1.7368700e-001
  2.4528000e+003  1.3945100e-001
  2.4530000e+003  1.0006400e-001
  2.4532000e+003  5.9175000e-002
  2.4534000e+003  2.2530000e-002
  2.4536000e+003 -1.5970000e-003
  2.4538000e+003 -6.2220000e-003
  2.4540000e+003  9.6320000e-003
  2.4542000e+003  3.8361000e-002
  2.4544000e+003  6.4873000e-002
  2.4546000e+003  7.4076000e-002
  2.4548000e+003  5.7411000e-002
  2.4550000e+003  1.8095000e-002
  2.4552000e+003 -3.1304000e-002
  2.4554000e+003 -7.4410000e-002
  2.4556000e+003 -9.9039000e-002
  2.4558000e+003 -1.0147000e-001
  2.4560000e+003 -8.6903000e-002
  2.4562000e+003 -6.5803000e-002
  2.4564000e+003 -4.9161000e-002
  2.4566000e+003 -4.3821000e-002
  2.4568000e+003 -5.0187000e-002
  2.4570000e+003 -6.1988000e-002
  2.4572000e+003 -6.8759000e-002
  2.4574000e+003 -6.1511000e-002
  2.4576000e+003 -3.7336000e-002
  2.4578000e+003 -3.4330000e-003
  2.4580000e+003  2.6154000e-002
  2.4582000e+003  3.7121000e-002
  2.4584000e+003  2.3412000e-002
  2.4586000e+003 -8.8210000e-003
  2.4588000e+003 -4.4465000e-002
  2.4590000e+003 -6.7067000e-002
  2.4592000e+003 -6.7257000e-002
  2.4594000e+003 -4.4751000e-002
  2.4596000e+003 -6.4370000e-003
  2.4598000e+003  3.9482000e-002
  2.4600000e+003  8.6069000e-002
  2.4602000e+003  1.2824500e-001
  2.4604000e+003  1.6100400e-001
  2.4606000e+003  1.7948100e-001
  2.4608000e+003  1.8188900e-001
  2.4610000e+003  1.7194700e-001
  2.4612000e+003  1.5881000e-001
  2.4614000e+003  1.5268300e-001
  2.4616000e+003  1.5938200e-001
  2.4618000e+003  1.7714500e-001
  2.4620000e+003  1.9829200e-001
  2.4622000e+003  2.1424200e-001
  2.4624000e+003  2.1877200e-001
  2.4626000e+003  2.0956900e-001
  2.4628000e+003  1.8672900e-001
  2.4630000e+003  1.5261100e-001
  2.4632000e+003  1.1231800e-001
  2.4634000e+003  7.4172000e-002
  2.4636000e+003  4.9185000e-002
  2.4638000e+003  4.4751000e-002
  2.4640000e+003  6.0939000e-002
  2.4642000e+003  8.7881000e-002
  2.4644000e+003  1.1122200e-001
  2.4646000e+003  1.1999600e-001
  2.4648000e+003  1.1167500e-001
  2.4650000e+003  9.1409000e-002
  2.4652000e+003  6.6304000e-002
  2.4654000e+003  4.0531000e-002
  2.4656000e+003  1.4591000e-002
  2.4658000e+003 -1.1610000e-002
  2.4660000e+003 -3.5524000e-002
  2.4662000e+003 -5.1474000e-002
  2.4664000e+003 -5.4144000e-002
  2.4666000e+003 -4.2843000e-002
  2.4668000e+003 -2.2864000e-002
  2.4670000e+003 -3.0510000e-003
  2.4672000e+003  8.3680000e-003
  2.4674000e+003  7.6050000e-003
  2.4676000e+003 -4.1240000e-003
  2.4678000e+003 -2.0575000e-002
  2.4680000e+003 -3.3974000e-002
  2.4682000e+003 -3.7860000e-002
  2.4684000e+003 -3.0755000e-002
  2.4686000e+003 -1.6617000e-002
  2.4688000e+003 -1.3350000e-003
  2.4690000e+003  1.2373000e-002
  2.4692000e+003  2.7036000e-002
  2.4694000e+003  4.8136000e-002
  2.4696000e+003  7.8153000e-002
  2.4698000e+003  1.1129300e-001
  2.4700000e+003  1.3394300e-001
  2.4702000e+003  1.3213100e-001
  2.4704000e+003  1.0066000e-001
  2.4706000e+003  4.7421000e-002
  2.4708000e+003 -1.0848000e-002
  2.4710000e+003 -5.8531000e-002
  2.4712000e+003 -8.7881000e-002
  2.4714000e+003 -1.0061200e-001
  2.4716000e+003 -1.0268600e-001
  2.4718000e+003 -9.8943000e-002
  2.4720000e+003 -9.0408000e-002
  2.4722000e+003 -7.6627000e-002
  2.4724000e+003 -5.9485000e-002
  2.4726000e+003 -4.4655000e-002
  2.4728000e+003 -3.8838000e-002
  2.4730000e+003 -4.5800000e-002
  2.4732000e+003 -6.2847000e-002
  2.4734000e+003 -8.2492000e-002
  2.4736000e+003 -9.5891000e-002
  2.4738000e+003 -9.7441000e-002
  2.4740000e+003 -8.5735000e-002
  2.4742000e+003 -6.3443000e-002
  2.4744000e+003 -3.4594000e-002
  2.4746000e+003 -4.0760000e-003
  2.4748000e+003  2.3341000e-002
  2.4750000e+003  4.3201000e-002
  2.4752000e+003  5.1879000e-002
  2.4754000e+003  4.8804000e-002
  2.4756000e+003  3.7193000e-002
  2.4758000e+003  2.2435000e-002
  2.4760000e+003  9.7270000e-003
  2.4762000e+003  1.0250000e-003
  2.4764000e+003 -4.4820000e-003
  2.4766000e+003 -7.4860000e-003
  2.4768000e+003 -6.2700000e-003
  2.4770000e+003  4.1240000e-003
  2.4772000e+003  2.8395000e-002
  2.4774000e+003  6.6661000e-002
  2.4776000e+003  1.1305800e-001
  2.4778000e+003  1.5766600e-001
  2.4780000e+003  1.9223600e-001
  2.4782000e+003  2.1307400e-001
  2.4784000e+003  2.2163300e-001
  2.4786000e+003  2.2099000e-001
  2.4788000e+003  2.1224000e-001
  2.4790000e+003  1.9438200e-001
  2.4792000e+003  1.6717900e-001
  2.4794000e+003  1.3375200e-001
  2.4796000e+003  1.0101700e-001
  2.4798000e+003  7.5364000e-002
  2.4800000e+003  5.8293000e-002
  2.4802000e+003  4.4631000e-002
  2.4804000e+003  2.6583000e-002
  2.4806000e+003 -1.4300000e-004
  2.4808000e+003 -3.1614000e-002
  2.4810000e+003 -5.7888000e-002
  2.4812000e+003 -6.8902000e-002
  2.4814000e+003 -6.2537000e-002
  2.4816000e+003 -4.6324000e-002
  2.4818000e+003 -3.4022000e-002
  2.4820000e+003 -3.6239000e-002
  2.4822000e+003 -5.5480000e-002
  2.4824000e+003 -8.4424000e-002
  2.4826000e+003 -1.1126900e-001
  2.4828000e+003 -1.2614700e-001
  2.4830000e+003 -1.2598000e-001
  2.4832000e+003 -1.1436900e-001
  2.4834000e+003 -9.8562000e-002
  2.4836000e+003 -8.4686000e-002
  2.4838000e+003 -7.4148000e-002
  2.4840000e+003 -6.3610000e-002
  2.4842000e+003 -4.7278000e-002
  2.4844000e+003 -2.1910000e-002
  2.4846000e+003  9.8700000e-003
  2.4848000e+003  3.8337000e-002
  2.4850000e+003  5.1927000e-002
  2.4852000e+003  4.3416000e-002
  2.4854000e+003  1.6427000e-002
  2.4856000e+003 -1.5830000e-002
  2.4858000e+003 -3.6692000e-002
  2.4860000e+003 -3.5476000e-002
  2.4862000e+003 -1.2183000e-002
  2.4864000e+003  2.3770000e-002
  2.4866000e+003  6.0367000e-002
  2.4868000e+003  8.9073000e-002
  2.4870000e+003  1.0592900e-001
  2.4872000e+003  1.0936200e-001
  2.4874000e+003  9.7560000e-002
  2.4876000e+003  7.0834000e-002
  2.4878000e+003  3.5429000e-002
  2.4880000e+003  3.2420000e-003
  2.4882000e+003 -1.2016000e-002
  2.4884000e+003 -4.5290000e-003
  2.4886000e+003  2.1219000e-002
  2.4888000e+003  5.2285000e-002
  2.4890000e+003  7.7438000e-002
  2.4892000e+003  9.3650000e-002
  2.4894000e+003  1.0681100e-001
  2.4896000e+003  1.2323800e-001
  2.4898000e+003  1.4276500e-001
  2.4900000e+003  1.5616400e-001
  2.4902000e+003  1.5215800e-001
  2.4904000e+003  1.2621800e-001
  2.4906000e+003  8.5043000e-002
  2.4908000e+003  4.1842000e-002
  2.4910000e+003  8.8210000e-003
  2.4912000e+003 -8.8930000e-003
  2.4914000e+003 -1.4901000e-002
  2.4916000e+003 -1.6808000e-002
  2.4918000e+003 -2.0003000e-002
  2.4920000e+003 -2.6202000e-002
  2.4922000e+003 -3.4403000e-002
  2.4924000e+003 -4.2295000e-002
  2.4926000e+003 -4.7111000e-002
  2.4928000e+003 -4.5228000e-002
  2.4930000e+003 -3.1018000e-002
  2.4932000e+003 -6.6700000e-004
  2.4934000e+003  4.4298000e-002
  2.4936000e+003  9.3674000e-002
  2.4938000e+003  1.3144000e-001
  2.4940000e+003  1.4247800e-001
  2.4942000e+003  1.2254700e-001
  2.4944000e+003  8.2564000e-002
  2.4946000e+003  4.6753000e-002
  2.4948000e+003  4.0531000e-002
  2.4950000e+003  7.7152000e-002
  2.4952000e+003  1.4963100e-001
  2.4954000e+003  2.3179000e-001
  2.4956000e+003  2.9141900e-001
  2.4958000e+003  3.0395900e-001
  2.4960000e+003  2.6633700e-001
  2.4962000e+003  1.9569300e-001
  2.4964000e+003  1.2111600e-001
  2.4966000e+003  6.6852000e-002
  2.4968000e+003  4.2319000e-002
  2.4970000e+003  3.9482000e-002
  2.4972000e+003  4.1413000e-002
  2.4974000e+003  3.3521000e-002
  2.4976000e+003  1.1086000e-002
  2.4978000e+003 -2.0051000e-002
  2.4980000e+003 -5.0783000e-002
  2.4982000e+003 -7.4982000e-002
  2.4984000e+003 -9.1981000e-002
  2.4986000e+003 -1.0359200e-001
  2.4988000e+003 -1.0921900e-001
  2.4990000e+003 -1.0418800e-001
  2.4992000e+003 -8.3589000e-002
  2.4994000e+003 -4.8494000e-002
  2.4996000e+003 -8.5830000e-003
  2.4998000e+003  2.1338000e-002
  2.5000000e+003  2.8967000e-002
  2.5002000e+003  1.1992000e-002
  2.5004000e+003 -2.1028000e-002
  2.5006000e+003 -5.5742000e-002
  2.5008000e+003 -8.1515000e-002
  2.5010000e+003 -9.5248000e-002
  2.5012000e+003 -1.0168500e-001
  2.5014000e+003 -1.0738300e-001
  2.5016000e+003 -1.1610900e-001
  2.5018000e+003 -1.2600400e-001
  2.5020000e+003 -1.3115400e-001
  2.5022000e+003 -1.2474000e-001
  2.5024000e+003 -1.0273400e-001
  2.5026000e+003 -6.6018000e-002
  2.5028000e+003 -2.1195000e-002
  2.5030000e+003  2.1529000e-002
  2.5032000e+003  5.2165000e-002
  2.5034000e+003  6.4301000e-002
  2.5036000e+003  5.9795000e-002
  2.5038000e+003  4.6896000e-002
  2.5040000e+003  3.6525000e-002
  2.5042000e+003  3.6096000e-002
  2.5044000e+003  4.7016000e-002
  2.5046000e+003  6.5565000e-002
  2.5048000e+003  8.6951000e-002
  2.5050000e+003  1.0728800e-001
  2.5052000e+003  1.2419200e-001
  2.5054000e+003  1.3661300e-001
  2.5056000e+003  1.4455300e-001
  2.5058000e+003  1.4886800e-001
  2.5060000e+003  1.5099000e-001
  2.5062000e+003  1.5120500e-001
  2.5064000e+003  1.4724700e-001
  2.5066000e+003  1.3508700e-001
  2.5068000e+003  1.1126900e-001
  2.5070000e+003  7.7795000e-002
  2.5072000e+003  4.2819000e-002
  2.5074000e+003  1.7571000e-002
  2.5076000e+003  1.0657000e-002
  2.5078000e+003  2.2888000e-002
  2.5080000e+003  4.8303000e-002
  2.5082000e+003  7.7843000e-002
  2.5084000e+003  1.0488000e-001
  2.5086000e+003  1.2645700e-001
  2.5088000e+003  1.4264500e-001
  2.5090000e+003  1.5327900e-001
  2.5092000e+003  1.5611600e-001
  2.5094000e+003  1.4808100e-001
  2.5096000e+003  1.2822100e-001
  2.5098000e+003  1.0046900e-001
  2.5100000e+003  7.3289000e-002
  2.5102000e+003  5.5432000e-002
  2.5104000e+003  5.1951000e-002
  2.5106000e+003  6.0725000e-002
  2.5108000e+003  7.4791000e-002
  2.5110000e+003  8.6307000e-002
  2.5112000e+003  9.1791000e-002
  2.5114000e+003  9.3078000e-002
  2.5116000e+003  9.5796000e-002
  2.5118000e+003  1.0418800e-001
  2.5120000e+003  1.1818400e-001
  2.5122000e+003  1.3318000e-001
  2.5124000e+003  1.4288400e-001
  2.5126000e+003  1.4278800e-001
  2.5128000e+003  1.3196400e-001
  2.5130000e+003  1.1253300e-001
  2.5132000e+003  8.7714000e-002
  2.5134000e+003  6.0224000e-002
  2.5136000e+003  3.1971000e-002
  2.5138000e+003  5.3400000e-003
  2.5140000e+003 -1.5735000e-002
  2.5142000e+003 -2.5582000e-002
  2.5144000e+003 -1.8954000e-002
  2.5146000e+003  5.5780000e-003
  2.5148000e+003  4.3463000e-002
  2.5150000e+003  8.5306000e-002
  2.5152000e+003  1.2106800e-001
  2.5154000e+003  1.4514900e-001
  2.5156000e+003  1.5769000e-001
  2.5158000e+003  1.6374500e-001
  2.5160000e+003  1.6837100e-001
  2.5162000e+003  1.7309100e-001
  2.5164000e+003  1.7466500e-001
  2.5166000e+003  1.6651100e-001
  2.5168000e+003  1.4171600e-001
  2.5170000e+003  9.7179000e-002
  2.5172000e+003  3.5381000e-002
  2.5174000e+003 -3.5643000e-002
  2.5176000e+003 -1.0354500e-001
  2.5178000e+003 -1.5616400e-001
  2.5180000e+003 -1.8486900e-001
  2.5182000e+003 -1.8846900e-001
  2.5184000e+003 -1.7328200e-001
  2.5186000e+003 -1.5001200e-001
  2.5188000e+003 -1.2903200e-001
  2.5190000e+003 -1.1548900e-001
  2.5192000e+003 -1.0783600e-001
  2.5194000e+003 -9.8872000e-002
  2.5196000e+003 -8.0537000e-002
  2.5198000e+003 -4.9042000e-002
  2.5200000e+003 -9.0590000e-003
  2.5202000e+003  2.9015000e-002
  2.5204000e+003  5.3596000e-002
  2.5206000e+003  5.9390000e-002
  2.5208000e+003  4.8899000e-002
  2.5210000e+003  2.9730000e-002
  2.5212000e+003  8.3440000e-003
  2.5214000e+003 -1.3971000e-002
  2.5216000e+003 -3.9672000e-002
  2.5218000e+003 -6.8545000e-002
  2.5220000e+003 -9.4747000e-002
  2.5222000e+003 -1.0690600e-001
  2.5224000e+003 -9.6464000e-002
  2.5226000e+003 -6.4301000e-002
  2.5228000e+003 -2.1338000e-002
  2.5230000e+003  1.9001000e-002
  2.5232000e+003  4.8685000e-002
  2.5234000e+003  6.9785000e-002
  2.5236000e+003  8.9454000e-002
  2.5238000e+003  1.1212800e-001
  2.5240000e+003  1.3344200e-001
  2.5242000e+003  1.4348000e-001
  2.5244000e+003  1.3446800e-001
  2.5246000e+003  1.0881400e-001
  2.5248000e+003  7.7652000e-002
  2.5250000e+003  5.4645000e-002
  2.5252000e+003  4.6682000e-002
  2.5254000e+003  5.0187000e-002
  2.5256000e+003  5.5837000e-002
  2.5258000e+003  5.5694000e-002
  2.5260000e+003  4.8112000e-002
  2.5262000e+003  3.6525000e-002
  2.5264000e+003  2.4604000e-002
  2.5266000e+003  1.3041000e-002
  2.5268000e+003  1.0720000e-003
  2.5270000e+003 -1.0871000e-002
  2.5272000e+003 -1.9145000e-002
  2.5274000e+003 -1.9097000e-002
  2.5276000e+003 -8.0100000e-003
  2.5278000e+003  1.4185000e-002
  2.5280000e+003  4.6038000e-002
  2.5282000e+003  8.7547000e-002
  2.5284000e+003  1.3954600e-001
  2.5286000e+003  1.9986600e-001
  2.5288000e+003  2.5935100e-001
  2.5290000e+003  3.0360200e-001
  2.5292000e+003  3.1833600e-001
  2.5294000e+003  2.9881000e-001
  2.5296000e+003  2.5141200e-001
  2.5298000e+003  1.9128300e-001
  2.5300000e+003  1.3415800e-001
  2.5302000e+003  9.0670000e-002
  2.5304000e+003  6.3943000e-002
  2.5306000e+003  5.0973000e-002
  2.5308000e+003  4.6396000e-002
  2.5310000e+003  4.6133000e-002
  2.5312000e+003  4.9257000e-002
  2.5314000e+003  5.6290000e-002
  2.5316000e+003  6.7925000e-002
  2.5318000e+003  8.2373000e-002
  2.5320000e+003  9.4842000e-002
  2.5322000e+003  9.9158000e-002
  2.5324000e+003  9.1671000e-002
  2.5326000e+003  7.4458000e-002
  2.5328000e+003  5.5503000e-002
  2.5330000e+003  4.3296000e-002
  2.5332000e+003  4.1890000e-002
  2.5334000e+003  4.7802000e-002
  2.5336000e+003  5.3143000e-002
  2.5338000e+003  5.0354000e-002
  2.5340000e+003  3.6168000e-002
  2.5342000e+003  1.2230000e-002
  2.5344000e+003 -1.7452000e-002
  2.5346000e+003 -4.9281000e-002
  2.5348000e+003 -8.0633000e-002
  2.5350000e+003 -1.0800300e-001
  2.5352000e+003 -1.2629000e-001
  2.5354000e+003 -1.2905500e-001
  2.5356000e+003 -1.1188900e-001
  2.5358000e+003 -7.6675000e-002
  2.5360000e+003 -3.1328000e-002
  2.5362000e+003  1.2373000e-002
  2.5364000e+003  4.4894000e-002
  2.5366000e+003  6.2990000e-002
  2.5368000e+003  7.0786000e-002
  2.5370000e+003  7.6723000e-002
  2.5372000e+003  8.8429000e-002
  2.5374000e+003  1.0969600e-001
  2.5376000e+003  1.3842500e-001
  2.5378000e+003  1.6846600e-001
  2.5380000e+003  1.9109200e-001
  2.5382000e+003  1.9795800e-001
  2.5384000e+003  1.8267600e-001
  2.5386000e+003  1.4436200e-001
  2.5388000e+003  8.8977000e-002
  2.5390000e+003  2.9158000e-002
  2.5392000e+003 -1.8763000e-002
  2.5394000e+003 -4.3153000e-002
  2.5396000e+003 -4.1079000e-002
  2.5398000e+003 -2.0432000e-002
  2.5400000e+003  4.5060000e-003
  2.5402000e+003  1.9311000e-002
  2.5404000e+003  1.4925000e-002
  2.5406000e+003 -9.6080000e-003
  2.5408000e+003 -4.9114000e-002
  2.5410000e+003 -9.5558000e-002
  2.5412000e+003 -1.4035700e-001
  2.5414000e+003 -1.7533300e-001
  2.5416000e+003 -1.9237900e-001
  2.5418000e+003 -1.8477400e-001
  2.5420000e+003 -1.4977400e-001
  2.5422000e+003 -9.2077000e-002
  2.5424000e+003 -2.3722000e-002
  2.5426000e+003  3.8814000e-002
  2.5428000e+003  8.1801000e-002
  2.5430000e+003  1.0044500e-001
  2.5432000e+003  1.0070800e-001
  2.5434000e+003  9.6654000e-002
  2.5436000e+003  1.0163700e-001
  2.5438000e+003  1.2137800e-001
  2.5440000e+003  1.4917800e-001
  2.5442000e+003  1.6942000e-001
  2.5444000e+003  1.6427000e-001
  2.5446000e+003  1.2421600e-001
  2.5448000e+003  5.3739000e-002
  2.5450000e+003 -2.7656000e-002
  2.5452000e+003 -9.3865000e-002
  2.5454000e+003 -1.2409600e-001
  2.5456000e+003 -1.1248500e-001
  2.5458000e+003 -7.1549000e-002
  2.5460000e+003 -2.2840000e-002
  2.5462000e+003  1.3589000e-002
  2.5464000e+003  3.0827000e-002
  2.5466000e+003  3.4666000e-002
  2.5468000e+003  3.6668000e-002
  2.5470000e+003  4.3416000e-002
  2.5472000e+003  5.2380000e-002
  2.5474000e+003  5.4836000e-002
  2.5476000e+003  4.5108000e-002
  2.5478000e+003  2.6583000e-002
  2.5480000e+003  1.1515000e-002
  2.5482000e+003  1.1515000e-002
  2.5484000e+003  2.9873000e-002
  2.5486000e+003  5.6886000e-002
  2.5488000e+003  7.5554000e-002
  2.5490000e+003  7.0118000e-002
  2.5492000e+003  3.6692000e-002
  2.5494000e+003 -1.5377000e-002
  2.5496000e+003 -6.7877000e-002
  2.5498000e+003 -1.0216200e-001
  2.5500000e+003 -1.0817000e-001
  2.5502000e+003 -8.6593000e-002
  2.5504000e+003 -4.6753000e-002
  2.5506000e+003 -9.2900000e-004
  2.5508000e+003  3.9958000e-002
  2.5510000e+003  6.8879000e-002
  2.5512000e+003  8.2492000e-002
  2.5514000e+003  8.0227000e-002
  2.5516000e+003  6.3991000e-002
  2.5518000e+003  3.8433000e-002
  2.5520000e+003  1.1539000e-002
  2.5522000e+003 -7.2710000e-003
  2.5524000e+003 -1.0156000e-002
  2.5526000e+003  6.5800000e-003
  2.5528000e+003  4.0030000e-002
  2.5530000e+003  8.2182000e-002
  2.5532000e+003  1.2216500e-001
  2.5534000e+003  1.5029900e-001
  2.5536000e+003  1.6071700e-001
  2.5538000e+003  1.5184800e-001
  2.5540000e+003  1.2648100e-001
  2.5542000e+003  8.9383000e-002
  2.5544000e+003  4.6133000e-002
  2.5546000e+003  1.7880000e-003
  2.5548000e+003 -3.9172000e-002
  2.5550000e+003 -7.1978000e-002
  2.5552000e+003 -9.0932000e-002
  2.5554000e+003 -9.0408000e-002
  2.5556000e+003 -6.7234000e-002
  2.5558000e+003 -2.3698000e-002
  2.5560000e+003  3.1352000e-002
  2.5562000e+003  8.3947000e-002
  2.5564000e+003  1.2047200e-001
  2.5566000e+003  1.3177300e-001
  2.5568000e+003  1.1658600e-001
  2.5570000e+003  8.1324000e-002
  2.5572000e+003  3.7455000e-002
  2.5574000e+003 -1.7640000e-003
  2.5576000e+003 -2.4414000e-002
  2.5578000e+003 -2.2602000e-002
  2.5580000e+003  3.9100000e-003
  2.5582000e+003  4.6420000e-002
  2.5584000e+003  8.8977000e-002
  2.5586000e+003  1.1334400e-001
  2.5588000e+003  1.0848000e-001
  2.5590000e+003  7.5054000e-002
  2.5592000e+003  2.5916000e-002
  2.5594000e+003 -2.0480000e-002
  2.5596000e+003 -4.7945000e-002
  2.5598000e+003 -4.9757000e-002
  2.5600000e+003 -2.8371000e-002
  2.5602000e+003  7.4620000e-003
  2.5604000e+003  4.7636000e-002
  2.5606000e+003  8.3422000e-002
  2.5608000e+003  1.0721600e-001
  2.5610000e+003  1.1384400e-001
  2.5612000e+003  1.0247200e-001
  2.5614000e+003  7.9011000e-002
  2.5616000e+003  5.5623000e-002
  2.5618000e+003  4.6396000e-002
  2.5620000e+003  6.0272000e-002
  2.5622000e+003  9.4342000e-002
  2.5624000e+003  1.3597000e-001
  2.5626000e+003  1.6856100e-001
  2.5628000e+003  1.8246100e-001
  2.5630000e+003  1.7902800e-001
  2.5632000e+003  1.6891900e-001
  2.5634000e+003  1.6288700e-001
  2.5636000e+003  1.6467500e-001
  2.5638000e+003  1.6915700e-001
  2.5640000e+003  1.6741700e-001
  2.5642000e+003  1.5406600e-001
  2.5644000e+003  1.3177300e-001
  2.5646000e+003  1.0874200e-001
  2.5648000e+003  9.3364000e-002
  2.5650000e+003  8.8953000e-002
  2.5652000e+003  9.2554000e-002
  2.5654000e+003  9.7894000e-002
  2.5656000e+003  9.9825000e-002
  2.5658000e+003  9.7131000e-002
  2.5660000e+003  9.1004000e-002
  2.5662000e+003  8.2755000e-002
  2.5664000e+003  7.2002000e-002
  2.5666000e+003  5.7220000e-002
  2.5668000e+003  3.8337000e-002
  2.5670000e+003  1.8668000e-002
  2.5672000e+003  4.4100000e-003
  2.5674000e+003  2.3120000e-003
  2.5676000e+003  1.5854000e-002
  2.5678000e+003  4.2867000e-002
  2.5680000e+003  7.5817000e-002
  2.5682000e+003  1.0476100e-001
  2.5684000e+003  1.2018600e-001
  2.5686000e+003  1.1596600e-001
  2.5688000e+003  8.9859000e-002
  2.5690000e+003  4.4012000e-002
  2.5692000e+003 -1.5592000e-002
  2.5694000e+003 -8.0299000e-002
  2.5696000e+003 -1.3923600e-001
  2.5698000e+003 -1.8208000e-001
  2.5700000e+003 -2.0139200e-001
  2.5702000e+003 -1.9454900e-001
  2.5704000e+003 -1.6527100e-001
  2.5706000e+003 -1.2197400e-001
  2.5708000e+003 -7.5483000e-002
  2.5710000e+003 -3.4689000e-002
  2.5712000e+003 -3.9570000e-003
  2.5714000e+003  1.7905000e-002
  2.5716000e+003  3.5572000e-002
  2.5718000e+003  5.3739000e-002
  2.5720000e+003  7.2836000e-002
  2.5722000e+003  8.8071000e-002
  2.5724000e+003  9.2720000e-002
  2.5726000e+003  8.2731000e-002
  2.5728000e+003  6.0844000e-002
  2.5730000e+003  3.4713000e-002
  2.5732000e+003  1.2397000e-002
  2.5734000e+003 -3.0040000e-003
  2.5736000e+003 -1.4472000e-002
  2.5738000e+003 -2.7751000e-002
  2.5740000e+003 -4.5204000e-002
  2.5742000e+003 -6.2990000e-002
  2.5744000e+003 -7.2956000e-002
  2.5746000e+003 -6.8902000e-002
  2.5748000e+003 -5.0711000e-002
  2.5750000e+003 -2.4795000e-002
  2.5752000e+003  6.9100000e-004
  2.5754000e+003  2.0027000e-002
  2.5756000e+003  3.2615000e-002
  2.5758000e+003  4.1437000e-002
  2.5760000e+003  5.0234000e-002
  2.5762000e+003  6.0105000e-002
  2.5764000e+003  6.9522000e-002
  2.5766000e+003  7.4815000e-002
  2.5768000e+003  7.1716000e-002
  2.5770000e+003  5.7506000e-002
  2.5772000e+003  3.2830000e-002
  2.5774000e+003  3.7900000e-003
  2.5776000e+003 -1.9001000e-002
  2.5778000e+003 -2.2554000e-002
  2.5780000e+003  1.5730000e-003
  2.5782000e+003  5.3286000e-002
  2.5784000e+003  1.2238000e-001
  2.5786000e+003  1.9261800e-001
  2.5788000e+003  2.4743000e-001
  2.5790000e+003  2.7558800e-001
  2.5792000e+003  2.7410900e-001
  2.5794000e+003  2.4664400e-001
  2.5796000e+003  2.0177300e-001
  2.5798000e+003  1.4979800e-001
  2.5800000e+003  1.0168500e-001
  2.5802000e+003  6.7162000e-002
  2.5804000e+003  5.0783000e-002
  2.5806000e+003  5.0306000e-002
  2.5808000e+003  5.5217000e-002
  2.5810000e+003  5.1140000e-002
  2.5812000e+003  2.6416000e-002
  2.5814000e+003 -2.1290000e-002
  2.5816000e+003 -8.2659000e-002
  2.5818000e+003 -1.3973700e-001
  2.5820000e+003 -1.7349700e-001
  2.5822000e+003 -1.7213800e-001
  2.5824000e+003 -1.3444400e-001
  2.5826000e+003 -6.9689000e-002
  2.5828000e+003  7.5810000e-003
  2.5830000e+003  8.1110000e-002
  2.5832000e+003  1.3744800e-001
  2.5834000e+003  1.6853800e-001
  2.5836000e+003  1.7218500e-001
  2.5838000e+003  1.5306400e-001
  2.5840000e+003  1.2016200e-001
  2.5842000e+003  8.3470000e-002
  2.5844000e+003  4.9519000e-002
  2.5846000e+003  1.9288000e-002
  2.5848000e+003 -9.7510000e-003
  2.5850000e+003 -3.9505000e-002
  2.5852000e+003 -6.7710000e-002
  2.5854000e+003 -8.7308000e-002
  2.5856000e+003 -9.1242000e-002
  2.5858000e+003 -7.7104000e-002
  2.5860000e+003 -4.8947000e-002
  2.5862000e+003 -1.5401000e-002
  2.5864000e+003  1.5449000e-002
  2.5866000e+003  3.9625000e-002
  2.5868000e+003  5.6600000e-002
  2.5870000e+003  6.7019000e-002
  2.5872000e+003  6.9403000e-002
  2.5874000e+003  6.0033000e-002
  2.5876000e+003  3.5953000e-002
  2.5878000e+003 -5.9600000e-004
  2.5880000e+003 -4.0960000e-002
  2.5882000e+003 -7.1954000e-002
  2.5884000e+003 -8.0919000e-002
  2.5886000e+003 -6.2751000e-002
  2.5888000e+003 -2.1481000e-002
  2.5890000e+003  2.8824000e-002
  2.5892000e+003  7.0738000e-002
  2.5894000e+003  9.0026000e-002
  2.5896000e+003  8.1682000e-002
  2.5898000e+003  5.0830000e-002
  2.5900000e+003  8.5590000e-003
  2.5902000e+003 -3.3116000e-002
  2.5904000e+003 -6.6232000e-002
  2.5906000e+003 -8.8143000e-002
  2.5908000e+003 -9.9611000e-002
  2.5910000e+003 -1.0116100e-001
  2.5912000e+003 -9.1838000e-002
  2.5914000e+003 -6.8998000e-002
  2.5916000e+003 -3.1304000e-002
  2.5918000e+003  1.8811000e-002
  2.5920000e+003  7.3575000e-002
  2.5922000e+003  1.2061500e-001
  2.5924000e+003  1.4517300e-001
  2.5926000e+003  1.3730500e-001
  2.5928000e+003  9.7608000e-002
  2.5930000e+003  3.9553000e-002
  2.5932000e+003 -1.6140000e-002
  2.5934000e+003 -5.2475000e-002
  2.5936000e+003 -6.4468000e-002
  2.5938000e+003 -6.2656000e-002
  2.5940000e+003 -6.4849000e-002
  2.5942000e+003 -8.5139000e-002
  2.5944000e+003 -1.2350000e-001
  2.5946000e+003 -1.6717900e-001
  2.5948000e+003 -1.9757700e-001
  2.5950000e+003 -2.0232200e-001
  2.5952000e+003 -1.7926600e-001
  2.5954000e+003 -1.3630300e-001
  2.5956000e+003 -8.5449000e-002
  2.5958000e+003 -3.7717000e-002
  2.5960000e+003 -1.0250000e-003
  2.5962000e+003  2.2864000e-002
  2.5964000e+003  3.6454000e-002
  2.5966000e+003  4.5061000e-002
  2.5968000e+003  5.3310000e-002
  2.5970000e+003  6.2727000e-002
  2.5972000e+003  6.9880000e-002
  2.5974000e+003  6.9284000e-002
  2.5976000e+003  5.7125000e-002
  2.5978000e+003  3.5929000e-002
  2.5980000e+003  1.5020000e-002
  2.5982000e+003  6.4370000e-003
  2.5984000e+003  1.8024000e-002
  2.5986000e+003  4.7063000e-002
  2.5988000e+003  8.0466000e-002
  2.5990000e+003  1.0006400e-001
  2.5992000e+003  9.1838000e-002
  2.5994000e+003  5.1927000e-002
  2.5996000e+003 -1.0323000e-002
  2.5998000e+003 -7.9083000e-002
  2.6000000e+003 -1.3899800e-001
