  9.5000000e+002  2.7732800e-001
  9.5020000e+002  2.9106100e-001
  9.5040000e+002  2.8839100e-001
  9.5060000e+002  2.6943600e-001
  9.5080000e+002  2.4077800e-001
  9.5100000e+002  2.1154800e-001
  9.5120000e+002  1.8875500e-001
  9.5140000e+002  1.7545200e-001
  9.5160000e+002  1.7042100e-001
  9.5180000e+002  1.6999200e-001
  9.5200000e+002  1.6996800e-001
  9.5220000e+002  1.6739300e-001
  9.5240000e+002  1.6152800e-001
  9.5260000e+002  1.5442300e-001
  9.5280000e+002  1.4970300e-001
  9.5300000e+002  1.5122800e-001
  9.5320000e+002  1.6045500e-001
  9.5340000e+002  1.7488000e-001
  9.5360000e+002  1.8956600e-001
  9.5380000e+002  1.9998500e-001
  9.5400000e+002  2.0494400e-001
  9.5420000e+002  2.0644600e-001
  9.5440000e+002  2.0782900e-001
  9.5460000e+002  2.1100000e-001
  9.5480000e+002  2.1607800e-001
  9.5500000e+002  2.2296900e-001
  9.5520000e+002  2.3233800e-001
  9.5540000e+002  2.4621400e-001
  9.5560000e+002  2.6643200e-001
  9.5580000e+002  2.9287300e-001
  9.5600000e+002  3.2246100e-001
  9.5620000e+002  3.5052200e-001
  9.5640000e+002  3.7336300e-001
  9.5660000e+002  3.8876500e-001
  9.5680000e+002  3.9622700e-001
  9.5700000e+002  3.9577400e-001
  9.5720000e+002  3.8700100e-001
  9.5740000e+002  3.6990600e-001
  9.5760000e+002  3.4666000e-001
  9.5780000e+002  3.2231800e-001
  9.5800000e+002  3.0455500e-001
  9.5820000e+002  3.0066900e-001
  9.5840000e+002  3.1383000e-001
  9.5860000e+002  3.3922100e-001
  9.5880000e+002  3.6566200e-001
  9.5900000e+002  3.7963300e-001
  9.5920000e+002  3.7310100e-001
  9.5940000e+002  3.4790000e-001
  9.5960000e+002  3.1669100e-001
  9.5980000e+002  2.9623500e-001
  9.6000000e+002  2.9931000e-001
  9.6020000e+002  3.2761000e-001
  9.6040000e+002  3.7078800e-001
  9.6060000e+002  4.1174800e-001
  9.6080000e+002  4.3344400e-001
  9.6100000e+002  4.2655400e-001
  9.6120000e+002  3.9150700e-001
  9.6140000e+002  3.3867300e-001
  9.6160000e+002  2.8367000e-001
  9.6180000e+002  2.4280500e-001
  9.6200000e+002  2.2695000e-001
  9.6220000e+002  2.3729800e-001
  9.6240000e+002  2.6583600e-001
  9.6260000e+002  2.9780800e-001
  9.6280000e+002  3.1979000e-001
  9.6300000e+002  3.2463000e-001
  9.6320000e+002  3.1452100e-001
  9.6340000e+002  2.9802300e-001
  9.6360000e+002  2.8488600e-001
  9.6380000e+002  2.7966400e-001
  9.6400000e+002  2.8066600e-001
  9.6420000e+002  2.8283500e-001
  9.6440000e+002  2.8269200e-001
  9.6460000e+002  2.8150000e-001
  9.6480000e+002  2.8498100e-001
  9.6500000e+002  2.9883300e-001
  9.6520000e+002  3.2353400e-001
  9.6540000e+002  3.5219100e-001
  9.6560000e+002  3.7393500e-001
  9.6580000e+002  3.8015800e-001
  9.6600000e+002  3.6931000e-001
  9.6620000e+002  3.4766100e-001
  9.6640000e+002  3.2379600e-001
  9.6660000e+002  3.0317300e-001
  9.6680000e+002  2.8517200e-001
  9.6700000e+002  2.6557400e-001
  9.6720000e+002  2.4144600e-001
  9.6740000e+002  2.1536300e-001
  9.6760000e+002  1.9452500e-001
  9.6780000e+002  1.8651400e-001
  9.6800000e+002  1.9383400e-001
  9.6820000e+002  2.1314600e-001
  9.6840000e+002  2.3732100e-001
  9.6860000e+002  2.5992300e-001
  9.6880000e+002  2.7740000e-001
  9.6900000e+002  2.8982100e-001
  9.6920000e+002  2.9888100e-001
  9.6940000e+002  3.0608100e-001
  9.6960000e+002  3.1232800e-001
  9.6980000e+002  3.1850300e-001
  9.7000000e+002  3.2591800e-001
  9.7020000e+002  3.3609800e-001
  9.7040000e+002  3.5004600e-001
  9.7060000e+002  3.6675900e-001
  9.7080000e+002  3.8356700e-001
  9.7100000e+002  3.9751500e-001
  9.7120000e+002  4.0636000e-001
  9.7140000e+002  4.1067600e-001
  9.7160000e+002  4.1387000e-001
  9.7180000e+002  4.2104700e-001
  9.7200000e+002  4.3606700e-001
  9.7220000e+002  4.5886000e-001
  9.7240000e+002  4.8499100e-001
  9.7260000e+002  5.0776000e-001
  9.7280000e+002  5.2139700e-001
  9.7300000e+002  5.2318500e-001
  9.7320000e+002  5.1407800e-001
  9.7340000e+002  4.9762700e-001
  9.7360000e+002  4.7914900e-001
  9.7380000e+002  4.6458200e-001
  9.7400000e+002  4.5990900e-001
  9.7420000e+002  4.6970800e-001
  9.7440000e+002  4.9359700e-001
  9.7460000e+002  5.2490200e-001
  9.7480000e+002  5.5189100e-001
  9.7500000e+002  5.6428900e-001
  9.7520000e+002  5.5868600e-001
  9.7540000e+002  5.4035100e-001
  9.7560000e+002  5.1901300e-001
  9.7580000e+002  5.0168000e-001
  9.7600000e+002  4.8830500e-001
  9.7620000e+002  4.7266400e-001
  9.7640000e+002  4.4846500e-001
  9.7660000e+002  4.1520500e-001
  9.7680000e+002  3.8025300e-001
  9.7700000e+002  3.5481400e-001
  9.7720000e+002  3.4821000e-001
  9.7740000e+002  3.6337300e-001
  9.7760000e+002  3.9761000e-001
  9.7780000e+002  4.4414900e-001
  9.7800000e+002  4.9467000e-001
  9.7820000e+002  5.4078100e-001
  9.7840000e+002  5.7327700e-001
  9.7860000e+002  5.8469700e-001
  9.7880000e+002  5.7134600e-001
  9.7900000e+002  5.3703700e-001
  9.7920000e+002  4.9297800e-001
  9.7940000e+002  4.5459200e-001
  9.7960000e+002  4.3578100e-001
  9.7980000e+002  4.4136000e-001
  9.8000000e+002  4.6684700e-001
  9.8020000e+002  5.0120300e-001
  9.8040000e+002  5.3470100e-001
  9.8060000e+002  5.6354900e-001
  9.8080000e+002  5.9235000e-001
  9.8100000e+002  6.2935300e-001
  9.8120000e+002  6.8035100e-001
  9.8140000e+002  7.4291200e-001
  9.8160000e+002  8.0616400e-001
  9.8180000e+002  8.5391900e-001
  9.8200000e+002  8.7258800e-001
  9.8220000e+002  8.5680400e-001
  9.8240000e+002  8.1250600e-001
  9.8260000e+002  7.5535700e-001
  9.8280000e+002  7.0402600e-001
  9.8300000e+002  6.7443800e-001
  9.8320000e+002  6.7179200e-001
  9.8340000e+002  6.9098400e-001
  9.8360000e+002  7.1926100e-001
  9.8380000e+002  7.4415200e-001
  9.8400000e+002  7.5926700e-001
  9.8420000e+002  7.6658700e-001
  9.8440000e+002  7.7307200e-001
  9.8460000e+002  7.8525500e-001
  9.8480000e+002  8.0521100e-001
  9.8500000e+002  8.3012500e-001
  9.8520000e+002  8.5616100e-001
  9.8540000e+002  8.8155200e-001
  9.8560000e+002  9.0768300e-001
  9.8580000e+002  9.3634100e-001
  9.8600000e+002  9.6623800e-001
  9.8620000e+002  9.9282200e-001
  9.8640000e+002  1.0108700e+000
  9.8660000e+002  1.0175940e+000
  9.8680000e+002  1.0164970e+000
  9.8700000e+002  1.0153770e+000
  9.8720000e+002  1.0223620e+000
  9.8740000e+002  1.0403390e+000
  9.8760000e+002  1.0654210e+000
  9.8780000e+002  1.0882850e+000
  9.8800000e+002  1.1005640e+000
  9.8820000e+002  1.0986320e+000
  9.8840000e+002  1.0867110e+000
  9.8860000e+002  1.0739800e+000
  9.8880000e+002  1.0703080e+000
  9.8900000e+002  1.0820620e+000
  9.8920000e+002  1.1108390e+000
  9.8940000e+002  1.1549940e+000
  9.8960000e+002  1.2112370e+000
  9.8980000e+002  1.2741560e+000
  9.9000000e+002  1.3343090e+000
  9.9020000e+002  1.3794660e+000
  9.9040000e+002  1.3986580e+000
  9.9060000e+002  1.3883110e+000
  9.9080000e+002  1.3566490e+000
  9.9100000e+002  1.3203620e+000
  9.9120000e+002  1.2977600e+000
  9.9140000e+002  1.2979740e+000
  9.9160000e+002  1.3183590e+000
  9.9180000e+002  1.3473740e+000
  9.9200000e+002  1.3737910e+000
  9.9220000e+002  1.3926980e+000
  9.9240000e+002  1.4062880e+000
  9.9260000e+002  1.4199970e+000
  9.9280000e+002  1.4384030e+000
  9.9300000e+002  1.4646760e+000
  9.9320000e+002  1.5017270e+000
  9.9340000e+002  1.5527720e+000
  9.9360000e+002  1.6197440e+000
  9.9380000e+002  1.6988270e+000
  9.9400000e+002  1.7793890e+000
  9.9420000e+002  1.8460270e+000
  9.9440000e+002  1.8874160e+000
  9.9460000e+002  1.9016980e+000
  9.9480000e+002  1.8978830e+000
  9.9500000e+002  1.8911600e+000
  9.9520000e+002  1.8945450e+000
  9.9540000e+002  1.9135710e+000
  9.9560000e+002  1.9457570e+000
  9.9580000e+002  1.9841900e+000
  9.9600000e+002  2.0232670e+000
  9.9620000e+002  2.0618910e+000
  9.9640000e+002  2.1037810e+000
  9.9660000e+002  2.1543740e+000
  9.9680000e+002  2.2166250e+000
  9.9700000e+002  2.2897000e+000
  9.9720000e+002  2.3679250e+000
  9.9740000e+002  2.4441710e+000
  9.9760000e+002  2.5131940e+000
  9.9780000e+002  2.5752300e+000
  9.9800000e+002  2.6357410e+000
  9.9820000e+002  2.7021400e+000
  9.9840000e+002  2.7796740e+000
  9.9860000e+002  2.8671970e+000
  9.9880000e+002  2.9575100e+000
  9.9900000e+002  3.0411240e+000
  9.9920000e+002  3.1110040e+000
  9.9940000e+002  3.1672710e+000
  9.9960000e+002  3.2161470e+000
  9.9980000e+002  3.2665960e+000
  1.0000000e+003  3.3255810e+000
  1.0002000e+003  3.3947460e+000
  1.0004000e+003  3.4717080e+000
  1.0006000e+003  3.5521980e+000
  1.0008000e+003  3.6349770e+000
  1.0010000e+003  3.7220950e+000
  1.0012000e+003  3.8180820e+000
  1.0014000e+003  3.9257280e+000
  1.0016000e+003  4.0434120e+000
  1.0018000e+003  4.1661020e+000
  1.0020000e+003  4.2875050e+000
  1.0022000e+003  4.4042820e+000
  1.0024000e+003  4.5158380e+000
  1.0026000e+003  4.6224350e+000
  1.0028000e+003  4.7249550e+000
  1.0030000e+003  4.8232550e+000
  1.0032000e+003  4.9203630e+000
  1.0034000e+003  5.0219530e+000
  1.0036000e+003  5.1367280e+000
  1.0038000e+003  5.2715530e+000
  1.0040000e+003  5.4267160e+000
  1.0042000e+003  5.5967090e+000
  1.0044000e+003  5.7724470e+000
  1.0046000e+003  5.9483760e+000
  1.0048000e+003  6.1247820e+000
  1.0050000e+003  6.3052170e+000
  1.0052000e+003  6.4948080e+000
  1.0054000e+003  6.6933630e+000
  1.0056000e+003  6.8978540e+000
  1.0058000e+003  7.1015830e+000
  1.0060000e+003  7.2985880e+000
  1.0062000e+003  7.4872490e+000
  1.0064000e+003  7.6688520e+000
  1.0066000e+003  7.8504080e+000
  1.0068000e+003  8.0378050e+000
  1.0070000e+003  8.2365030e+000
  1.0072000e+003  8.4489100e+000
  1.0074000e+003  8.6735720e+000
  1.0076000e+003  8.9117520e+000
  1.0078000e+003  9.1652870e+000
  1.0080000e+003  9.4410180e+000
  1.0082000e+003  9.7443100e+000
  1.0084000e+003  1.0073661e+001
  1.0086000e+003  1.0421633e+001
  1.0088000e+003  1.0772562e+001
  1.0090000e+003  1.1116075e+001
  1.0092000e+003  1.1446738e+001
  1.0094000e+003  1.1769652e+001
  1.0096000e+003  1.2097048e+001
  1.0098000e+003  1.2440204e+001
  1.0100000e+003  1.2810873e+001
  1.0102000e+003  1.3212370e+001
  1.0104000e+003  1.3646864e+001
  1.0106000e+003  1.4112281e+001
  1.0108000e+003  1.4603686e+001
  1.0110000e+003  1.5118241e+001
  1.0112000e+003  1.5647983e+001
  1.0114000e+003  1.6189646e+001
  1.0116000e+003  1.6737794e+001
  1.0118000e+003  1.7288088e+001
  1.0120000e+003  1.7839574e+001
  1.0122000e+003  1.8389844e+001
  1.0124000e+003  1.8945908e+001
  1.0126000e+003  1.9513487e+001
  1.0128000e+003  2.0102763e+001
  1.0130000e+003  2.0720529e+001
  1.0132000e+003  2.1365261e+001
  1.0134000e+003  2.2034955e+001
  1.0136000e+003  2.2721171e+001
  1.0138000e+003  2.3425173e+001
  1.0140000e+003  2.4151921e+001
  1.0142000e+003  2.4910449e+001
  1.0144000e+003  2.5709795e+001
  1.0146000e+003  2.6547265e+001
  1.0148000e+003  2.7418375e+001
  1.0150000e+003  2.8312587e+001
  1.0152000e+003  2.9225182e+001
  1.0154000e+003  3.0159139e+001
  1.0156000e+003  3.1118464e+001
  1.0158000e+003  3.2112336e+001
  1.0160000e+003  3.3139634e+001
  1.0162000e+003  3.4199333e+001
  1.0164000e+003  3.5284924e+001
  1.0166000e+003  3.6388564e+001
  1.0168000e+003  3.7507438e+001
  1.0170000e+003  3.8635516e+001
  1.0172000e+003  3.9774966e+001
  1.0174000e+003  4.0926957e+001
  1.0176000e+003  4.2096328e+001
  1.0178000e+003  4.3288826e+001
  1.0180000e+003  4.4504451e+001
  1.0182000e+003  4.5742559e+001
  1.0184000e+003  4.6997141e+001
  1.0186000e+003  4.8265004e+001
  1.0188000e+003  4.9546408e+001
  1.0190000e+003  5.0844407e+001
  1.0192000e+003  5.2164506e+001
  1.0194000e+003  5.3506922e+001
  1.0196000e+003  5.4868412e+001
  1.0198000e+003  5.6240940e+001
  1.0200000e+003  5.7615399e+001
  1.0202000e+003  5.8986234e+001
  1.0204000e+003  6.0351467e+001
  1.0206000e+003  6.1712145e+001
  1.0208000e+003  6.3070082e+001
  1.0210000e+003  6.4424157e+001
  1.0212000e+003  6.5769410e+001
  1.0214000e+003  6.7098498e+001
  1.0216000e+003  6.8402314e+001
  1.0218000e+003  6.9678163e+001
  1.0220000e+003  7.0927286e+001
  1.0222000e+003  7.2159290e+001
  1.0224000e+003  7.3386025e+001
  1.0226000e+003  7.4614429e+001
  1.0228000e+003  7.5847721e+001
  1.0230000e+003  7.7075600e+001
  1.0232000e+003  7.8287959e+001
  1.0234000e+003  7.9472780e+001
  1.0236000e+003  8.0623745e+001
  1.0238000e+003  8.1743144e+001
  1.0240000e+003  8.2830500e+001
  1.0242000e+003  8.3890056e+001
  1.0244000e+003  8.4916710e+001
  1.0246000e+003  8.5904693e+001
  1.0248000e+003  8.6850070e+001
  1.0250000e+003  8.7747883e+001
  1.0252000e+003  8.8604354e+001
  1.0254000e+003  8.9421486e+001
  1.0256000e+003  9.0207481e+001
  1.0258000e+003  9.0966963e+001
  1.0260000e+003  9.1698813e+001
  1.0262000e+003  9.2403125e+001
  1.0264000e+003  9.3070650e+001
  1.0266000e+003  9.3703961e+001
  1.0268000e+003  9.4305372e+001
  1.0270000e+003  9.4881963e+001
  1.0272000e+003  9.5438551e+001
  1.0274000e+003  9.5964741e+001
  1.0276000e+003  9.6451091e+001
  1.0278000e+003  9.6881771e+001
  1.0280000e+003  9.7256374e+001
  1.0282000e+003  9.7588276e+001
  1.0284000e+003  9.7895503e+001
  1.0286000e+003  9.8200178e+001
  1.0288000e+003  9.8504137e+001
  1.0290000e+003  9.8803448e+001
  1.0292000e+003  9.9083805e+001
  1.0294000e+003  9.9331879e+001
  1.0296000e+003  9.9542403e+001
  1.0298000e+003  9.9708175e+001
  1.0300000e+003  9.9832105e+001
  1.0302000e+003  9.9912524e+001
  1.0304000e+003  9.9954128e+001
  1.0306000e+003  9.9965143e+001
  1.0308000e+003  9.9951863e+001
  1.0310000e+003  9.9925827e+001
  1.0312000e+003  9.9885511e+001
  1.0314000e+003  9.9829506e+001
  1.0316000e+003  9.9750018e+001
  1.0318000e+003  9.9641633e+001
  1.0320000e+003  9.9509906e+001
  1.0322000e+003  9.9360966e+001
  1.0324000e+003  9.9210381e+001
  1.0326000e+003  9.9062848e+001
  1.0328000e+003  9.8914098e+001
  1.0330000e+003  9.8748373e+001
  1.0332000e+003  9.8540186e+001
  1.0334000e+003  9.8274374e+001
  1.0336000e+003  9.7941422e+001
  1.0338000e+003  9.7549915e+001
  1.0340000e+003  9.7115564e+001
  1.0342000e+003  9.6652841e+001
  1.0344000e+003  9.6176147e+001
  1.0346000e+003  9.5685672e+001
  1.0348000e+003  9.5182800e+001
  1.0350000e+003  9.4661426e+001
  1.0352000e+003  9.4117498e+001
  1.0354000e+003  9.3551135e+001
  1.0356000e+003  9.2958593e+001
  1.0358000e+003  9.2344951e+001
  1.0360000e+003  9.1707730e+001
  1.0362000e+003  9.1047501e+001
  1.0364000e+003  9.0361738e+001
  1.0366000e+003  8.9643239e+001
  1.0368000e+003  8.8890290e+001
  1.0370000e+003  8.8095593e+001
  1.0372000e+003  8.7261319e+001
  1.0374000e+003  8.6388826e+001
  1.0376000e+003  8.5482001e+001
  1.0378000e+003  8.4547710e+001
  1.0380000e+003  8.3586883e+001
  1.0382000e+003  8.2604646e+001
  1.0384000e+003  8.1599044e+001
  1.0386000e+003  8.0568909e+001
  1.0388000e+003  7.9512119e+001
  1.0390000e+003  7.8424096e+001
  1.0392000e+003  7.7306914e+001
  1.0394000e+003  7.6161503e+001
  1.0396000e+003  7.4996185e+001
  1.0398000e+003  7.3820376e+001
  1.0400000e+003  7.2641491e+001
  1.0402000e+003  7.1464657e+001
  1.0404000e+003  7.0285415e+001
  1.0406000e+003  6.9098615e+001
  1.0408000e+003  6.7896676e+001
  1.0410000e+003  6.6675090e+001
  1.0412000e+003  6.5434432e+001
  1.0414000e+003  6.4177250e+001
  1.0416000e+003  6.2910509e+001
  1.0418000e+003  6.1639809e+001
  1.0420000e+003  6.0368967e+001
  1.0422000e+003  5.9098863e+001
  1.0424000e+003  5.7829856e+001
  1.0426000e+003  5.6564855e+001
  1.0428000e+003  5.5311203e+001
  1.0430000e+003  5.4076766e+001
  1.0432000e+003  5.2867770e+001
  1.0434000e+003  5.1682829e+001
  1.0436000e+003  5.0513815e+001
  1.0438000e+003  4.9351954e+001
  1.0440000e+003  4.8189616e+001
  1.0442000e+003  4.7027850e+001
  1.0444000e+003  4.5869565e+001
  1.0446000e+003  4.4717812e+001
  1.0448000e+003  4.3574738e+001
  1.0450000e+003  4.2439556e+001
  1.0452000e+003  4.1318273e+001
  1.0454000e+003  4.0215754e+001
  1.0456000e+003  3.9139389e+001
  1.0458000e+003  3.8092660e+001
  1.0460000e+003  3.7073111e+001
  1.0462000e+003  3.6079883e+001
  1.0464000e+003  3.5108494e+001
  1.0466000e+003  3.4160280e+001
  1.0468000e+003  3.3233928e+001
  1.0470000e+003  3.2324981e+001
  1.0472000e+003  3.1429219e+001
  1.0474000e+003  3.0539584e+001
  1.0476000e+003  2.9660606e+001
  1.0478000e+003  2.8799748e+001
  1.0480000e+003  2.7969837e+001
  1.0482000e+003  2.7180051e+001
  1.0484000e+003  2.6428484e+001
  1.0486000e+003  2.5710010e+001
  1.0488000e+003  2.5012230e+001
  1.0490000e+003  2.4329710e+001
  1.0492000e+003  2.3660445e+001
  1.0494000e+003  2.3004436e+001
  1.0496000e+003  2.2364473e+001
  1.0498000e+003  2.1736216e+001
  1.0500000e+003  2.1118855e+001
  1.0502000e+003  2.0508599e+001
  1.0504000e+003  1.9904708e+001
  1.0506000e+003  1.9310116e+001
  1.0508000e+003  1.8727254e+001
  1.0510000e+003  1.8164181e+001
  1.0512000e+003  1.7624330e+001
  1.0514000e+003  1.7111492e+001
  1.0516000e+003  1.6623950e+001
  1.0518000e+003  1.6154289e+001
  1.0520000e+003  1.5696430e+001
  1.0522000e+003  1.5243721e+001
  1.0524000e+003  1.4799761e+001
  1.0526000e+003  1.4371585e+001
  1.0528000e+003  1.3967871e+001
  1.0530000e+003  1.3593196e+001
  1.0532000e+003  1.3242173e+001
  1.0534000e+003  1.2906408e+001
  1.0536000e+003  1.2573695e+001
  1.0538000e+003  1.2237095e+001
  1.0540000e+003  1.1896228e+001
  1.0542000e+003  1.1554932e+001
  1.0544000e+003  1.1222314e+001
  1.0546000e+003  1.0903906e+001
  1.0548000e+003  1.0604882e+001
  1.0550000e+003  1.0325765e+001
  1.0552000e+003  1.0063648e+001
  1.0554000e+003  9.8152390e+000
  1.0556000e+003  9.5746270e+000
  1.0558000e+003  9.3389510e+000
  1.0560000e+003  9.1053720e+000
  1.0562000e+003  8.8746540e+000
  1.0564000e+003  8.6499920e+000
  1.0566000e+003  8.4347240e+000
  1.0568000e+003  8.2331410e+000
  1.0570000e+003  8.0442660e+000
  1.0572000e+003  7.8643790e+000
  1.0574000e+003  7.6872110e+000
  1.0576000e+003  7.5079440e+000
  1.0578000e+003  7.3268410e+000
  1.0580000e+003  7.1471210e+000
  1.0582000e+003  6.9746970e+000
  1.0584000e+003  6.8125240e+000
  1.0586000e+003  6.6597930e+000
  1.0588000e+003  6.5124750e+000
  1.0590000e+003  6.3647270e+000
  1.0592000e+003  6.2140460e+000
  1.0594000e+003  6.0603850e+000
  1.0596000e+003  5.9067480e+000
  1.0598000e+003  5.7563540e+000
  1.0600000e+003  5.6102750e+000
  1.0602000e+003  5.4683200e+000
  1.0604000e+003  5.3281540e+000
  1.0606000e+003  5.1897520e+000
  1.0608000e+003  5.0554270e+000
  1.0610000e+003  4.9301620e+000
  1.0612000e+003  4.8177240e+000
  1.0614000e+003  4.7168010e+000
  1.0616000e+003  4.6220540e+000
  1.0618000e+003  4.5275920e+000
  1.0620000e+003  4.4325110e+000
  1.0622000e+003  4.3412440e+000
  1.0624000e+003  4.2587510e+000
  1.0626000e+003  4.1866540e+000
  1.0628000e+003  4.1190140e+000
  1.0630000e+003  4.0472980e+000
  1.0632000e+003  3.9644950e+000
  1.0634000e+003  3.8699380e+000
  1.0636000e+003  3.7689920e+000
  1.0638000e+003  3.6679260e+000
  1.0640000e+003  3.5712000e+000
  1.0642000e+003  3.4794330e+000
  1.0644000e+003  3.3928390e+000
  1.0646000e+003  3.3131590e+000
  1.0648000e+003  3.2424440e+000
  1.0650000e+003  3.1825780e+000
  1.0652000e+003  3.1321520e+000
  1.0654000e+003  3.0875440e+000
  1.0656000e+003  3.0435320e+000
  1.0658000e+003  2.9961580e+000
  1.0660000e+003  2.9444690e+000
  1.0662000e+003  2.8906340e+000
  1.0664000e+003  2.8388970e+000
  1.0666000e+003  2.7921670e+000
  1.0668000e+003  2.7504920e+000
  1.0670000e+003  2.7113190e+000
  1.0672000e+003  2.6717420e+000
  1.0674000e+003  2.6312350e+000
  1.0676000e+003  2.5918000e+000
  1.0678000e+003  2.5569430e+000
  1.0680000e+003  2.5285240e+000
  1.0682000e+003  2.5040620e+000
  1.0684000e+003  2.4779080e+000
  1.0686000e+003  2.4432890e+000
  1.0688000e+003  2.3970840e+000
  1.0690000e+003  2.3408170e+000
  1.0692000e+003  2.2801630e+000
  1.0694000e+003  2.2221320e+000
  1.0696000e+003  2.1727080e+000
  1.0698000e+003  2.1349660e+000
  1.0700000e+003  2.1082870e+000
  1.0702000e+003  2.0895480e+000
  1.0704000e+003  2.0753380e+000
  1.0706000e+003  2.0628210e+000
  1.0708000e+003  2.0490160e+000
  1.0710000e+003  2.0287750e+000
  1.0712000e+003  1.9950860e+000
  1.0714000e+003  1.9422760e+000
  1.0716000e+003  1.8715140e+000
  1.0718000e+003  1.7922870e+000
  1.0720000e+003  1.7197370e+000
  1.0722000e+003  1.6671410e+000
  1.0724000e+003  1.6392700e+000
  1.0726000e+003  1.6308780e+000
  1.0728000e+003  1.6308060e+000
  1.0730000e+003  1.6299000e+000
  1.0732000e+003  1.6247030e+000
  1.0734000e+003  1.6165010e+000
  1.0736000e+003  1.6067020e+000
  1.0738000e+003  1.5930170e+000
  1.0740000e+003  1.5704630e+000
  1.0742000e+003  1.5358920e+000
  1.0744000e+003  1.4914030e+000
  1.0746000e+003  1.4450550e+000
  1.0748000e+003  1.4070980e+000
  1.0750000e+003  1.3849250e+000
  1.0752000e+003  1.3781780e+000
  1.0754000e+003  1.3791080e+000
  1.0756000e+003  1.3765090e+000
  1.0758000e+003  1.3611790e+000
  1.0760000e+003  1.3298030e+000
  1.0762000e+003  1.2852190e+000
  1.0764000e+003  1.2342210e+000
  1.0766000e+003  1.1848210e+000
  1.0768000e+003  1.1450290e+000
  1.0770000e+003  1.1205670e+000
  1.0772000e+003  1.1137720e+000
  1.0774000e+003  1.1217110e+000
  1.0776000e+003  1.1360880e+000
  1.0778000e+003  1.1450050e+000
  1.0780000e+003  1.1384960e+000
  1.0782000e+003  1.1139630e+000
  1.0784000e+003  1.0777710e+000
  1.0786000e+003  1.0427230e+000
  1.0788000e+003  1.0203360e+000
  1.0790000e+003  1.0164730e+000
  1.0792000e+003  1.0287520e+000
  1.0794000e+003  1.0497570e+000
  1.0796000e+003  1.0702130e+000
  1.0798000e+003  1.0823480e+000
  1.0800000e+003  1.0816570e+000
  1.0802000e+003  1.0677090e+000
  1.0804000e+003  1.0448930e+000
  1.0806000e+003  1.0206460e+000
  1.0808000e+003  1.0033600e+000
  1.0810000e+003  9.9699400e-001
  1.0812000e+003  9.9861600e-001
  1.0814000e+003  9.9883000e-001
  1.0816000e+003  9.8743400e-001
  1.0818000e+003  9.5953900e-001
  1.0820000e+003  9.1953200e-001
  1.0822000e+003  8.7831000e-001
  1.0824000e+003  8.4671900e-001
  1.0826000e+003  8.2952900e-001
  1.0828000e+003  8.2316300e-001
  1.0830000e+003  8.1958700e-001
  1.0832000e+003  8.1169600e-001
  1.0834000e+003  7.9793900e-001
  1.0836000e+003  7.8136900e-001
  1.0838000e+003  7.6634800e-001
  1.0840000e+003  7.5435600e-001
  1.0842000e+003  7.4355600e-001
  1.0844000e+003  7.3015600e-001
  1.0846000e+003  7.1222700e-001
  1.0848000e+003  6.9098400e-001
  1.0850000e+003  6.6993200e-001
  1.0852000e+003  6.5231300e-001
  1.0854000e+003  6.3967700e-001
  1.0856000e+003  6.3190400e-001
  1.0858000e+003  6.2835200e-001
  1.0860000e+003  6.2930500e-001
  1.0862000e+003  6.3626700e-001
  1.0864000e+003  6.5054800e-001
  1.0866000e+003  6.7176800e-001
  1.0868000e+003  6.9596700e-001
  1.0870000e+003  7.1625700e-001
  1.0872000e+003  7.2548300e-001
  1.0874000e+003  7.2045300e-001
  1.0876000e+003  7.0471700e-001
  1.0878000e+003  6.8757500e-001
  1.0880000e+003  6.7923000e-001
  1.0882000e+003  6.8485700e-001
  1.0884000e+003  7.0059200e-001
  1.0886000e+003  7.1556500e-001
  1.0888000e+003  7.1856900e-001
  1.0890000e+003  7.0390700e-001
  1.0892000e+003  6.7446200e-001
  1.0894000e+003  6.3781700e-001
  1.0896000e+003  6.0169600e-001
  1.0898000e+003  5.6972500e-001
  1.0900000e+003  5.4259300e-001
  1.0902000e+003  5.2070600e-001
  1.0904000e+003  5.0625800e-001
  1.0906000e+003  5.0222800e-001
  1.0908000e+003  5.0997700e-001
  1.0910000e+003  5.2628500e-001
  1.0912000e+003  5.4466700e-001
  1.0914000e+003  5.5785100e-001
  1.0916000e+003  5.6166600e-001
  1.0918000e+003  5.5539600e-001
  1.0920000e+003  5.4030400e-001
  1.0922000e+003  5.1774900e-001
  1.0924000e+003  4.8890100e-001
  1.0926000e+003  4.5733400e-001
  1.0928000e+003  4.3020200e-001
  1.0930000e+003  4.1666000e-001
  1.0932000e+003  4.2333600e-001
  1.0934000e+003  4.4872700e-001
  1.0936000e+003  4.8213000e-001
  1.0938000e+003  5.0790300e-001
  1.0940000e+003  5.1510300e-001
  1.0942000e+003  5.0277700e-001
  1.0944000e+003  4.8096100e-001
  1.0946000e+003  4.6226900e-001
  1.0948000e+003  4.5387700e-001
  1.0950000e+003  4.5287600e-001
  1.0952000e+003  4.5001500e-001
  1.0954000e+003  4.3659200e-001
  1.0956000e+003  4.1072300e-001
  1.0958000e+003  3.7789300e-001
  1.0960000e+003  3.4732800e-001
  1.0962000e+003  3.2639500e-001
  1.0964000e+003  3.1743000e-001
  1.0966000e+003  3.1838400e-001
  1.0968000e+003  3.2572700e-001
  1.0970000e+003  3.3674200e-001
  1.0972000e+003  3.5033200e-001
  1.0974000e+003  3.6640100e-001
  1.0976000e+003  3.8430600e-001
  1.0978000e+003  4.0163900e-001
  1.0980000e+003  4.1441900e-001
  1.0982000e+003  4.1847200e-001
  1.0984000e+003  4.1193900e-001
  1.0986000e+003  3.9789600e-001
  1.0988000e+003  3.8352000e-001
  1.0990000e+003  3.7658200e-001
  1.0992000e+003  3.8094500e-001
  1.0994000e+003  3.9422500e-001
  1.0996000e+003  4.0867300e-001
  1.0998000e+003  4.1666000e-001
  1.1000000e+003  4.1484800e-001
  1.1002000e+003  4.0659900e-001
  1.1004000e+003  3.9894500e-001
  1.1006000e+003  3.9787200e-001
  1.1008000e+003  4.0416700e-001
  1.1010000e+003  4.1275000e-001
  1.1012000e+003  4.1577800e-001
  1.1014000e+003  4.0733800e-001
  1.1016000e+003  3.8659500e-001
  1.1018000e+003  3.5812800e-001
  1.1020000e+003  3.2997100e-001
  1.1022000e+003  3.0927600e-001
  1.1024000e+003  2.9985900e-001
  1.1026000e+003  3.0083600e-001
  1.1028000e+003  3.0825100e-001
  1.1030000e+003  3.1723900e-001
  1.1032000e+003  3.2415300e-001
  1.1034000e+003  3.2730100e-001
  1.1036000e+003  3.2677600e-001
  1.1038000e+003  3.2384300e-001
  1.1040000e+003  3.1936100e-001
  1.1042000e+003  3.1273300e-001
  1.1044000e+003  3.0217100e-001
  1.1046000e+003  2.8600600e-001
  1.1048000e+003  2.6471600e-001
  1.1050000e+003  2.4232800e-001
  1.1052000e+003  2.2499500e-001
  1.1054000e+003  2.1798600e-001
  1.1056000e+003  2.2127600e-001
  1.1058000e+003  2.2926300e-001
  1.1060000e+003  2.3379300e-001
  1.1062000e+003  2.3064600e-001
  1.1064000e+003  2.2270600e-001
  1.1066000e+003  2.1867700e-001
  1.1068000e+003  2.2509000e-001
  1.1070000e+003  2.4127900e-001
  1.1072000e+003  2.5804000e-001
  1.1074000e+003  2.6412000e-001
  1.1076000e+003  2.5372500e-001
  1.1078000e+003  2.3138500e-001
  1.1080000e+003  2.0864000e-001
  1.1082000e+003  1.9624200e-001
  1.1084000e+003  1.9750500e-001
  1.1086000e+003  2.0692300e-001
  1.1088000e+003  2.1533900e-001
  1.1090000e+003  2.1622100e-001
  1.1092000e+003  2.0978400e-001
  1.1094000e+003  2.0155900e-001
  1.1096000e+003  1.9779200e-001
  1.1098000e+003  2.0089100e-001
  1.1100000e+003  2.0797200e-001
  1.1102000e+003  2.1278800e-001
  1.1104000e+003  2.1073800e-001
  1.1106000e+003  2.0134400e-001
  1.1108000e+003  1.8939900e-001
  1.1110000e+003  1.8200800e-001
  1.1112000e+003  1.8491700e-001
  1.1114000e+003  1.9936500e-001
  1.1116000e+003  2.2199100e-001
  1.1118000e+003  2.4621400e-001
  1.1120000e+003  2.6557400e-001
  1.1122000e+003  2.7663700e-001
  1.1124000e+003  2.7935500e-001
  1.1126000e+003  2.7627900e-001
  1.1128000e+003  2.7029500e-001
  1.1130000e+003  2.6454900e-001
  1.1132000e+003  2.6125900e-001
  1.1134000e+003  2.6204500e-001
  1.1136000e+003  2.6855400e-001
  1.1138000e+003  2.8159600e-001
  1.1140000e+003  3.0050200e-001
  1.1142000e+003  3.2231800e-001
  1.1144000e+003  3.4229700e-001
  1.1146000e+003  3.5564800e-001
  1.1148000e+003  3.6022600e-001
  1.1150000e+003  3.5805700e-001
  1.1152000e+003  3.5402700e-001
  1.1154000e+003  3.5307400e-001
  1.1156000e+003  3.5591100e-001
  1.1158000e+003  3.5786600e-001
  1.1160000e+003  3.5130900e-001
  1.1162000e+003  3.3195000e-001
  1.1164000e+003  3.0221900e-001
  1.1166000e+003  2.7222600e-001
  1.1168000e+003  2.5372500e-001
  1.1170000e+003  2.5365300e-001
  1.1172000e+003  2.6931700e-001
  1.1174000e+003  2.9027400e-001
  1.1176000e+003  3.0412600e-001
  1.1178000e+003  3.0233800e-001
  1.1180000e+003  2.8367000e-001
  1.1182000e+003  2.5255600e-001
  1.1184000e+003  2.1646000e-001
  1.1186000e+003  1.8355800e-001
  1.1188000e+003  1.6245800e-001
  1.1190000e+003  1.6126600e-001
  1.1192000e+003  1.8455900e-001
  1.1194000e+003  2.2976300e-001
  1.1196000e+003  2.8436100e-001
  1.1198000e+003  3.3018500e-001
  1.1200000e+003  3.4997400e-001
  1.1202000e+003  3.3740900e-001
  1.1204000e+003  3.0045500e-001
  1.1206000e+003  2.5713400e-001
  1.1208000e+003  2.2547200e-001
  1.1210000e+003  2.1491000e-001
  1.1212000e+003  2.2335000e-001
  1.1214000e+003  2.4073100e-001
  1.1216000e+003  2.5653800e-001
  1.1218000e+003  2.6462000e-001
  1.1220000e+003  2.6512100e-001
  1.1222000e+003  2.6109200e-001
  1.1224000e+003  2.5527400e-001
  1.1226000e+003  2.4664400e-001
  1.1228000e+003  2.3157500e-001
  1.1230000e+003  2.0635100e-001
  1.1232000e+003  1.7101700e-001
  1.1234000e+003  1.3129700e-001
  1.1236000e+003  9.9396000e-002
  1.1238000e+003  8.7809000e-002
  1.1240000e+003  1.0340200e-001
  1.1242000e+003  1.4188200e-001
  1.1244000e+003  1.8887500e-001
  1.1246000e+003  2.2735500e-001
  1.1248000e+003  2.4497500e-001
  1.1250000e+003  2.3949100e-001
  1.1252000e+003  2.1705600e-001
  1.1254000e+003  1.8837400e-001
  1.1256000e+003  1.6238600e-001
  1.1258000e+003  1.4433800e-001
  1.1260000e+003  1.3537400e-001
  1.1262000e+003  1.3437200e-001
  1.1264000e+003  1.3871100e-001
  1.1266000e+003  1.4505300e-001
  1.1268000e+003  1.5046500e-001
  1.1270000e+003  1.5323100e-001
  1.1272000e+003  1.5337400e-001
  1.1274000e+003  1.5075200e-001
  1.1276000e+003  1.4410000e-001
  1.1278000e+003  1.3144000e-001
  1.1280000e+003  1.1210400e-001
  1.1282000e+003  8.8834000e-002
  1.1284000e+003  6.7329000e-002
  1.1286000e+003  5.2976000e-002
  1.1288000e+003  4.8685000e-002
  1.1290000e+003  5.3501000e-002
  1.1292000e+003  6.3514000e-002
  1.1294000e+003  7.4529000e-002
  1.1296000e+003  8.4471000e-002
  1.1298000e+003  9.3817000e-002
  1.1300000e+003  1.0440300e-001
  1.1302000e+003  1.1725400e-001
  1.1304000e+003  1.3201200e-001
  1.1306000e+003  1.4755700e-001
  1.1308000e+003  1.6312500e-001
  1.1310000e+003  1.7907600e-001
  1.1312000e+003  1.9648000e-001
  1.1314000e+003  2.1500500e-001
  1.1316000e+003  2.3133700e-001
  1.1318000e+003  2.3844200e-001
  1.1320000e+003  2.2909600e-001
  1.1322000e+003  2.0034300e-001
  1.1324000e+003  1.5707000e-001
  1.1326000e+003  1.1026800e-001
  1.1328000e+003  7.1716000e-002
  1.1330000e+003  4.8398000e-002
  1.1332000e+003  4.0459000e-002
  1.1334000e+003  4.3940000e-002
  1.1336000e+003  5.5050000e-002
  1.1338000e+003  7.3409000e-002
  1.1340000e+003  1.0044500e-001
  1.1342000e+003  1.3520700e-001
  1.1344000e+003  1.7144600e-001
  1.1346000e+003  1.9943700e-001
  1.1348000e+003  2.1035600e-001
  1.1350000e+003  2.0177300e-001
  1.1352000e+003  1.7881300e-001
  1.1354000e+003  1.5120500e-001
  1.1356000e+003  1.2726700e-001
  1.1358000e+003  1.1055400e-001
  1.1360000e+003  9.8776000e-002
  1.1362000e+003  8.7499000e-002
  1.1364000e+003  7.4315000e-002
  1.1366000e+003  6.1368000e-002
  1.1368000e+003  5.4359000e-002
  1.1370000e+003  5.9390000e-002
  1.1372000e+003  7.9011000e-002
  1.1374000e+003  1.1060200e-001
  1.1376000e+003  1.4672200e-001
  1.1378000e+003  1.7807400e-001
  1.1380000e+003  1.9710000e-001
  1.1382000e+003  1.9989000e-001
  1.1384000e+003  1.8711000e-001
  1.1386000e+003  1.6291100e-001
  1.1388000e+003  1.3396700e-001
  1.1390000e+003  1.0728800e-001
  1.1392000e+003  8.9359000e-002
  1.1394000e+003  8.4090000e-002
  1.1396000e+003  9.1481000e-002
  1.1398000e+003  1.0745500e-001
  1.1400000e+003  1.2452600e-001
  1.1402000e+003  1.3568400e-001
  1.1404000e+003  1.3778200e-001
  1.1406000e+003  1.3360900e-001
  1.1408000e+003  1.2936500e-001
  1.1410000e+003  1.3065300e-001
  1.1412000e+003  1.3852100e-001
  1.1414000e+003  1.4913000e-001
  1.1416000e+003  1.5649700e-001
  1.1418000e+003  1.5642600e-001
  1.1420000e+003  1.4951200e-001
  1.1422000e+003  1.3973700e-001
  1.1424000e+003  1.3256000e-001
  1.1426000e+003  1.3170200e-001
  1.1428000e+003  1.3856800e-001
  1.1430000e+003  1.5294500e-001
  1.1432000e+003  1.7337700e-001
  1.1434000e+003  1.9679000e-001
  1.1436000e+003  2.1860500e-001
  1.1438000e+003  2.3422200e-001
  1.1440000e+003  2.4070700e-001
  1.1442000e+003  2.3870400e-001
  1.1444000e+003  2.3171900e-001
  1.1446000e+003  2.2344500e-001
  1.1448000e+003  2.1476700e-001
  1.1450000e+003  2.0282200e-001
  1.1452000e+003  1.8253300e-001
  1.1454000e+003  1.5053700e-001
  1.1456000e+003  1.0836100e-001
  1.1458000e+003  6.3586000e-002
  1.1460000e+003  2.6392000e-002
  1.1462000e+003  5.1970000e-003
  1.1464000e+003  3.2420000e-003
  1.1466000e+003  1.7046000e-002
  1.1468000e+003  3.8909000e-002
  1.1470000e+003  5.9938000e-002
  1.1472000e+003  7.4076000e-002
  1.1474000e+003  7.8558000e-002
  1.1476000e+003  7.4291000e-002
  1.1478000e+003  6.4754000e-002
  1.1480000e+003  5.4931000e-002
  1.1482000e+003  5.0592000e-002
  1.1484000e+003  5.6028000e-002
  1.1486000e+003  7.1096000e-002
  1.1488000e+003  8.9764000e-002
  1.1490000e+003  1.0230500e-001
  1.1492000e+003  9.9897000e-002
  1.1494000e+003  8.0442000e-002
  1.1496000e+003  5.0020000e-002
  1.1498000e+003  2.0503000e-002
  1.1500000e+003  3.5760000e-003
