  2.4000000e+003  4.0726600e-001
  2.4002000e+003  4.0676500e-001
  2.4004000e+003  4.0371400e-001
  2.4006000e+003  3.9551200e-001
  2.4008000e+003  3.7765500e-001
  2.4010000e+003  3.4813800e-001
  2.4012000e+003  3.1027700e-001
  2.4014000e+003  2.7132000e-001
  2.4016000e+003  2.3889500e-001
  2.4018000e+003  2.1715100e-001
  2.4020000e+003  2.0618400e-001
  2.4022000e+003  2.0365700e-001
  2.4024000e+003  2.0806700e-001
  2.4026000e+003  2.1972600e-001
  2.4028000e+003  2.4061200e-001
  2.4030000e+003  2.7117700e-001
  2.4032000e+003  3.0889500e-001
  2.4034000e+003  3.4761400e-001
  2.4036000e+003  3.7951400e-001
  2.4038000e+003  3.9763400e-001
  2.4040000e+003  3.9896900e-001
  2.4042000e+003  3.8504600e-001
  2.4044000e+003  3.6075100e-001
  2.4046000e+003  3.3178300e-001
  2.4048000e+003  3.0188500e-001
  2.4050000e+003  2.7320300e-001
  2.4052000e+003  2.4774000e-001
  2.4054000e+003  2.2892900e-001
  2.4056000e+003  2.2122800e-001
  2.4058000e+003  2.2737900e-001
  2.4060000e+003  2.4604700e-001
  2.4062000e+003  2.7115300e-001
  2.4064000e+003  2.9513800e-001
  2.4066000e+003  3.1359100e-001
  2.4068000e+003  3.2722900e-001
  2.4070000e+003  3.3953100e-001
  2.4072000e+003  3.5233400e-001
  2.4074000e+003  3.6270600e-001
  2.4076000e+003  3.6520900e-001
  2.4078000e+003  3.5636400e-001
  2.4080000e+003  3.3726600e-001
  2.4082000e+003  3.1266200e-001
  2.4084000e+003  2.8803300e-001
  2.4086000e+003  2.6617000e-001
  2.4088000e+003  2.4781200e-001
  2.4090000e+003  2.3396000e-001
  2.4092000e+003  2.2792800e-001
  2.4094000e+003  2.3343500e-001
  2.4096000e+003  2.5122100e-001
  2.4098000e+003  2.7606400e-001
  2.4100000e+003  2.9940600e-001
  2.4102000e+003  3.1366300e-001
  2.4104000e+003  3.1683400e-001
  2.4106000e+003  3.1328200e-001
  2.4108000e+003  3.1127900e-001
  2.4110000e+003  3.1948000e-001
  2.4112000e+003  3.4308400e-001
  2.4114000e+003  3.8185100e-001
  2.4116000e+003  4.2917700e-001
  2.4118000e+003  4.7430900e-001
  2.4120000e+003  5.0477900e-001
  2.4122000e+003  5.1124000e-001
  2.4124000e+003  4.9152300e-001
  2.4126000e+003  4.5242300e-001
  2.4128000e+003  4.0814800e-001
  2.4130000e+003  3.7388800e-001
  2.4132000e+003  3.6051200e-001
  2.4134000e+003  3.6976300e-001
  2.4136000e+003  3.9482100e-001
  2.4138000e+003  4.2345500e-001
  2.4140000e+003  4.4338700e-001
  2.4142000e+003  4.4665300e-001
  2.4144000e+003  4.3292000e-001
  2.4146000e+003  4.0826700e-001
  2.4148000e+003  3.8177900e-001
  2.4150000e+003  3.6177600e-001
  2.4152000e+003  3.5207200e-001
  2.4154000e+003  3.5181000e-001
  2.4156000e+003  3.5636400e-001
  2.4158000e+003  3.6108400e-001
  2.4160000e+003  3.6270600e-001
  2.4162000e+003  3.6098900e-001
  2.4164000e+003  3.5851000e-001
  2.4166000e+003  3.5803300e-001
  2.4168000e+003  3.5996400e-001
  2.4170000e+003  3.6168000e-001
  2.4172000e+003  3.5784200e-001
  2.4174000e+003  3.4332200e-001
  2.4176000e+003  3.1712000e-001
  2.4178000e+003  2.8400400e-001
  2.4180000e+003  2.5358200e-001
  2.4182000e+003  2.3596200e-001
  2.4184000e+003  2.3705900e-001
  2.4186000e+003  2.5517900e-001
  2.4188000e+003  2.8202500e-001
  2.4190000e+003  3.0665300e-001
  2.4192000e+003  3.2052900e-001
  2.4194000e+003  3.2129200e-001
  2.4196000e+003  3.1383000e-001
  2.4198000e+003  3.0786900e-001
  2.4200000e+003  3.1256600e-001
  2.4202000e+003  3.3316600e-001
  2.4204000e+003  3.6921500e-001
  2.4206000e+003  4.1615900e-001
  2.4208000e+003  4.6770500e-001
  2.4210000e+003  5.1648600e-001
  2.4212000e+003  5.5470400e-001
  2.4214000e+003  5.7461200e-001
  2.4216000e+003  5.7179900e-001
  2.4218000e+003  5.4798100e-001
  2.4220000e+003  5.1176500e-001
  2.4222000e+003  4.7457200e-001
  2.4224000e+003  4.4481700e-001
  2.4226000e+003  4.2357400e-001
  2.4228000e+003  4.0574000e-001
  2.4230000e+003  3.8704800e-001
  2.4232000e+003  3.6950100e-001
  2.4234000e+003  3.6103700e-001
  2.4236000e+003  3.6900000e-001
  2.4238000e+003  3.9329500e-001
  2.4240000e+003  4.2533800e-001
  2.4242000e+003  4.5323300e-001
  2.4244000e+003  4.6818200e-001
  2.4246000e+003  4.6813400e-001
  2.4248000e+003  4.5590400e-001
  2.4250000e+003  4.3568600e-001
  2.4252000e+003  4.1029400e-001
  2.4254000e+003  3.8290000e-001
  2.4256000e+003  3.5955900e-001
  2.4258000e+003  3.4854400e-001
  2.4260000e+003  3.5610100e-001
  2.4262000e+003  3.8113500e-001
  2.4264000e+003  4.1456200e-001
  2.4266000e+003  4.4360100e-001
  2.4268000e+003  4.5802500e-001
  2.4270000e+003  4.5561700e-001
  2.4272000e+003  4.4167000e-001
  2.4274000e+003  4.2591000e-001
  2.4276000e+003  4.1623100e-001
  2.4278000e+003  4.1513400e-001
  2.4280000e+003  4.1918700e-001
  2.4282000e+003  4.2350200e-001
  2.4284000e+003  4.2591000e-001
  2.4286000e+003  4.2819900e-001
  2.4288000e+003  4.3408800e-001
  2.4290000e+003  4.4574700e-001
  2.4292000e+003  4.6100600e-001
  2.4294000e+003  4.7423800e-001
  2.4296000e+003  4.8022200e-001
  2.4298000e+003  4.7750400e-001
  2.4300000e+003  4.6904000e-001
  2.4302000e+003  4.5914600e-001
  2.4304000e+003  4.5056300e-001
  2.4306000e+003  4.4424500e-001
  2.4308000e+003  4.4169400e-001
  2.4310000e+003  4.4586600e-001
  2.4312000e+003  4.5764400e-001
  2.4314000e+003  4.7230700e-001
  2.4316000e+003  4.7972200e-001
  2.4318000e+003  4.6951700e-001
  2.4320000e+003  4.3895200e-001
  2.4322000e+003  3.9756200e-001
  2.4324000e+003  3.6225300e-001
  2.4326000e+003  3.4794800e-001
  2.4328000e+003  3.5710300e-001
  2.4330000e+003  3.7961000e-001
  2.4332000e+003  3.9927900e-001
  2.4334000e+003  4.0574000e-001
  2.4336000e+003  3.9904100e-001
  2.4338000e+003  3.8788300e-001
  2.4340000e+003  3.8189800e-001
  2.4342000e+003  3.8647600e-001
  2.4344000e+003  4.0159200e-001
  2.4346000e+003  4.2428900e-001
  2.4348000e+003  4.5187400e-001
  2.4350000e+003  4.8308300e-001
  2.4352000e+003  5.1665300e-001
  2.4354000e+003  5.4905400e-001
  2.4356000e+003  5.7458800e-001
  2.4358000e+003  5.8825000e-001
  2.4360000e+003  5.8786800e-001
  2.4362000e+003  5.7570900e-001
  2.4364000e+003  5.5668300e-001
  2.4366000e+003  5.3482000e-001
  2.4368000e+003  5.1207500e-001
  2.4370000e+003  4.8866200e-001
  2.4372000e+003  4.6591700e-001
  2.4374000e+003  4.4915600e-001
  2.4376000e+003  4.4677200e-001
  2.4378000e+003  4.6594100e-001
  2.4380000e+003  5.0539900e-001
  2.4382000e+003  5.5322600e-001
  2.4384000e+003  5.9003800e-001
  2.4386000e+003  5.9878800e-001
  2.4388000e+003  5.7299100e-001
  2.4390000e+003  5.2084900e-001
  2.4392000e+003  4.6143500e-001
  2.4394000e+003  4.1556300e-001
  2.4396000e+003  3.9756200e-001
  2.4398000e+003  4.0886400e-001
  2.4400000e+003  4.4038200e-001
  2.4402000e+003  4.7743300e-001
  2.4404000e+003  5.0854600e-001
  2.4406000e+003  5.2967000e-001
  2.4408000e+003  5.4521500e-001
  2.4410000e+003  5.6259600e-001
  2.4412000e+003  5.8562700e-001
  2.4414000e+003  6.0887300e-001
  2.4416000e+003  6.2048400e-001
  2.4418000e+003  6.1013600e-001
  2.4420000e+003  5.7835500e-001
  2.4422000e+003  5.3844400e-001
  2.4424000e+003  5.0992900e-001
  2.4426000e+003  5.0745000e-001
  2.4428000e+003  5.3129100e-001
  2.4430000e+003  5.6824600e-001
  2.4432000e+003  5.9866900e-001
  2.4434000e+003  6.0870600e-001
  2.4436000e+003  5.9618900e-001
  2.4438000e+003  5.7034400e-001
  2.4440000e+003  5.4464300e-001
  2.4442000e+003  5.3050500e-001
  2.4444000e+003  5.3162500e-001
  2.4446000e+003  5.4330800e-001
  2.4448000e+003  5.5494300e-001
  2.4450000e+003  5.5522900e-001
  2.4452000e+003  5.3939800e-001
  2.4454000e+003  5.1276600e-001
  2.4456000e+003  4.8899600e-001
  2.4458000e+003  4.8170000e-001
  2.4460000e+003  4.9612500e-001
  2.4462000e+003  5.2413900e-001
  2.4464000e+003  5.4941100e-001
  2.4466000e+003  5.5713600e-001
  2.4468000e+003  5.4492900e-001
  2.4470000e+003  5.2335200e-001
  2.4472000e+003  5.1004800e-001
  2.4474000e+003  5.1622300e-001
  2.4476000e+003  5.4080400e-001
  2.4478000e+003  5.7096400e-001
  2.4480000e+003  5.9182600e-001
  2.4482000e+003  5.9499700e-001
  2.4484000e+003  5.8271800e-001
  2.4486000e+003  5.6529000e-001
  2.4488000e+003  5.5334500e-001
  2.4490000e+003  5.5167600e-001
  2.4492000e+003  5.5720800e-001
  2.4494000e+003  5.6211900e-001
  2.4496000e+003  5.5830400e-001
  2.4498000e+003  5.4211600e-001
  2.4500000e+003  5.1534100e-001
  2.4502000e+003  4.8506200e-001
  2.4504000e+003  4.6019500e-001
  2.4506000e+003  4.4846500e-001
  2.4508000e+003  4.5270900e-001
  2.4510000e+003  4.6880200e-001
  2.4512000e+003  4.8711200e-001
  2.4514000e+003  4.9526600e-001
  2.4516000e+003  4.8456100e-001
  2.4518000e+003  4.5421100e-001
  2.4520000e+003  4.1296400e-001
  2.4522000e+003  3.7386400e-001
  2.4524000e+003  3.4823400e-001
  2.4526000e+003  3.3950800e-001
  2.4528000e+003  3.4306000e-001
  2.4530000e+003  3.5071300e-001
  2.4532000e+003  3.5731700e-001
  2.4534000e+003  3.6361200e-001
  2.4536000e+003  3.7453100e-001
  2.4538000e+003  3.9448700e-001
  2.4540000e+003  4.2378900e-001
  2.4542000e+003  4.5926500e-001
  2.4544000e+003  4.9777000e-001
  2.4546000e+003  5.3884900e-001
  2.4548000e+003  5.8367200e-001
  2.4550000e+003  6.3009200e-001
  2.4552000e+003  6.7017000e-001
  2.4554000e+003  6.9141300e-001
  2.4556000e+003  6.8430900e-001
  2.4558000e+003  6.4761600e-001
  2.4560000e+003  5.9216000e-001
  2.4562000e+003  5.3668000e-001
  2.4564000e+003  4.9996300e-001
  2.4566000e+003  4.9340700e-001
  2.4568000e+003  5.1622300e-001
  2.4570000e+003  5.5816100e-001
  2.4572000e+003  6.0422400e-001
  2.4574000e+003  6.4167900e-001
  2.4576000e+003  6.6287500e-001
  2.4578000e+003  6.6521100e-001
  2.4580000e+003  6.4933300e-001
  2.4582000e+003  6.1807600e-001
  2.4584000e+003  5.7706800e-001
  2.4586000e+003  5.3484400e-001
  2.4588000e+003  5.0218100e-001
  2.4590000e+003  4.8775600e-001
  2.4592000e+003  4.9278700e-001
  2.4594000e+003  5.0892800e-001
  2.4596000e+003  5.2142100e-001
  2.4598000e+003  5.1889400e-001
  2.4600000e+003  4.9993900e-001
  2.4602000e+003  4.7473900e-001
  2.4604000e+003  4.5917000e-001
  2.4606000e+003  4.6558300e-001
  2.4608000e+003  4.9445600e-001
  2.4610000e+003  5.3522500e-001
  2.4612000e+003  5.7213300e-001
  2.4614000e+003  5.9413900e-001
  2.4616000e+003  6.0021800e-001
  2.4618000e+003  5.9804900e-001
  2.4620000e+003  5.9614100e-001
  2.4622000e+003  5.9671400e-001
  2.4624000e+003  5.9452000e-001
  2.4626000e+003  5.8171700e-001
  2.4628000e+003  5.5632500e-001
  2.4630000e+003  5.2652300e-001
  2.4632000e+003  5.0761600e-001
  2.4634000e+003  5.1271900e-001
  2.4636000e+003  5.4476200e-001
  2.4638000e+003  5.9318500e-001
  2.4640000e+003  6.4170300e-001
  2.4642000e+003  6.7632100e-001
  2.4644000e+003  6.9267700e-001
  2.4646000e+003  6.9456100e-001
  2.4648000e+003  6.8922000e-001
  2.4650000e+003  6.8271100e-001
  2.4652000e+003  6.7870600e-001
  2.4654000e+003  6.7963600e-001
  2.4656000e+003  6.8781300e-001
  2.4658000e+003  7.0524200e-001
  2.4660000e+003  7.3151500e-001
  2.4662000e+003  7.6282000e-001
  2.4664000e+003  7.9278900e-001
  2.4666000e+003  8.1496200e-001
  2.4668000e+003  8.2411700e-001
  2.4670000e+003  8.1624900e-001
  2.4672000e+003  7.8895000e-001
  2.4674000e+003  7.4179100e-001
  2.4676000e+003  6.7896800e-001
  2.4678000e+003  6.1085200e-001
  2.4680000e+003  5.5093700e-001
  2.4682000e+003  5.1193200e-001
  2.4684000e+003  5.0044000e-001
  2.4686000e+003  5.1372000e-001
  2.4688000e+003  5.4135300e-001
  2.4690000e+003  5.7024900e-001
  2.4692000e+003  5.9106300e-001
  2.4694000e+003  6.0131500e-001
  2.4696000e+003  6.0453400e-001
  2.4698000e+003  6.0696600e-001
  2.4700000e+003  6.1464300e-001
  2.4702000e+003  6.3102200e-001
  2.4704000e+003  6.5822600e-001
  2.4706000e+003  6.9708800e-001
  2.4708000e+003  7.4651200e-001
  2.4710000e+003  8.0204000e-001
  2.4712000e+003  8.5377600e-001
  2.4714000e+003  8.8930100e-001
  2.4716000e+003  8.9948100e-001
  2.4718000e+003  8.8324500e-001
  2.4720000e+003  8.5017600e-001
  2.4722000e+003  8.1343600e-001
  2.4724000e+003  7.8287100e-001
  2.4726000e+003  7.5900500e-001
  2.4728000e+003  7.3487700e-001
  2.4730000e+003  7.0226100e-001
  2.4732000e+003  6.5987100e-001
  2.4734000e+003  6.1404700e-001
  2.4736000e+003  5.7532700e-001
  2.4738000e+003  5.5112800e-001
  2.4740000e+003  5.4264000e-001
  2.4742000e+003  5.4664600e-001
  2.4744000e+003  5.5961600e-001
  2.4746000e+003  5.8050100e-001
  2.4748000e+003  6.0932600e-001
  2.4750000e+003  6.4411100e-001
  2.4752000e+003  6.8032700e-001
  2.4754000e+003  7.1165500e-001
  2.4756000e+003  7.3425700e-001
  2.4758000e+003  7.4849100e-001
  2.4760000e+003  7.5809900e-001
  2.4762000e+003  7.6665800e-001
  2.4764000e+003  7.7562300e-001
  2.4766000e+003  7.8303800e-001
  2.4768000e+003  7.8659000e-001
  2.4770000e+003  7.8485000e-001
  2.4772000e+003  7.7805500e-001
  2.4774000e+003  7.6713500e-001
  2.4776000e+003  7.5213900e-001
  2.4778000e+003  7.3285100e-001
  2.4780000e+003  7.0989100e-001
  2.4782000e+003  6.8588200e-001
  2.4784000e+003  6.6547300e-001
  2.4786000e+003  6.5305200e-001
  2.4788000e+003  6.5057200e-001
  2.4790000e+003  6.5691400e-001
  2.4792000e+003  6.6895400e-001
  2.4794000e+003  6.8376000e-001
  2.4796000e+003  7.0040200e-001
  2.4798000e+003  7.1871200e-001
  2.4800000e+003  7.3783300e-001
  2.4802000e+003  7.5507100e-001
  2.4804000e+003  7.6625300e-001
  2.4806000e+003  7.6794600e-001
  2.4808000e+003  7.6017300e-001
  2.4810000e+003  7.4651200e-001
  2.4812000e+003  7.3323200e-001
  2.4814000e+003  7.2610300e-001
  2.4816000e+003  7.2872600e-001
  2.4818000e+003  7.4179100e-001
  2.4820000e+003  7.6322500e-001
  2.4822000e+003  7.8961800e-001
  2.4824000e+003  8.1646400e-001
  2.4826000e+003  8.3906600e-001
  2.4828000e+003  8.5356200e-001
  2.4830000e+003  8.5854500e-001
  2.4832000e+003  8.5678100e-001
  2.4834000e+003  8.5453900e-001
  2.4836000e+003  8.5906900e-001
  2.4838000e+003  8.7490000e-001
  2.4840000e+003  9.0115000e-001
  2.4842000e+003  9.3035600e-001
  2.4844000e+003  9.5269600e-001
  2.4846000e+003  9.6077900e-001
  2.4848000e+003  9.5407900e-001
  2.4850000e+003  9.3948800e-001
  2.4852000e+003  9.2720900e-001
  2.4854000e+003  9.2535000e-001
  2.4856000e+003  9.3617400e-001
  2.4858000e+003  9.5670200e-001
  2.4860000e+003  9.8075800e-001
  2.4862000e+003  1.0030980e+000
  2.4864000e+003  1.0192870e+000
  2.4866000e+003  1.0243650e+000
  2.4868000e+003  1.0129450e+000
  2.4870000e+003  9.8142600e-001
  2.4872000e+003  9.3288400e-001
  2.4874000e+003  8.7926300e-001
  2.4876000e+003  8.3880400e-001
  2.4878000e+003  8.2709700e-001
  2.4880000e+003  8.4974700e-001
  2.4882000e+003  8.9962400e-001
  2.4884000e+003  9.6039700e-001
  2.4886000e+003  1.0149470e+000
  2.4888000e+003  1.0504000e+000
  2.4890000e+003  1.0600560e+000
  2.4892000e+003  1.0414120e+000
  2.4894000e+003  9.9604100e-001
  2.4896000e+003  9.3195400e-001
  2.4898000e+003  8.6510100e-001
  2.4900000e+003  8.1722700e-001
  2.4902000e+003  8.0521100e-001
  2.4904000e+003  8.3382100e-001
  2.4906000e+003  8.9142300e-001
  2.4908000e+003  9.5639200e-001
  2.4910000e+003  1.0072460e+000
  2.4912000e+003  1.0318510e+000
  2.4914000e+003  1.0304210e+000
  2.4916000e+003  1.0105840e+000
  2.4918000e+003  9.8245100e-001
  2.4920000e+003  9.5398400e-001
  2.4922000e+003  9.3162000e-001
  2.4924000e+003  9.1996100e-001
  2.4926000e+003  9.2098700e-001
  2.4928000e+003  9.3343200e-001
  2.4930000e+003  9.5293500e-001
  2.4932000e+003  9.7441600e-001
  2.4934000e+003  9.9401400e-001
  2.4936000e+003  1.0099170e+000
  2.4938000e+003  1.0213130e+000
  2.4940000e+003  1.0265580e+000
  2.4942000e+003  1.0237450e+000
  2.4944000e+003  1.0125160e+000
  2.4946000e+003  9.9611200e-001
  2.4948000e+003  9.8152100e-001
  2.4950000e+003  9.7601400e-001
  2.4952000e+003  9.8402500e-001
  2.4954000e+003  1.0057210e+000
  2.4956000e+003  1.0390990e+000
  2.4958000e+003  1.0819190e+000
  2.4960000e+003  1.1322490e+000
  2.4962000e+003  1.1855840e+000
  2.4964000e+003  1.2314080e+000
  2.4966000e+003  1.2552730e+000
  2.4968000e+003  1.2446640e+000
  2.4970000e+003  1.1968610e+000
  2.4972000e+003  1.1236660e+000
  2.4974000e+003  1.0470620e+000
  2.4976000e+003  9.9086700e-001
  2.4978000e+003  9.6850300e-001
  2.4980000e+003  9.8047200e-001
  2.4982000e+003  1.0156630e+000
  2.4984000e+003  1.0593890e+000
  2.4986000e+003  1.0993000e+000
  2.4988000e+003  1.1279580e+000
  2.4990000e+003  1.1426680e+000
  2.4992000e+003  1.1449570e+000
  2.4994000e+003  1.1403080e+000
  2.4996000e+003  1.1362790e+000
  2.4998000e+003  1.1399740e+000
  2.5000000e+003  1.1539220e+000
  2.5002000e+003  1.1751410e+000
  2.5004000e+003  1.1970520e+000
  2.5006000e+003  1.2148140e+000
  2.5008000e+003  1.2290230e+000
  2.5010000e+003  1.2448310e+000
  2.5012000e+003  1.2671470e+000
  2.5014000e+003  1.2960910e+000
  2.5016000e+003  1.3257260e+000
  2.5018000e+003  1.3476610e+000
  2.5020000e+003  1.3572210e+000
  2.5022000e+003  1.3549320e+000
  2.5024000e+003  1.3458010e+000
  2.5026000e+003  1.3356680e+000
  2.5028000e+003  1.3280860e+000
  2.5030000e+003  1.3227700e+000
  2.5032000e+003  1.3177150e+000
  2.5034000e+003  1.3110870e+000
  2.5036000e+003  1.3030520e+000
  2.5038000e+003  1.2950650e+000
  2.5040000e+003  1.2892480e+000
  2.5042000e+003  1.2873170e+000
  2.5044000e+003  1.2907980e+000
  2.5046000e+003  1.3018130e+000
  2.5048000e+003  1.3223400e+000
  2.5050000e+003  1.3527630e+000
  2.5052000e+003  1.3895750e+000
  2.5054000e+003  1.4248840e+000
  2.5056000e+003  1.4481300e+000
  2.5058000e+003  1.4507770e+000
  2.5060000e+003  1.4320850e+000
  2.5062000e+003  1.4002320e+000
  2.5064000e+003  1.3695470e+000
  2.5066000e+003  1.3523100e+000
  2.5068000e+003  1.3536210e+000
  2.5070000e+003  1.3685700e+000
  2.5072000e+003  1.3870230e+000
  2.5074000e+003  1.3991110e+000
  2.5076000e+003  1.4010660e+000
  2.5078000e+003  1.3962260e+000
  2.5080000e+003  1.3916730e+000
  2.5082000e+003  1.3942240e+000
  2.5084000e+003  1.4066450e+000
  2.5086000e+003  1.4273640e+000
  2.5088000e+003  1.4518730e+000
  2.5090000e+003  1.4750000e+000
  2.5092000e+003  1.4926910e+000
  2.5094000e+003  1.5041820e+000
  2.5096000e+003  1.5110730e+000
  2.5098000e+003  1.5158170e+000
  2.5100000e+003  1.5211340e+000
  2.5102000e+003  1.5290260e+000
  2.5104000e+003  1.5413990e+000
  2.5106000e+003  1.5609020e+000
  2.5108000e+003  1.5903230e+000
  2.5110000e+003  1.6309260e+000
  2.5112000e+003  1.6799440e+000
  2.5114000e+003  1.7303700e+000
  2.5116000e+003  1.7729990e+000
  2.5118000e+003  1.8005600e+000
  2.5120000e+003  1.8103120e+000
  2.5122000e+003  1.8033980e+000
  2.5124000e+003  1.7819160e+000
  2.5126000e+003  1.7483230e+000
  2.5128000e+003  1.7069330e+000
  2.5130000e+003  1.6655200e+000
  2.5132000e+003  1.6347400e+000
  2.5134000e+003  1.6240590e+000
  2.5136000e+003  1.6347880e+000
  2.5138000e+003  1.6587970e+000
  2.5140000e+003  1.6818280e+000
  2.5142000e+003  1.6940350e+000
  2.5144000e+003  1.6957520e+000
  2.5146000e+003  1.6978740e+000
  2.5148000e+003  1.7125120e+000
  2.5150000e+003  1.7452000e+000
  2.5152000e+003  1.7911670e+000
  2.5154000e+003  1.8392560e+000
  2.5156000e+003  1.8781180e+000
  2.5158000e+003  1.9004580e+000
  2.5160000e+003  1.9041290e+000
  2.5162000e+003  1.8898480e+000
  2.5164000e+003  1.8612140e+000
  2.5166000e+003  1.8243550e+000
  2.5168000e+003  1.7894500e+000
  2.5170000e+003  1.7681120e+000
  2.5172000e+003  1.7669430e+000
  2.5174000e+003  1.7851820e+000
  2.5176000e+003  1.8145560e+000
  2.5178000e+003  1.8445250e+000
  2.5180000e+003  1.8672220e+000
  2.5182000e+003  1.8798110e+000
  2.5184000e+003  1.8825050e+000
  2.5186000e+003  1.8763780e+000
  2.5188000e+003  1.8622870e+000
  2.5190000e+003  1.8424030e+000
  2.5192000e+003  1.8229240e+000
  2.5194000e+003  1.8137450e+000
  2.5196000e+003  1.8247600e+000
  2.5198000e+003  1.8609760e+000
  2.5200000e+003  1.9194120e+000
  2.5202000e+003  1.9901510e+000
  2.5204000e+003  2.0591250e+000
  2.5206000e+003  2.1143190e+000
  2.5208000e+003  2.1492950e+000
  2.5210000e+003  2.1643400e+000
  2.5212000e+003  2.1652930e+000
  2.5214000e+003  2.1589270e+000
  2.5216000e+003  2.1500580e+000
  2.5218000e+003  2.1411410e+000
  2.5220000e+003  2.1345370e+000
  2.5222000e+003  2.1343940e+000
  2.5224000e+003  2.1464100e+000
  2.5226000e+003  2.1751880e+000
  2.5228000e+003  2.2199150e+000
  2.5230000e+003  2.2721050e+000
  2.5232000e+003  2.3182860e+000
  2.5234000e+003  2.3445600e+000
  2.5236000e+003  2.3441070e+000
  2.5238000e+003  2.3186680e+000
  2.5240000e+003  2.2787330e+000
  2.5242000e+003  2.2383680e+000
  2.5244000e+003  2.2115700e+000
  2.5246000e+003  2.2067780e+000
  2.5248000e+003  2.2236340e+000
  2.5250000e+003  2.2540330e+000
  2.5252000e+003  2.2864580e+000
  2.5254000e+003  2.3132800e+000
  2.5256000e+003  2.3342370e+000
  2.5258000e+003  2.3564570e+000
  2.5260000e+003  2.3882150e+000
  2.5262000e+003  2.4329900e+000
  2.5264000e+003  2.4856800e+000
  2.5266000e+003  2.5357480e+000
  2.5268000e+003  2.5726310e+000
  2.5270000e+003  2.5914190e+000
  2.5272000e+003  2.5936600e+000
  2.5274000e+003  2.5849810e+000
  2.5276000e+003  2.5723690e+000
  2.5278000e+003  2.5632850e+000
  2.5280000e+003  2.5650730e+000
  2.5282000e+003  2.5831690e+000
  2.5284000e+003  2.6190750e+000
  2.5286000e+003  2.6677600e+000
  2.5288000e+003  2.7182810e+000
  2.5290000e+003  2.7580490e+000
  2.5292000e+003  2.7773850e+000
  2.5294000e+003  2.7745240e+000
  2.5296000e+003  2.7547590e+000
  2.5298000e+003  2.7277230e+000
  2.5300000e+003  2.7021880e+000
  2.5302000e+003  2.6834480e+000
  2.5304000e+003  2.6727670e+000
  2.5306000e+003  2.6678080e+000
  2.5308000e+003  2.6648750e+000
  2.5310000e+003  2.6610850e+000
  2.5312000e+003  2.6562920e+000
  2.5314000e+003  2.6532640e+000
  2.5316000e+003  2.6567690e+000
  2.5318000e+003  2.6712170e+000
  2.5320000e+003  2.6992790e+000
  2.5322000e+003  2.7403350e+000
  2.5324000e+003  2.7907840e+000
  2.5326000e+003  2.8443330e+000
  2.5328000e+003  2.8939480e+000
  2.5330000e+003  2.9344080e+000
  2.5332000e+003  2.9634710e+000
  2.5334000e+003  2.9839030e+000
  2.5336000e+003  3.0021660e+000
  2.5338000e+003  3.0256030e+000
  2.5340000e+003  3.0571690e+000
  2.5342000e+003  3.0934330e+000
  2.5344000e+003  3.1250710e+000
  2.5346000e+003  3.1422850e+000
  2.5348000e+003  3.1408780e+000
  2.5350000e+003  3.1253570e+000
  2.5352000e+003  3.1084770e+000
  2.5354000e+003  3.1049960e+000
  2.5356000e+003  3.1256670e+000
  2.5358000e+003  3.1705850e+000
  2.5360000e+003  3.2289020e+000
  2.5362000e+003  3.2818310e+000
  2.5364000e+003  3.3116570e+000
  2.5366000e+003  3.3090110e+000
  2.5368000e+003  3.2777070e+000
  2.5370000e+003  3.2335280e+000
  2.5372000e+003  3.1964300e+000
  2.5374000e+003  3.1827210e+000
  2.5376000e+003  3.1970730e+000
  2.5378000e+003  3.2338850e+000
  2.5380000e+003  3.2814260e+000
  2.5382000e+003  3.3305400e+000
  2.5384000e+003  3.3780810e+000
  2.5386000e+003  3.4262410e+000
  2.5388000e+003  3.4771200e+000
  2.5390000e+003  3.5285710e+000
  2.5392000e+003  3.5731070e+000
  2.5394000e+003  3.6032670e+000
  2.5396000e+003  3.6175250e+000
  2.5398000e+003  3.6237230e+000
  2.5400000e+003  3.6350250e+000
  2.5402000e+003  3.6621090e+000
  2.5404000e+003  3.7055490e+000
  2.5406000e+003  3.7554020e+000
  2.5408000e+003  3.7975070e+000
  2.5410000e+003  3.8233510e+000
  2.5412000e+003  3.8345810e+000
  2.5414000e+003  3.8413280e+000
  2.5416000e+003  3.8554900e+000
  2.5418000e+003  3.8825750e+000
  2.5420000e+003  3.9192910e+000
  2.5422000e+003  3.9560790e+000
  2.5424000e+003  3.9832110e+000
  2.5426000e+003  3.9951320e+000
  2.5428000e+003  3.9929860e+000
  2.5430000e+003  3.9827100e+000
  2.5432000e+003  3.9726730e+000
  2.5434000e+003  3.9703360e+000
  2.5436000e+003  3.9805410e+000
  2.5438000e+003  4.0049310e+000
  2.5440000e+003  4.0422200e+000
  2.5442000e+003  4.0896410e+000
  2.5444000e+003  4.1434280e+000
  2.5446000e+003  4.1989800e+000
  2.5448000e+003  4.2514320e+000
  2.5450000e+003  4.2956110e+000
  2.5452000e+003  4.3277970e+000
  2.5454000e+003  4.3469420e+000
  2.5456000e+003  4.3549770e+000
  2.5458000e+003  4.3566460e+000
  2.5460000e+003  4.3574090e+000
  2.5462000e+003  4.3622010e+000
  2.5464000e+003  4.3734780e+000
  2.5466000e+003  4.3914550e+000
  2.5468000e+003  4.4144630e+000
  2.5470000e+003  4.4394960e+000
  2.5472000e+003  4.4636240e+000
  2.5474000e+003  4.4851300e+000
  2.5476000e+003  4.5042750e+000
  2.5478000e+003  4.5231810e+000
  2.5480000e+003  4.5453310e+000
  2.5482000e+003  4.5732730e+000
  2.5484000e+003  4.6082730e+000
  2.5486000e+003  4.6497340e+000
  2.5488000e+003  4.6962970e+000
  2.5490000e+003  4.7469370e+000
  2.5492000e+003  4.8013210e+000
  2.5494000e+003  4.8590180e+000
  2.5496000e+003  4.9186700e+000
  2.5498000e+003  4.9768200e+000
  2.5500000e+003  5.0291290e+000
  2.5502000e+003  5.0726170e+000
  2.5504000e+003  5.1064250e+000
  2.5506000e+003  5.1326270e+000
  2.5508000e+003  5.1537510e+000
  2.5510000e+003  5.1703450e+000
  2.5512000e+003  5.1807160e+000
  2.5514000e+003  5.1823850e+000
  2.5516000e+003  5.1759240e+000
  2.5518000e+003  5.1671020e+000
  2.5520000e+003  5.1660060e+000
  2.5522000e+003  5.1825280e+000
  2.5524000e+003  5.2213660e+000
  2.5526000e+003  5.2791590e+000
  2.5528000e+003  5.3471080e+000
  2.5530000e+003  5.4157010e+000
  2.5532000e+003  5.4795260e+000
  2.5534000e+003  5.5392740e+000
  2.5536000e+003  5.5987830e+000
  2.5538000e+003  5.6615110e+000
  2.5540000e+003  5.7272430e+000
  2.5542000e+003  5.7921170e+000
  2.5544000e+003  5.8507200e+000
  2.5546000e+003  5.8993570e+000
  2.5548000e+003  5.9370040e+000
  2.5550000e+003  5.9650180e+000
  2.5552000e+003  5.9850450e+000
  2.5554000e+003  5.9983960e+000
  2.5556000e+003  6.0059070e+000
  2.5558000e+003  6.0089340e+000
  2.5560000e+003  6.0107460e+000
  2.5562000e+003  6.0155150e+000
  2.5564000e+003  6.0276980e+000
  2.5566000e+003  6.0508010e+000
  2.5568000e+003  6.0865640e+000
  2.5570000e+003  6.1353680e+000
  2.5572000e+003  6.1960220e+000
  2.5574000e+003  6.2648770e+000
  2.5576000e+003  6.3353060e+000
  2.5578000e+003  6.3978670e+000
  2.5580000e+003  6.4429040e+000
  2.5582000e+003  6.4655540e+000
  2.5584000e+003  6.4682720e+000
  2.5586000e+003  6.4620250e+000
  2.5588000e+003  6.4615960e+000
  2.5590000e+003  6.4801450e+000
  2.5592000e+003  6.5239190e+000
  2.5594000e+003  6.5922020e+000
  2.5596000e+003  6.6801070e+000
  2.5598000e+003  6.7819830e+000
  2.5600000e+003  6.8919180e+000
  2.5602000e+003  7.0028780e+000
  2.5604000e+003  7.1052780e+000
  2.5606000e+003  7.1881770e+000
  2.5608000e+003  7.2429650e+000
  2.5610000e+003  7.2676890e+000
  2.5612000e+003  7.2682380e+000
  2.5614000e+003  7.2570560e+000
  2.5616000e+003  7.2481630e+000
  2.5618000e+003  7.2534790e+000
  2.5620000e+003  7.2805160e+000
  2.5622000e+003  7.3293680e+000
  2.5624000e+003  7.3917860e+000
  2.5626000e+003  7.4522490e+000
  2.5628000e+003  7.4967140e+000
  2.5630000e+003  7.5206750e+000
  2.5632000e+003  7.5356720e+000
  2.5634000e+003  7.5646400e+000
  2.5636000e+003  7.6296800e+000
  2.5638000e+003  7.7387330e+000
  2.5640000e+003  7.8787320e+000
  2.5642000e+003  8.0222840e+000
  2.5644000e+003  8.1413260e+000
  2.5646000e+003  8.2220310e+000
  2.5648000e+003  8.2670920e+000
  2.5650000e+003  8.2907910e+000
  2.5652000e+003  8.3073610e+000
  2.5654000e+003  8.3245510e+000
  2.5656000e+003  8.3445310e+000
  2.5658000e+003  8.3671800e+000
  2.5660000e+003  8.3951710e+000
  2.5662000e+003  8.4351300e+000
  2.5664000e+003  8.4931370e+000
  2.5666000e+003  8.5704560e+000
  2.5668000e+003  8.6597910e+000
  2.5670000e+003  8.7486500e+000
  2.5672000e+003  8.8244910e+000
  2.5674000e+003  8.8818780e+000
  2.5676000e+003  8.9243170e+000
  2.5678000e+003  8.9614390e+000
  2.5680000e+003  9.0032570e+000
  2.5682000e+003  9.0557330e+000
  2.5684000e+003  9.1192240e+000
  2.5686000e+003  9.1904160e+000
  2.5688000e+003  9.2664950e+000
  2.5690000e+003  9.3474860e+000
  2.5692000e+003  9.4349140e+000
  2.5694000e+003  9.5304010e+000
  2.5696000e+003  9.6325150e+000
  2.5698000e+003  9.7364660e+000
  2.5700000e+003  9.8361250e+000
  2.5702000e+003  9.9256510e+000
  2.5704000e+003  1.0003757e+001
  2.5706000e+003  1.0074162e+001
  2.5708000e+003  1.0144114e+001
  2.5710000e+003  1.0219192e+001
  2.5712000e+003  1.0299563e+001
  2.5714000e+003  1.0379695e+001
  2.5716000e+003  1.0453486e+001
  2.5718000e+003  1.0520315e+001
  2.5720000e+003  1.0587358e+001
  2.5722000e+003  1.0664963e+001
  2.5724000e+003  1.0760927e+001
  2.5726000e+003  1.0874223e+001
  2.5728000e+003  1.0996389e+001
  2.5730000e+003  1.1117577e+001
  2.5732000e+003  1.1232376e+001
  2.5734000e+003  1.1341023e+001
  2.5736000e+003  1.1445379e+001
  2.5738000e+003  1.1544156e+001
  2.5740000e+003  1.1632919e+001
  2.5742000e+003  1.1707305e+001
  2.5744000e+003  1.1767983e+001
  2.5746000e+003  1.1821413e+001
  2.5748000e+003  1.1877155e+001
  2.5750000e+003  1.1942243e+001
  2.5752000e+003  1.2019109e+001
  2.5754000e+003  1.2106776e+001
  2.5756000e+003  1.2203359e+001
  2.5758000e+003  1.2307190e+001
  2.5760000e+003  1.2414836e+001
  2.5762000e+003  1.2519812e+001
  2.5764000e+003  1.2614393e+001
  2.5766000e+003  1.2693786e+001
  2.5768000e+003  1.2759590e+001
  2.5770000e+003  1.2818551e+001
  2.5772000e+003  1.2878537e+001
  2.5774000e+003  1.2942886e+001
  2.5776000e+003  1.3010191e+001
  2.5778000e+003  1.3077855e+001
  2.5780000e+003  1.3147616e+001
  2.5782000e+003  1.3226270e+001
  2.5784000e+003  1.3321423e+001
  2.5786000e+003  1.3435244e+001
  2.5788000e+003  1.3561511e+001
  2.5790000e+003  1.3687992e+001
  2.5792000e+003  1.3803815e+001
  2.5794000e+003  1.3903188e+001
  2.5796000e+003  1.3988447e+001
  2.5798000e+003  1.4067721e+001
  2.5800000e+003  1.4150643e+001
  2.5802000e+003  1.4245271e+001
  2.5804000e+003  1.4355421e+001
  2.5806000e+003  1.4480447e+001
  2.5808000e+003  1.4615678e+001
  2.5810000e+003  1.4754986e+001
  2.5812000e+003  1.4893531e+001
  2.5814000e+003  1.5030407e+001
  2.5816000e+003  1.5167784e+001
  2.5818000e+003  1.5308022e+001
  2.5820000e+003  1.5452218e+001
  2.5822000e+003  1.5599060e+001
  2.5824000e+003  1.5746569e+001
  2.5826000e+003  1.5890884e+001
  2.5828000e+003  1.6025352e+001
  2.5830000e+003  1.6141080e+001
  2.5832000e+003  1.6229772e+001
  2.5834000e+003  1.6289544e+001
  2.5836000e+003  1.6328763e+001
  2.5838000e+003  1.6366696e+001
  2.5840000e+003  1.6424655e+001
  2.5842000e+003  1.6517233e+001
  2.5844000e+003  1.6645860e+001
  2.5846000e+003  1.6801571e+001
  2.5848000e+003  1.6972470e+001
  2.5850000e+003  1.7151641e+001
  2.5852000e+003  1.7337727e+001
  2.5854000e+003  1.7531490e+001
  2.5856000e+003  1.7729687e+001
  2.5858000e+003  1.7923879e+001
  2.5860000e+003  1.8102383e+001
  2.5862000e+003  1.8257045e+001
  2.5864000e+003  1.8386578e+001
  2.5866000e+003  1.8496537e+001
  2.5868000e+003  1.8596792e+001
  2.5870000e+003  1.8697023e+001
  2.5872000e+003  1.8805694e+001
  2.5874000e+003  1.8928956e+001
  2.5876000e+003  1.9070219e+001
  2.5878000e+003  1.9231724e+001
  2.5880000e+003  1.9412636e+001
  2.5882000e+003  1.9610214e+001
  2.5884000e+003  1.9818210e+001
  2.5886000e+003  2.0026659e+001
  2.5888000e+003  2.0223307e+001
  2.5890000e+003  2.0396304e+001
  2.5892000e+003  2.0540356e+001
  2.5894000e+003  2.0659971e+001
  2.5896000e+003  2.0770883e+001
  2.5898000e+003  2.0892882e+001
  2.5900000e+003  2.1041178e+001
  2.5902000e+003  2.1218490e+001
  2.5904000e+003  2.1413350e+001
  2.5906000e+003  2.1607446e+001
  2.5908000e+003  2.1786212e+001
  2.5910000e+003  2.1947503e+001
  2.5912000e+003  2.2102189e+001
  2.5914000e+003  2.2267127e+001
  2.5916000e+003  2.2455024e+001
  2.5918000e+003  2.2667622e+001
  2.5920000e+003  2.2894811e+001
  2.5922000e+003  2.3121714e+001
  2.5924000e+003  2.3335218e+001
  2.5926000e+003  2.3530840e+001
  2.5928000e+003  2.3712205e+001
  2.5930000e+003  2.3888254e+001
  2.5932000e+003  2.4066996e+001
  2.5934000e+003  2.4251008e+001
  2.5936000e+003  2.4437952e+001
  2.5938000e+003  2.4621987e+001
  2.5940000e+003  2.4798727e+001
  2.5942000e+003  2.4967789e+001
  2.5944000e+003  2.5132966e+001
  2.5946000e+003  2.5300407e+001
  2.5948000e+003  2.5476121e+001
  2.5950000e+003  2.5663328e+001
  2.5952000e+003  2.5861573e+001
  2.5954000e+003  2.6067829e+001
  2.5956000e+003  2.6279067e+001
  2.5958000e+003  2.6493573e+001
  2.5960000e+003  2.6712656e+001
  2.5962000e+003  2.6939320e+001
  2.5964000e+003  2.7176117e+001
  2.5966000e+003  2.7422308e+001
  2.5968000e+003  2.7673172e+001
  2.5970000e+003  2.7920985e+001
  2.5972000e+003  2.8156399e+001
  2.5974000e+003  2.8374028e+001
  2.5976000e+003  2.8573584e+001
  2.5978000e+003  2.8761482e+001
  2.5980000e+003  2.8948140e+001
  2.5982000e+003  2.9144430e+001
  2.5984000e+003  2.9358863e+001
  2.5986000e+003  2.9593968e+001
  2.5988000e+003  2.9847025e+001
  2.5990000e+003  3.0110454e+001
  2.5992000e+003  3.0373644e+001
  2.5994000e+003  3.0625534e+001
  2.5996000e+003  3.0857396e+001
  2.5998000e+003  3.1067442e+001
  2.6000000e+003  3.1262302e+001
  2.6002000e+003  3.1457185e+001
  2.6004000e+003  3.1668853e+001
  2.6006000e+003  3.1907963e+001
  2.6008000e+003  3.2172966e+001
  2.6010000e+003  3.2451009e+001
  2.6012000e+003  3.2725000e+001
  2.6014000e+003  3.2983660e+001
  2.6016000e+003  3.3226442e+001
  2.6018000e+003  3.3463644e+001
  2.6020000e+003  3.3707499e+001
  2.6022000e+003  3.3964538e+001
  2.6024000e+003  3.4230804e+001
  2.6026000e+003  3.4494709e+001
  2.6028000e+003  3.4745883e+001
  2.6030000e+003  3.4982466e+001
  2.6032000e+003  3.5214495e+001
  2.6034000e+003  3.5457015e+001
  2.6036000e+003  3.5722184e+001
  2.6038000e+003  3.6010670e+001
  2.6040000e+003  3.6312627e+001
  2.6042000e+003  3.6615037e+001
  2.6044000e+003  3.6911153e+001
  2.6046000e+003  3.7204217e+001
  2.6048000e+003  3.7503576e+001
  2.6050000e+003  3.7813782e+001
  2.6052000e+003  3.8130307e+001
  2.6054000e+003  3.8439846e+001
  2.6056000e+003  3.8730645e+001
  2.6058000e+003  3.8999295e+001
  2.6060000e+003  3.9254617e+001
  2.6062000e+003  3.9511823e+001
  2.6064000e+003  3.9784169e+001
  2.6066000e+003  4.0075874e+001
  2.6068000e+003  4.0381097e+001
  2.6070000e+003  4.0688896e+001
  2.6072000e+003  4.0989589e+001
  2.6074000e+003  4.1280579e+001
  2.6076000e+003  4.1566920e+001
  2.6078000e+003  4.1858029e+001
  2.6080000e+003  4.2162561e+001
  2.6082000e+003  4.2483496e+001
  2.6084000e+003  4.2815756e+001
  2.6086000e+003  4.3148708e+001
  2.6088000e+003  4.3470168e+001
  2.6090000e+003  4.3773221e+001
  2.6092000e+003  4.4057846e+001
  2.6094000e+003  4.4330286e+001
  2.6096000e+003  4.4597792e+001
  2.6098000e+003  4.4864630e+001
  2.6100000e+003  4.5132422e+001
  2.6102000e+003  4.5402312e+001
  2.6104000e+003  4.5678853e+001
  2.6106000e+003  4.5970010e+001
  2.6108000e+003  4.6281981e+001
  2.6110000e+003  4.6614480e+001
  2.6112000e+003  4.6958732e+001
  2.6114000e+003  4.7302198e+001
  2.6116000e+003  4.7635936e+001
  2.6118000e+003  4.7959876e+001
  2.6120000e+003  4.8282074e+001
  2.6122000e+003  4.8612070e+001
  2.6124000e+003  4.8954534e+001
  2.6126000e+003  4.9307179e+001
  2.6128000e+003  4.9664163e+001
  2.6130000e+003  5.0020194e+001
  2.6132000e+003  5.0373172e+001
  2.6134000e+003  5.0722670e+001
  2.6136000e+003  5.1066732e+001
  2.6138000e+003  5.1402044e+001
  2.6140000e+003  5.1725602e+001
  2.6142000e+003  5.2038335e+001
  2.6144000e+003  5.2345705e+001
  2.6146000e+003  5.2654385e+001
  2.6148000e+003  5.2968430e+001
  2.6150000e+003  5.3287625e+001
  2.6152000e+003  5.3609132e+001
  2.6154000e+003  5.3930854e+001
  2.6156000e+003  5.4253745e+001
  2.6158000e+003  5.4580211e+001
  2.6160000e+003  5.4911017e+001
  2.6162000e+003  5.5243825e+001
  2.6164000e+003  5.5573511e+001
  2.6166000e+003  5.5895304e+001
  2.6168000e+003  5.6207370e+001
  2.6170000e+003  5.6510901e+001
  2.6172000e+003  5.6809234e+001
  2.6174000e+003  5.7106590e+001
  2.6176000e+003  5.7407355e+001
  2.6178000e+003  5.7714152e+001
  2.6180000e+003  5.8026170e+001
  2.6182000e+003  5.8338379e+001
  2.6184000e+003  5.8643913e+001
  2.6186000e+003  5.8939027e+001
  2.6188000e+003  5.9228014e+001
  2.6190000e+003  5.9523892e+001
  2.6192000e+003  5.9842157e+001
  2.6194000e+003  6.0192871e+001
  2.6196000e+003  6.0573077e+001
  2.6198000e+003  6.0968255e+001
  2.6200000e+003  6.1358475e+001
  2.6202000e+003  6.1729788e+001
  2.6204000e+003  6.2078309e+001
  2.6206000e+003  6.2408494e+001
  2.6208000e+003  6.2726926e+001
  2.6210000e+003  6.3037633e+001
  2.6212000e+003  6.3341975e+001
  2.6214000e+003  6.3641858e+001
  2.6216000e+003  6.3942241e+001
  2.6218000e+003  6.4250016e+001
  2.6220000e+003  6.4568352e+001
  2.6222000e+003  6.4894819e+001
  2.6224000e+003  6.5222883e+001
  2.6226000e+003  6.5549421e+001
  2.6228000e+003  6.5878987e+001
  2.6230000e+003  6.6220593e+001
  2.6232000e+003  6.6576123e+001
  2.6234000e+003  6.6933488e+001
  2.6236000e+003  6.7270040e+001
  2.6238000e+003  6.7568254e+001
  2.6240000e+003  6.7826437e+001
  2.6242000e+003  6.8063497e+001
  2.6244000e+003  6.8304848e+001
  2.6246000e+003  6.8569731e+001
  2.6248000e+003  6.8861079e+001
  2.6250000e+003  6.9168972e+001
  2.6252000e+003  6.9480514e+001
  2.6254000e+003  6.9787931e+001
  2.6256000e+003  7.0088648e+001
  2.6258000e+003  7.0381426e+001
  2.6260000e+003  7.0666074e+001
  2.6262000e+003  7.0946311e+001
  2.6264000e+003  7.1230792e+001
  2.6266000e+003  7.1529150e+001
  2.6268000e+003  7.1843004e+001
  2.6270000e+003  7.2162151e+001
  2.6272000e+003  7.2469377e+001
  2.6274000e+003  7.2750663e+001
  2.6276000e+003  7.3005199e+001
  2.6278000e+003  7.3245668e+001
  2.6280000e+003  7.3488521e+001
  2.6282000e+003  7.3744106e+001
  2.6284000e+003  7.4011206e+001
  2.6286000e+003  7.4282503e+001
  2.6288000e+003  7.4551463e+001
  2.6290000e+003  7.4816155e+001
  2.6292000e+003  7.5075864e+001
  2.6294000e+003  7.5328373e+001
  2.6296000e+003  7.5570154e+001
  2.6298000e+003  7.5798368e+001
  2.6300000e+003  7.6015233e+001
  2.6302000e+003  7.6226615e+001
  2.6304000e+003  7.6440334e+001
  2.6306000e+003  7.6662158e+001
  2.6308000e+003  7.6894712e+001
  2.6310000e+003  7.7140045e+001
  2.6312000e+003  7.7399134e+001
  2.6314000e+003  7.7671313e+001
  2.6316000e+003  7.7950334e+001
  2.6318000e+003  7.8225326e+001
  2.6320000e+003  7.8485941e+001
  2.6322000e+003  7.8726410e+001
  2.6324000e+003  7.8949117e+001
  2.6326000e+003  7.9161643e+001
  2.6328000e+003  7.9373192e+001
  2.6330000e+003  7.9589581e+001
  2.6332000e+003  7.9810953e+001
  2.6334000e+003  8.0032992e+001
  2.6336000e+003  8.0247998e+001
  2.6338000e+003  8.0449557e+001
  2.6340000e+003  8.0634260e+001
  2.6342000e+003  8.0804777e+001
  2.6344000e+003  8.0970072e+001
  2.6346000e+003  8.1140828e+001
  2.6348000e+003  8.1323814e+001
  2.6350000e+003  8.1517434e+001
  2.6352000e+003  8.1714272e+001
  2.6354000e+003  8.1907820e+001
  2.6356000e+003  8.2097196e+001
  2.6358000e+003  8.2289576e+001
  2.6360000e+003  8.2491183e+001
  2.6362000e+003  8.2702445e+001
  2.6364000e+003  8.2913589e+001
  2.6366000e+003  8.3109307e+001
  2.6368000e+003  8.3277487e+001
  2.6370000e+003  8.3414864e+001
  2.6372000e+003  8.3527588e+001
  2.6374000e+003  8.3626055e+001
  2.6376000e+003  8.3721613e+001
  2.6378000e+003  8.3824062e+001
  2.6380000e+003  8.3942151e+001
  2.6382000e+003  8.4083652e+001
  2.6384000e+003  8.4249925e+001
  2.6386000e+003  8.4432983e+001
  2.6388000e+003  8.4614467e+001
  2.6390000e+003  8.4773826e+001
  2.6392000e+003  8.4897780e+001
  2.6394000e+003  8.4986472e+001
  2.6396000e+003  8.5052704e+001
  2.6398000e+003  8.5114479e+001
  2.6400000e+003  8.5189032e+001
  2.6402000e+003  8.5290074e+001
  2.6404000e+003  8.5427021e+001
  2.6406000e+003  8.5603594e+001
  2.6408000e+003  8.5813021e+001
  2.6410000e+003  8.6036038e+001
  2.6412000e+003  8.6244416e+001
  2.6414000e+003  8.6413049e+001
  2.6416000e+003  8.6531305e+001
  2.6418000e+003  8.6610627e+001
  2.6420000e+003  8.6675977e+001
  2.6422000e+003  8.6751770e+001
  2.6424000e+003  8.6846232e+001
  2.6426000e+003  8.6950612e+001
  2.6428000e+003  8.7047076e+001
  2.6430000e+003  8.7126326e+001
  2.6432000e+003  8.7193989e+001
  2.6434000e+003  8.7269568e+001
  2.6436000e+003  8.7371945e+001
  2.6438000e+003  8.7507343e+001
  2.6440000e+003  8.7664651e+001
  2.6442000e+003  8.7822723e+001
  2.6444000e+003  8.7962746e+001
  2.6446000e+003  8.8076519e+001
  2.6448000e+003  8.8167929e+001
  2.6450000e+003  8.8246226e+001
  2.6452000e+003  8.8317370e+001
  2.6454000e+003  8.8381958e+001
  2.6456000e+003  8.8436985e+001
  2.6458000e+003  8.8480377e+001
  2.6460000e+003  8.8515448e+001
  2.6462000e+003  8.8550829e+001
  2.6464000e+003  8.8597989e+001
  2.6466000e+003  8.8664960e+001
  2.6468000e+003  8.8753581e+001
  2.6470000e+003  8.8857150e+001
  2.6472000e+003  8.8964200e+001
  2.6474000e+003  8.9064383e+001
  2.6476000e+003  8.9153146e+001
  2.6478000e+003  8.9233350e+001
  2.6480000e+003  8.9310598e+001
  2.6482000e+003  8.9386963e+001
  2.6484000e+003  8.9458537e+001
  2.6486000e+003  8.9517831e+001
  2.6488000e+003  8.9563179e+001
  2.6490000e+003  8.9602875e+001
  2.6492000e+003  8.9652943e+001
  2.6494000e+003  8.9726328e+001
  2.6496000e+003  8.9822459e+001
  2.6498000e+003  8.9924860e+001
  2.6500000e+003  9.0009689e+001
  2.6502000e+003  9.0059924e+001
  2.6504000e+003  9.0074849e+001
  2.6506000e+003  9.0070509e+001
  2.6508000e+003  9.0068817e+001
  2.6510000e+003  9.0086412e+001
  2.6512000e+003  9.0128445e+001
  2.6514000e+003  9.0190148e+001
  2.6516000e+003  9.0262770e+001
  2.6518000e+003  9.0339207e+001
  2.6520000e+003  9.0414547e+001
  2.6522000e+003  9.0485310e+001
  2.6524000e+003  9.0548443e+001
  2.6526000e+003  9.0603470e+001
  2.6528000e+003  9.0653944e+001
  2.6530000e+003  9.0705990e+001
  2.6532000e+003  9.0765023e+001
  2.6534000e+003  9.0831947e+001
  2.6536000e+003  9.0902161e+001
  2.6538000e+003  9.0968704e+001
  2.6540000e+003  9.1023635e+001
  2.6542000e+003  9.1059994e+001
  2.6544000e+003  9.1073226e+001
  2.6546000e+003  9.1063165e+001
  2.6548000e+003  9.1037130e+001
  2.6550000e+003  9.1009974e+001
  2.6552000e+003  9.1000151e+001
  2.6554000e+003  9.1020417e+001
  2.6556000e+003  9.1071200e+001
  2.6558000e+003  9.1136789e+001
  2.6560000e+003  9.1194391e+001
  2.6562000e+003  9.1224884e+001
  2.6564000e+003  9.1226220e+001
  2.6566000e+003  9.1215181e+001
  2.6568000e+003  9.1218948e+001
  2.6570000e+003  9.1260480e+001
  2.6572000e+003  9.1346621e+001
  2.6574000e+003  9.1467046e+001
  2.6576000e+003  9.1601037e+001
  2.6578000e+003  9.1728210e+001
  2.6580000e+003  9.1834115e+001
  2.6582000e+003  9.1912508e+001
  2.6584000e+003  9.1962718e+001
  2.6586000e+003  9.1988992e+001
  2.6588000e+003  9.1998839e+001
  2.6590000e+003  9.2001271e+001
  2.6592000e+003  9.2005228e+001
  2.6594000e+003  9.2015171e+001
  2.6596000e+003  9.2030382e+001
  2.6598000e+003  9.2047762e+001
  2.6600000e+003  9.2067027e+001
  2.6602000e+003  9.2093753e+001
  2.6604000e+003  9.2139410e+001
  2.6606000e+003  9.2213273e+001
  2.6608000e+003  9.2315769e+001
  2.6610000e+003  9.2434954e+001
  2.6612000e+003  9.2551350e+001
  2.6614000e+003  9.2646646e+001
  2.6616000e+003  9.2711162e+001
  2.6618000e+003  9.2746901e+001
  2.6620000e+003  9.2762255e+001
  2.6622000e+003  9.2766594e+001
  2.6624000e+003  9.2765450e+001
  2.6626000e+003  9.2761778e+001
  2.6628000e+003  9.2758560e+001
  2.6630000e+003  9.2760658e+001
  2.6632000e+003  9.2772793e+001
  2.6634000e+003  9.2795467e+001
  2.6636000e+003  9.2822742e+001
  2.6638000e+003  9.2844486e+001
  2.6640000e+003  9.2853593e+001
  2.6642000e+003  9.2852687e+001
  2.6644000e+003  9.2855048e+001
  2.6646000e+003  9.2880511e+001
  2.6648000e+003  9.2943620e+001
  2.6650000e+003  9.3045449e+001
  2.6652000e+003  9.3171095e+001
  2.6654000e+003  9.3297553e+001
  2.6656000e+003  9.3404316e+001
  2.6658000e+003  9.3483924e+001
  2.6660000e+003  9.3540191e+001
  2.6662000e+003  9.3580198e+001
  2.6664000e+003  9.3608140e+001
  2.6666000e+003  9.3624329e+001
  2.6668000e+003  9.3632173e+001
  2.6670000e+003  9.3643546e+001
  2.6672000e+003  9.3674778e+001
  2.6674000e+003  9.3738889e+001
  2.6676000e+003  9.3832015e+001
  2.6678000e+003  9.3933033e+001
  2.6680000e+003  9.4012022e+001
  2.6682000e+003  9.4049096e+001
  2.6684000e+003  9.4043612e+001
  2.6686000e+003  9.4014739e+001
  2.6688000e+003  9.3989634e+001
  2.6690000e+003  9.3990540e+001
  2.6692000e+003  9.4027614e+001
  2.6694000e+003  9.4098353e+001
  2.6696000e+003  9.4194126e+001
  2.6698000e+003  9.4304513e+001
  2.6700000e+003  9.4421958e+001
  2.6702000e+003  9.4541287e+001
  2.6704000e+003  9.4658303e+001
  2.6706000e+003  9.4767022e+001
  2.6708000e+003  9.4858002e+001
  2.6710000e+003  9.4917392e+001
  2.6712000e+003  9.4933056e+001
  2.6714000e+003  9.4903278e+001
  2.6716000e+003  9.4845175e+001
  2.6718000e+003  9.4790649e+001
  2.6720000e+003  9.4775176e+001
  2.6722000e+003  9.4819641e+001
  2.6724000e+003  9.4919109e+001
  2.6726000e+003  9.5046496e+001
  2.6728000e+003  9.5166850e+001
  2.6730000e+003  9.5257234e+001
  2.6732000e+003  9.5314621e+001
  2.6734000e+003  9.5353174e+001
  2.6736000e+003  9.5389437e+001
  2.6738000e+003  9.5432782e+001
  2.6740000e+003  9.5479846e+001
  2.6742000e+003  9.5518922e+001
  2.6744000e+003  9.5537281e+001
  2.6746000e+003  9.5530104e+001
  2.6748000e+003  9.5504617e+001
  2.6750000e+003  9.5479130e+001
  2.6752000e+003  9.5475912e+001
  2.6754000e+003  9.5511603e+001
  2.6756000e+003  9.5589351e+001
  2.6758000e+003  9.5696568e+001
  2.6760000e+003  9.5812416e+001
  2.6762000e+003  9.5917987e+001
  2.6764000e+003  9.6005129e+001
  2.6766000e+003  9.6074008e+001
  2.6768000e+003  9.6125960e+001
  2.6770000e+003  9.6157360e+001
  2.6772000e+003  9.6164321e+001
  2.6774000e+003  9.6152830e+001
  2.6776000e+003  9.6142864e+001
  2.6778000e+003  9.6160006e+001
  2.6780000e+003  9.6220517e+001
  2.6782000e+003  9.6315646e+001
  2.6784000e+003  9.6413779e+001
  2.6786000e+003  9.6475386e+001
  2.6788000e+003  9.6479177e+001
  2.6790000e+003  9.6431732e+001
  2.6792000e+003  9.6364855e+001
  2.6794000e+003  9.6313548e+001
  2.6796000e+003  9.6301507e+001
  2.6798000e+003  9.6331977e+001
  2.6800000e+003  9.6393346e+001
  2.6802000e+003  9.6470642e+001
  2.6804000e+003  9.6552324e+001
  2.6806000e+003  9.6634602e+001
  2.6808000e+003  9.6716713e+001
  2.6810000e+003  9.6796751e+001
  2.6812000e+003  9.6869874e+001
  2.6814000e+003  9.6928548e+001
  2.6816000e+003  9.6965360e+001
  2.6818000e+003  9.6976280e+001
  2.6820000e+003  9.6963191e+001
  2.6822000e+003  9.6933460e+001
  2.6824000e+003  9.6896147e+001
  2.6826000e+003  9.6858382e+001
  2.6828000e+003  9.6820282e+001
  2.6830000e+003  9.6778559e+001
  2.6832000e+003  9.6730637e+001
  2.6834000e+003  9.6678876e+001
  2.6836000e+003  9.6630048e+001
  2.6838000e+003  9.6591615e+001
  2.6840000e+003  9.6566605e+001
  2.6842000e+003  9.6551561e+001
  2.6844000e+003  9.6541428e+001
  2.6846000e+003  9.6534895e+001
  2.6848000e+003  9.6534562e+001
  2.6850000e+003  9.6545505e+001
  2.6852000e+003  9.6565985e+001
  2.6854000e+003  9.6586585e+001
  2.6856000e+003  9.6591043e+001
  2.6858000e+003  9.6565723e+001
  2.6860000e+003  9.6507287e+001
  2.6862000e+003  9.6425890e+001
  2.6864000e+003  9.6340394e+001
  2.6866000e+003  9.6271061e+001
  2.6868000e+003  9.6232819e+001
  2.6870000e+003  9.6229124e+001
  2.6872000e+003  9.6250987e+001
  2.6874000e+003  9.6277546e+001
  2.6876000e+003  9.6282339e+001
  2.6878000e+003  9.6243739e+001
  2.6880000e+003  9.6155858e+001
  2.6882000e+003  9.6030426e+001
  2.6884000e+003  9.5890736e+001
  2.6886000e+003  9.5758628e+001
  2.6888000e+003  9.5643353e+001
  2.6890000e+003  9.5540738e+001
  2.6892000e+003  9.5443034e+001
  2.6894000e+003  9.5350980e+001
  2.6896000e+003  9.5276284e+001
  2.6898000e+003  9.5235753e+001
  2.6900000e+003  9.5233821e+001
  2.6902000e+003  9.5254874e+001
  2.6904000e+003  9.5264887e+001
  2.6906000e+003  9.5227408e+001
  2.6908000e+003  9.5119929e+001
  2.6910000e+003  9.4947600e+001
  2.6912000e+003  9.4741344e+001
  2.6914000e+003  9.4546556e+001
  2.6916000e+003  9.4400525e+001
  2.6918000e+003  9.4318175e+001
  2.6920000e+003  9.4285893e+001
  2.6922000e+003  9.4272851e+001
  2.6924000e+003  9.4245362e+001
  2.6926000e+003  9.4179987e+001
  2.6928000e+003  9.4069933e+001
  2.6930000e+003  9.3918704e+001
  2.6932000e+003  9.3734574e+001
  2.6934000e+003  9.3524289e+001
  2.6936000e+003  9.3295955e+001
  2.6938000e+003  9.3062496e+001
  2.6940000e+003  9.2842078e+001
  2.6942000e+003  9.2654323e+001
  2.6944000e+003  9.2509341e+001
  2.6946000e+003  9.2404294e+001
  2.6948000e+003  9.2320847e+001
  2.6950000e+003  9.2229008e+001
  2.6952000e+003  9.2100119e+001
  2.6954000e+003  9.1915249e+001
  2.6956000e+003  9.1675662e+001
  2.6958000e+003  9.1400384e+001
  2.6960000e+003  9.1120123e+001
  2.6962000e+003  9.0863823e+001
  2.6964000e+003  9.0645456e+001
  2.6966000e+003  9.0463256e+001
  2.6968000e+003  9.0300083e+001
  2.6970000e+003  9.0137171e+001
  2.6972000e+003  8.9959263e+001
  2.6974000e+003  8.9757204e+001
  2.6976000e+003  8.9526677e+001
  2.6978000e+003  8.9266896e+001
  2.6980000e+003  8.8984632e+001
  2.6982000e+003  8.8693594e+001
  2.6984000e+003  8.8410782e+001
  2.6986000e+003  8.8145732e+001
  2.6988000e+003  8.7895083e+001
  2.6990000e+003  8.7646126e+001
  2.6992000e+003  8.7384724e+001
  2.6994000e+003  8.7106633e+001
  2.6996000e+003  8.6818337e+001
  2.6998000e+003  8.6530137e+001
  2.7000000e+003  8.6247611e+001
  2.7002000e+003  8.5967707e+001
  2.7004000e+003  8.5686540e+001
  2.7006000e+003  8.5405540e+001
  2.7008000e+003  8.5133552e+001
  2.7010000e+003  8.4878015e+001
  2.7012000e+003  8.4635710e+001
  2.7014000e+003  8.4392356e+001
  2.7016000e+003  8.4129023e+001
  2.7018000e+003  8.3833694e+001
  2.7020000e+003  8.3507895e+001
  2.7022000e+003  8.3164715e+001
  2.7024000e+003  8.2820606e+001
  2.7026000e+003  8.2485365e+001
  2.7028000e+003  8.2158279e+001
  2.7030000e+003  8.1831049e+001
  2.7032000e+003  8.1495046e+001
  2.7034000e+003  8.1147718e+001
  2.7036000e+003  8.0792069e+001
  2.7038000e+003  8.0435538e+001
  2.7040000e+003  8.0082917e+001
  2.7042000e+003  7.9735207e+001
  2.7044000e+003  7.9388618e+001
  2.7046000e+003  7.9038262e+001
  2.7048000e+003  7.8682947e+001
  2.7050000e+003  7.8324866e+001
  2.7052000e+003  7.7968239e+001
  2.7054000e+003  7.7615594e+001
  2.7056000e+003  7.7267885e+001
  2.7058000e+003  7.6926183e+001
  2.7060000e+003  7.6591062e+001
  2.7062000e+003  7.6261782e+001
  2.7064000e+003  7.5933408e+001
  2.7066000e+003  7.5598216e+001
  2.7068000e+003  7.5248813e+001
  2.7070000e+003  7.4881219e+001
  2.7072000e+003  7.4496412e+001
  2.7074000e+003  7.4098634e+001
  2.7076000e+003  7.3693823e+001
  2.7078000e+003  7.3288059e+001
  2.7080000e+003  7.2886729e+001
  2.7082000e+003  7.2494196e+001
  2.7084000e+003  7.2112774e+001
  2.7086000e+003  7.1741533e+001
  2.7088000e+003  7.1376132e+001
  2.7090000e+003  7.1011209e+001
  2.7092000e+003  7.0642828e+001
  2.7094000e+003  7.0267438e+001
  2.7096000e+003  6.9879603e+001
  2.7098000e+003  6.9471645e+001
  2.7100000e+003  6.9038033e+001
  2.7102000e+003  6.8581771e+001
  2.7104000e+003  6.8116760e+001
  2.7106000e+003  6.7663645e+001
  2.7108000e+003  6.7240595e+001
  2.7110000e+003  6.6853475e+001
  2.7112000e+003  6.6494178e+001
  2.7114000e+003  6.6145014e+001
  2.7116000e+003  6.5789628e+001
  2.7118000e+003  6.5418863e+001
  2.7120000e+003  6.5032815e+001
  2.7122000e+003  6.4636206e+001
  2.7124000e+003  6.4234828e+001
  2.7126000e+003  6.3833093e+001
  2.7128000e+003  6.3433194e+001
  2.7130000e+003  6.3035726e+001
  2.7132000e+003  6.2639713e+001
  2.7134000e+003  6.2243318e+001
  2.7136000e+003  6.1844873e+001
  2.7138000e+003  6.1443686e+001
  2.7140000e+003  6.1039972e+001
  2.7142000e+003  6.0634374e+001
  2.7144000e+003  6.0226869e+001
  2.7146000e+003  5.9816312e+001
  2.7148000e+003  5.9400868e+001
  2.7150000e+003  5.8979725e+001
  2.7152000e+003  5.8554363e+001
  2.7154000e+003  5.8128404e+001
  2.7156000e+003  5.7705593e+001
  2.7158000e+003  5.7288169e+001
  2.7160000e+003  5.6875848e+001
  2.7162000e+003  5.6467103e+001
  2.7164000e+003  5.6060862e+001
  2.7166000e+003  5.5658340e+001
  2.7168000e+003  5.5261802e+001
  2.7170000e+003  5.4871749e+001
  2.7172000e+003  5.4483366e+001
  2.7174000e+003  5.4087185e+001
  2.7176000e+003  5.3673577e+001
  2.7178000e+003  5.3239250e+001
  2.7180000e+003  5.2792191e+001
  2.7182000e+003  5.2348375e+001
  2.7184000e+003  5.1924967e+001
  2.7186000e+003  5.1530027e+001
  2.7188000e+003  5.1159191e+001
  2.7190000e+003  5.0798726e+001
  2.7192000e+003  5.0435018e+001
  2.7194000e+003  5.0061798e+001
  2.7196000e+003  4.9680900e+001
  2.7198000e+003  4.9296641e+001
  2.7200000e+003  4.8910689e+001
  2.7202000e+003  4.8518896e+001
  2.7204000e+003  4.8117184e+001
  2.7206000e+003  4.7705483e+001
  2.7208000e+003  4.7291445e+001
  2.7210000e+003  4.6886944e+001
  2.7212000e+003  4.6501541e+001
  2.7214000e+003  4.6137785e+001
  2.7216000e+003  4.5789623e+001
  2.7218000e+003  4.5446896e+001
  2.7220000e+003  4.5101404e+001
  2.7222000e+003  4.4750595e+001
  2.7224000e+003  4.4397830e+001
  2.7226000e+003  4.4047737e+001
  2.7228000e+003  4.3703866e+001
  2.7230000e+003  4.3366670e+001
  2.7232000e+003  4.3034625e+001
  2.7234000e+003  4.2705988e+001
  2.7236000e+003  4.2378902e+001
  2.7238000e+003  4.2053437e+001
  2.7240000e+003  4.1731119e+001
  2.7242000e+003  4.1414880e+001
  2.7244000e+003  4.1106915e+001
  2.7246000e+003  4.0805935e+001
  2.7248000e+003  4.0505957e+001
  2.7250000e+003  4.0196990e+001
  2.7252000e+003  3.9870405e+001
  2.7254000e+003  3.9524316e+001
  2.7256000e+003  3.9166569e+001
  2.7258000e+003  3.8811540e+001
  2.7260000e+003  3.8473606e+001
  2.7262000e+003  3.8160395e+001
  2.7264000e+003  3.7871742e+001
  2.7266000e+003  3.7601447e+001
  2.7268000e+003  3.7339878e+001
  2.7270000e+003  3.7074184e+001
  2.7272000e+003  3.6790013e+001
  2.7274000e+003  3.6474514e+001
  2.7276000e+003  3.6121821e+001
  2.7278000e+003  3.5737895e+001
  2.7280000e+003  3.5338854e+001
  2.7282000e+003  3.4945535e+001
  2.7284000e+003  3.4573316e+001
  2.7286000e+003  3.4226965e+001
  2.7288000e+003  3.3902502e+001
  2.7290000e+003  3.3592724e+001
  2.7292000e+003  3.3293437e+001
  2.7294000e+003  3.3003234e+001
  2.7296000e+003  3.2722043e+001
  2.7298000e+003  3.2449269e+001
  2.7300000e+003  3.2185411e+001
  2.7302000e+003  3.1932401e+001
  2.7304000e+003  3.1691884e+001
  2.7306000e+003  3.1462979e+001
  2.7308000e+003  3.1238102e+001
  2.7310000e+003  3.1005620e+001
  2.7312000e+003  3.0754756e+001
  2.7314000e+003  3.0484080e+001
  2.7316000e+003  3.0203270e+001
  2.7318000e+003  2.9927897e+001
  2.7320000e+003  2.9671072e+001
  2.7322000e+003  2.9433560e+001
  2.7324000e+003  2.9204440e+001
  2.7326000e+003  2.8967976e+001
  2.7328000e+003  2.8713154e+001
  2.7330000e+003  2.8441977e+001
  2.7332000e+003  2.8168225e+001
  2.7334000e+003  2.7910017e+001
  2.7336000e+003  2.7679133e+001
  2.7338000e+003  2.7472972e+001
  2.7340000e+003  2.7277207e+001
  2.7342000e+003  2.7071189e+001
  2.7344000e+003  2.6841735e+001
  2.7346000e+003  2.6587295e+001
  2.7348000e+003  2.6320099e+001
  2.7350000e+003  2.6058268e+001
  2.7352000e+003  2.5816535e+001
  2.7354000e+003  2.5600218e+001
  2.7356000e+003  2.5403594e+001
  2.7358000e+003  2.5215435e+001
  2.7360000e+003  2.5024104e+001
  2.7362000e+003  2.4822902e+001
  2.7364000e+003  2.4611425e+001
  2.7366000e+003  2.4394297e+001
  2.7368000e+003  2.4178624e+001
  2.7370000e+003  2.3971605e+001
  2.7372000e+003  2.3779463e+001
  2.7374000e+003  2.3606014e+001
  2.7376000e+003  2.3451161e+001
  2.7378000e+003  2.3309731e+001
  2.7380000e+003  2.3171114e+001
  2.7382000e+003  2.3020434e+001
  2.7384000e+003  2.2843623e+001
  2.7386000e+003  2.2634291e+001
  2.7388000e+003  2.2398066e+001
  2.7390000e+003  2.2152614e+001
  2.7392000e+003  2.1920371e+001
  2.7394000e+003  2.1718287e+001
  2.7396000e+003  2.1547913e+001
  2.7398000e+003  2.1396660e+001
  2.7400000e+003  2.1244573e+001
  2.7402000e+003  2.1077108e+001
  2.7404000e+003  2.0892167e+001
  2.7406000e+003  2.0699834e+001
  2.7408000e+003  2.0512342e+001
  2.7410000e+003  2.0333814e+001
  2.7412000e+003  2.0158123e+001
  2.7414000e+003  1.9973564e+001
  2.7416000e+003  1.9772696e+001
  2.7418000e+003  1.9558119e+001
  2.7420000e+003  1.9342160e+001
  2.7422000e+003  1.9140410e+001
  2.7424000e+003  1.8964958e+001
  2.7426000e+003  1.8819332e+001
  2.7428000e+003  1.8696689e+001
  2.7430000e+003  1.8580698e+001
  2.7432000e+003  1.8452239e+001
  2.7434000e+003  1.8295860e+001
  2.7436000e+003  1.8108868e+001
  2.7438000e+003  1.7905044e+001
  2.7440000e+003  1.7709469e+001
  2.7442000e+003  1.7545390e+001
  2.7444000e+003  1.7418003e+001
  2.7446000e+003  1.7312169e+001
  2.7448000e+003  1.7199659e+001
  2.7450000e+003  1.7059254e+001
  2.7452000e+003  1.6888427e+001
  2.7454000e+003  1.6706299e+001
  2.7456000e+003  1.6538906e+001
  2.7458000e+003  1.6403937e+001
  2.7460000e+003  1.6300678e+001
  2.7462000e+003  1.6212081e+001
  2.7464000e+003  1.6116619e+001
  2.7466000e+003  1.6001129e+001
  2.7468000e+003  1.5865540e+001
  2.7470000e+003  1.5720844e+001
  2.7472000e+003  1.5581274e+001
  2.7474000e+003  1.5456271e+001
  2.7476000e+003  1.5344572e+001
  2.7478000e+003  1.5233349e+001
  2.7480000e+003  1.5105605e+001
  2.7482000e+003  1.4946746e+001
  2.7484000e+003  1.4755082e+001
  2.7486000e+003  1.4542102e+001
  2.7488000e+003  1.4329552e+001
  2.7490000e+003  1.4140439e+001
  2.7492000e+003  1.3990998e+001
  2.7494000e+003  1.3886308e+001
  2.7496000e+003  1.3819193e+001
  2.7498000e+003  1.3776206e+001
  2.7500000e+003  1.3741874e+001
  2.7502000e+003  1.3704276e+001
  2.7504000e+003  1.3655877e+001
  2.7506000e+003  1.3592672e+001
  2.7508000e+003  1.3513469e+001
  2.7510000e+003  1.3417363e+001
  2.7512000e+003  1.3304662e+001
  2.7514000e+003  1.3178515e+001
  2.7516000e+003  1.3045239e+001
  2.7518000e+003  1.2914156e+001
  2.7520000e+003  1.2792515e+001
  2.7522000e+003  1.2683248e+001
  2.7524000e+003  1.2583589e+001
  2.7526000e+003  1.2487769e+001
  2.7528000e+003  1.2390518e+001
  2.7530000e+003  1.2289047e+001
  2.7532000e+003  1.2184810e+001
  2.7534000e+003  1.2083458e+001
  2.7536000e+003  1.1993360e+001
  2.7538000e+003  1.1921691e+001
  2.7540000e+003  1.1870861e+001
  2.7542000e+003  1.1834836e+001
  2.7544000e+003  1.1799526e+001
  2.7546000e+003  1.1747217e+001
  2.7548000e+003  1.1664867e+001
  2.7550000e+003  1.1551260e+001
  2.7552000e+003  1.1417555e+001
  2.7554000e+003  1.1279869e+001
  2.7556000e+003  1.1151647e+001
  2.7558000e+003  1.1038398e+001
  2.7560000e+003  1.0936951e+001
  2.7562000e+003  1.0841083e+001
  2.7564000e+003  1.0744571e+001
  2.7566000e+003  1.0645031e+001
  2.7568000e+003  1.0545253e+001
  2.7570000e+003  1.0452318e+001
  2.7572000e+003  1.0373592e+001
  2.7574000e+003  1.0312175e+001
  2.7576000e+003  1.0262894e+001
  2.7578000e+003  1.0213041e+001
  2.7580000e+003  1.0148954e+001
  2.7582000e+003  1.0065722e+001
  2.7584000e+003  9.9739070e+000
  2.7586000e+003  9.8939410e+000
  2.7588000e+003  9.8444700e+000
  2.7590000e+003  9.8276370e+000
  2.7592000e+003  9.8267070e+000
  2.7594000e+003  9.8130700e+000
  2.7596000e+003  9.7634070e+000
  2.7598000e+003  9.6693030e+000
  2.7600000e+003  9.5409390e+000
  2.7602000e+003  9.3966960e+000
  2.7604000e+003  9.2531910e+000
  2.7606000e+003  9.1190810e+000
  2.7608000e+003  8.9959850e+000
  2.7610000e+003  8.8845010e+000
  2.7612000e+003  8.7879410e+000
  2.7614000e+003  8.7109800e+000
  2.7616000e+003  8.6569540e+000
  2.7618000e+003  8.6238140e+000
  2.7620000e+003  8.6030000e+000
  2.7622000e+003  8.5814710e+000
  2.7624000e+003  8.5464230e+000
  2.7626000e+003  8.4904900e+000
  2.7628000e+003  8.4146260e+000
  2.7630000e+003  8.3296290e+000
  2.7632000e+003  8.2509040e+000
  2.7634000e+003  8.1928960e+000
  2.7636000e+003  8.1606860e+000
  2.7638000e+003  8.1474780e+000
  2.7640000e+003  8.1369400e+000
  2.7642000e+003  8.1118820e+000
  2.7644000e+003  8.0619810e+000
  2.7646000e+003  7.9861160e+000
  2.7648000e+003  7.8928230e+000
  2.7650000e+003  7.7945230e+000
  2.7652000e+003  7.7045910e+000
  2.7654000e+003  7.6331610e+000
  2.7656000e+003  7.5852870e+000
  2.7658000e+003  7.5595140e+000
  2.7660000e+003  7.5481170e+000
  2.7662000e+003  7.5391050e+000
  2.7664000e+003  7.5205560e+000
  2.7666000e+003  7.4860810e+000
  2.7668000e+003  7.4346060e+000
  2.7670000e+003  7.3687550e+000
  2.7672000e+003  7.2915550e+000
  2.7674000e+003  7.2057720e+000
  2.7676000e+003  7.1158640e+000
  2.7678000e+003  7.0299860e+000
  2.7680000e+003  6.9584600e+000
  2.7682000e+003  6.9083450e+000
  2.7684000e+003  6.8775890e+000
  2.7686000e+003  6.8547720e+000
  2.7688000e+003  6.8228960e+000
  2.7690000e+003  6.7699190e+000
  2.7692000e+003  6.6946020e+000
  2.7694000e+003  6.6062920e+000
  2.7696000e+003  6.5181970e+000
  2.7698000e+003  6.4393040e+000
  2.7700000e+003  6.3696140e+000
  2.7702000e+003  6.3035480e+000
  2.7704000e+003  6.2356230e+000
  2.7706000e+003  6.1647650e+000
  2.7708000e+003  6.0929770e+000
  2.7710000e+003  6.0228820e+000
  2.7712000e+003  5.9549800e+000
  2.7714000e+003  5.8887240e+000
  2.7716000e+003  5.8259480e+000
  2.7718000e+003  5.7722800e+000
  2.7720000e+003  5.7345390e+000
  2.7722000e+003  5.7173720e+000
  2.7724000e+003  5.7196370e+000
  2.7726000e+003  5.7352780e+000
  2.7728000e+003  5.7558290e+000
  2.7730000e+003  5.7726380e+000
  2.7732000e+003  5.7766910e+000
  2.7734000e+003  5.7595720e+000
  2.7736000e+003  5.7191610e+000
  2.7738000e+003  5.6635140e+000
  2.7740000e+003  5.6124920e+000
  2.7742000e+003  5.5876730e+000
  2.7744000e+003  5.5997840e+000
  2.7746000e+003  5.6396720e+000
  2.7748000e+003  5.6812280e+000
  2.7750000e+003  5.6957000e+000
  2.7752000e+003  5.6670180e+000
  2.7754000e+003  5.6012390e+000
  2.7756000e+003  5.5187940e+000
  2.7758000e+003  5.4424760e+000
  2.7760000e+003  5.3832050e+000
  2.7762000e+003  5.3394790e+000
  2.7764000e+003  5.3035730e+000
  2.7766000e+003  5.2699560e+000
  2.7768000e+003  5.2377220e+000
  2.7770000e+003  5.2087540e+000
  2.7772000e+003  5.1817410e+000
  2.7774000e+003  5.1494120e+000
  2.7776000e+003  5.0996300e+000
  2.7778000e+003  5.0230970e+000
  2.7780000e+003  4.9187420e+000
  2.7782000e+003  4.7969340e+000
  2.7784000e+003  4.6743860e+000
  2.7786000e+003  4.5680990e+000
  2.7788000e+003  4.4885630e+000
  2.7790000e+003  4.4391150e+000
  2.7792000e+003  4.4177530e+000
  2.7794000e+003  4.4197790e+000
  2.7796000e+003  4.4389960e+000
  2.7798000e+003  4.4667480e+000
  2.7800000e+003  4.4920440e+000
  2.7802000e+003  4.5052050e+000
  2.7804000e+003  4.5017950e+000
  2.7806000e+003  4.4858930e+000
  2.7808000e+003  4.4664380e+000
  2.7810000e+003  4.4495340e+000
  2.7812000e+003  4.4325590e+000
  2.7814000e+003  4.4050210e+000
  2.7816000e+003  4.3554780e+000
  2.7818000e+003  4.2812340e+000
  2.7820000e+003  4.1916840e+000
  2.7822000e+003  4.1059490e+000
  2.7824000e+003  4.0412660e+000
  2.7826000e+003  4.0048360e+000
  2.7828000e+003  3.9888380e+000
  2.7830000e+003  3.9759150e+000
  2.7832000e+003  3.9510010e+000
  2.7834000e+003  3.9114950e+000
  2.7836000e+003  3.8701050e+000
  2.7838000e+003  3.8472410e+000
  2.7840000e+003  3.8584470e+000
  2.7842000e+003  3.9008140e+000
  2.7844000e+003  3.9527410e+000
  2.7846000e+003  3.9821860e+000
  2.7848000e+003  3.9652340e+000
  2.7850000e+003  3.8964500e+000
  2.7852000e+003  3.7918090e+000
  2.7854000e+003  3.6776060e+000
  2.7856000e+003  3.5792110e+000
  2.7858000e+003  3.5125970e+000
  2.7860000e+003  3.4821270e+000
  2.7862000e+003  3.4824600e+000
  2.7864000e+003  3.5005090e+000
  2.7866000e+003  3.5204410e+000
  2.7868000e+003  3.5272350e+000
  2.7870000e+003  3.5129300e+000
  2.7872000e+003  3.4807680e+000
  2.7874000e+003  3.4441940e+000
  2.7876000e+003  3.4194700e+000
  2.7878000e+003  3.4148450e+000
  2.7880000e+003  3.4262410e+000
  2.7882000e+003  3.4385200e+000
  2.7884000e+003  3.4354440e+000
  2.7886000e+003  3.4073350e+000
  2.7888000e+003  3.3553360e+000
  2.7890000e+003  3.2873630e+000
  2.7892000e+003  3.2131910e+000
  2.7894000e+003  3.1409740e+000
  2.7896000e+003  3.0759090e+000
  2.7898000e+003  3.0234090e+000
  2.7900000e+003  2.9904600e+000
  2.7902000e+003  2.9829970e+000
  2.7904000e+003  3.0010460e+000
  2.7906000e+003  3.0348530e+000
  2.7908000e+003  3.0673020e+000
  2.7910000e+003  3.0805820e+000
  2.7912000e+003  3.0666110e+000
  2.7914000e+003  3.0294890e+000
  2.7916000e+003  2.9834030e+000
  2.7918000e+003  2.9427760e+000
  2.7920000e+003  2.9154530e+000
  2.7922000e+003  2.9010290e+000
  2.7924000e+003  2.8961650e+000
  2.7926000e+003  2.8994560e+000
  2.7928000e+003  2.9132120e+000
  2.7930000e+003  2.9374120e+000
  2.7932000e+003  2.9651400e+000
  2.7934000e+003  2.9823060e+000
  2.7936000e+003  2.9760590e+000
  2.7938000e+003  2.9423710e+000
  2.7940000e+003  2.8904190e+000
  2.7942000e+003  2.8358450e+000
  2.7944000e+003  2.7915230e+000
  2.7946000e+003  2.7591940e+000
  2.7948000e+003  2.7319190e+000
  2.7950000e+003  2.7023790e+000
  2.7952000e+003  2.6718610e+000
  2.7954000e+003  2.6526450e+000
  2.7956000e+003  2.6606790e+000
  2.7958000e+003  2.7023310e+000
  2.7960000e+003  2.7672760e+000
  2.7962000e+003  2.8314590e+000
  2.7964000e+003  2.8687470e+000
  2.7966000e+003  2.8636690e+000
  2.7968000e+003  2.8154610e+000
  2.7970000e+003  2.7355430e+000
  2.7972000e+003  2.6395080e+000
  2.7974000e+003  2.5434970e+000
  2.7976000e+003  2.4618140e+000
  2.7978000e+003  2.4067870e+000
  2.7980000e+003  2.3867840e+000
  2.7982000e+003  2.3997300e+000
  2.7984000e+003  2.4317260e+000
  2.7986000e+003  2.4603840e+000
  2.7988000e+003  2.4687050e+000
  2.7990000e+003  2.4532070e+000
  2.7992000e+003  2.4268380e+000
  2.7994000e+003  2.4085040e+000
  2.7996000e+003  2.4097440e+000
  2.7998000e+003  2.4275540e+000
  2.8000000e+003  2.4473900e+000
  2.8002000e+003  2.4527780e+000
  2.8004000e+003  2.4342530e+000
  2.8006000e+003  2.3939130e+000
  2.8008000e+003  2.3410550e+000
  2.8010000e+003  2.2866240e+000
  2.8012000e+003  2.2375340e+000
  2.8014000e+003  2.1971460e+000
  2.8016000e+003  2.1648160e+000
  2.8018000e+003  2.1355620e+000
  2.8020000e+003  2.1018980e+000
  2.8022000e+003  2.0550960e+000
  2.8024000e+003  1.9904610e+000
  2.8026000e+003  1.9119020e+000
  2.8028000e+003  1.8346540e+000
  2.8030000e+003  1.7796990e+000
  2.8032000e+003  1.7662760e+000
  2.8034000e+003  1.8002270e+000
  2.8036000e+003  1.8688910e+000
  2.8038000e+003  1.9437550e+000
  2.8040000e+003  1.9930830e+000
  2.8042000e+003  1.9986390e+000
  2.8044000e+003  1.9632330e+000
  2.8046000e+003  1.9114010e+000
  2.8048000e+003  1.8753290e+000
  2.8050000e+003  1.8795490e+000
  2.8052000e+003  1.9268750e+000
  2.8054000e+003  1.9993300e+000
  2.8056000e+003  2.0663730e+000
  2.8058000e+003  2.1023750e+000
  2.8060000e+003  2.0967480e+000
  2.8062000e+003  2.0572900e+000
  2.8064000e+003  2.0032160e+000
  2.8066000e+003  1.9530290e+000
  2.8068000e+003  1.9177670e+000
  2.8070000e+003  1.8972150e+000
  2.8072000e+003  1.8848180e+000
  2.8074000e+003  1.8734450e+000
  2.8076000e+003  1.8598310e+000
  2.8078000e+003  1.8440960e+000
  2.8080000e+003  1.8283120e+000
  2.8082000e+003  1.8131730e+000
  2.8084000e+003  1.7979140e+000
  2.8086000e+003  1.7819400e+000
  2.8088000e+003  1.7667050e+000
  2.8090000e+003  1.7565010e+000
  2.8092000e+003  1.7576930e+000
  2.8094000e+003  1.7751450e+000
  2.8096000e+003  1.8091910e+000
  2.8098000e+003  1.8537990e+000
  2.8100000e+003  1.8976920e+000
  2.8102000e+003  1.9268270e+000
  2.8104000e+003  1.9290920e+000
  2.8106000e+003  1.8997900e+000
  2.8108000e+003  1.8425940e+000
  2.8110000e+003  1.7698760e+000
  2.8112000e+003  1.6968720e+000
  2.8114000e+003  1.6366240e+000
  2.8116000e+003  1.5954250e+000
  2.8118000e+003  1.5720120e+000
  2.8120000e+003  1.5612600e+000
  2.8122000e+003  1.5595670e+000
  2.8124000e+003  1.5668390e+000
  2.8126000e+003  1.5843150e+000
  2.8128000e+003  1.6092530e+000
  2.8130000e+003  1.6313790e+000
  2.8132000e+003  1.6344300e+000
  2.8134000e+003  1.6048900e+000
  2.8136000e+003  1.5407800e+000
  2.8138000e+003  1.4549730e+000
  2.8140000e+003  1.3705250e+000
  2.8142000e+003  1.3080830e+000
  2.8144000e+003  1.2773270e+000
  2.8146000e+003  1.2735360e+000
  2.8148000e+003  1.2846700e+000
  2.8150000e+003  1.2998100e+000
  2.8152000e+003  1.3148540e+000
  2.8154000e+003  1.3308280e+000
  2.8156000e+003  1.3477800e+000
  2.8158000e+003  1.3596530e+000
  2.8160000e+003  1.3567680e+000
  2.8162000e+003  1.3321870e+000
  2.8164000e+003  1.2890570e+000
  2.8166000e+003  1.2413970e+000
  2.8168000e+003  1.2091630e+000
  2.8170000e+003  1.2065880e+000
  2.8172000e+003  1.2367720e+000
  2.8174000e+003  1.2886520e+000
  2.8176000e+003  1.3434410e+000
  2.8178000e+003  1.3834230e+000
  2.8180000e+003  1.3993260e+000
  2.8182000e+003  1.3940090e+000
  2.8184000e+003  1.3795850e+000
  2.8186000e+003  1.3713350e+000
  2.8188000e+003  1.3792750e+000
  2.8190000e+003  1.4042370e+000
  2.8192000e+003  1.4364710e+000
  2.8194000e+003  1.4614580e+000
  2.8196000e+003  1.4654870e+000
  2.8198000e+003  1.4417880e+000
  2.8200000e+003  1.3922450e+000
  2.8202000e+003  1.3255110e+000
  2.8204000e+003  1.2539140e+000
  2.8206000e+003  1.1902570e+000
  2.8208000e+003  1.1464830e+000
  2.8210000e+003  1.1312240e+000
  2.8212000e+003  1.1463160e+000
  2.8214000e+003  1.1841290e+000
  2.8216000e+003  1.2276880e+000
  2.8218000e+003  1.2582540e+000
  2.8220000e+003  1.2648820e+000
  2.8222000e+003  1.2520310e+000
  2.8224000e+003  1.2365810e+000
  2.8226000e+003  1.2388940e+000
  2.8228000e+003  1.2672180e+000
  2.8230000e+003  1.3126130e+000
  2.8232000e+003  1.3530960e+000
  2.8234000e+003  1.3684980e+000
  2.8236000e+003  1.3516420e+000
  2.8238000e+003  1.3110160e+000
  2.8240000e+003  1.2627600e+000
  2.8242000e+003  1.2205830e+000
  2.8244000e+003  1.1898510e+000
  2.8246000e+003  1.1688230e+000
  2.8248000e+003  1.1525390e+000
  2.8250000e+003  1.1358260e+000
  2.8252000e+003  1.1147020e+000
  2.8254000e+003  1.0868310e+000
  2.8256000e+003  1.0526650e+000
  2.8258000e+003  1.0190720e+000
  2.8260000e+003  9.9828200e-001
  2.8262000e+003  1.0032650e+000
  2.8264000e+003  1.0389800e+000
  2.8266000e+003  1.0975360e+000
  2.8268000e+003  1.1598340e+000
  2.8270000e+003  1.2058730e+000
  2.8272000e+003  1.2219660e+000
  2.8274000e+003  1.2062540e+000
  2.8276000e+003  1.1671300e+000
  2.8278000e+003  1.1185880e+000
  2.8280000e+003  1.0748380e+000
  2.8282000e+003  1.0452500e+000
  2.8284000e+003  1.0338540e+000
  2.8286000e+003  1.0389080e+000
  2.8288000e+003  1.0536190e+000
  2.8290000e+003  1.0667560e+000
  2.8292000e+003  1.0652300e+000
  2.8294000e+003  1.0390990e+000
  2.8296000e+003  9.8655200e-001
  2.8298000e+003  9.1862600e-001
  2.8300000e+003  8.5592200e-001
  2.8302000e+003  8.2187600e-001
  2.8304000e+003  8.3012500e-001
  2.8306000e+003  8.7699800e-001
  2.8308000e+003  9.4077500e-001
  2.8310000e+003  9.9363300e-001
  2.8312000e+003  1.0158770e+000
  2.8314000e+003  1.0039320e+000
  2.8316000e+003  9.6838400e-001
  2.8318000e+003  9.2353800e-001
  2.8320000e+003  8.7969300e-001
  2.8322000e+003  8.3987700e-001
  2.8324000e+003  8.0447100e-001
  2.8326000e+003  7.7652900e-001
  2.8328000e+003  7.6291500e-001
  2.8330000e+003  7.6980500e-001
  2.8332000e+003  7.9739000e-001
  2.8334000e+003  8.3765900e-001
  2.8336000e+003  8.7709400e-001
  2.8338000e+003  9.0458300e-001
  2.8340000e+003  9.1650400e-001
  2.8342000e+003  9.1729100e-001
  2.8344000e+003  9.1538400e-001
  2.8346000e+003  9.1614700e-001
  2.8348000e+003  9.1748200e-001
  2.8350000e+003  9.0954300e-001
  2.8352000e+003  8.7974000e-001
  2.8354000e+003  8.2108900e-001
  2.8356000e+003  7.3993200e-001
  2.8358000e+003  6.5550800e-001
  2.8360000e+003  5.9485400e-001
  2.8362000e+003  5.8188400e-001
  2.8364000e+003  6.2773200e-001
  2.8366000e+003  7.2696200e-001
  2.8368000e+003  8.5709000e-001
  2.8370000e+003  9.8843500e-001
  2.8372000e+003  1.0929340e+000
  2.8374000e+003  1.1557100e+000
  2.8376000e+003  1.1772630e+000
  2.8378000e+003  1.1696810e+000
  2.8380000e+003  1.1471740e+000
  2.8382000e+003  1.1176580e+000
  2.8384000e+003  1.0800120e+000
  2.8386000e+003  1.0294670e+000
  2.8388000e+003  9.6428300e-001
  2.8390000e+003  8.9092200e-001
  2.8392000e+003  8.2163800e-001
  2.8394000e+003  7.6773100e-001
  2.8396000e+003  7.3497200e-001
  2.8398000e+003  7.2400500e-001
  2.8400000e+003  7.3306500e-001
  2.8402000e+003  7.5793200e-001
  2.8404000e+003  7.8957000e-001
  2.8406000e+003  8.1446100e-001
  2.8408000e+003  8.1832400e-001
  2.8410000e+003  7.9374300e-001
  2.8412000e+003  7.4567700e-001
  2.8414000e+003  6.9196200e-001
  2.8416000e+003  6.5402900e-001
  2.8418000e+003  6.4797400e-001
  2.8420000e+003  6.7660800e-001
  2.8422000e+003  7.2939300e-001
  2.8424000e+003  7.8823500e-001
  2.8426000e+003  8.3415500e-001
  2.8428000e+003  8.5451600e-001
  2.8430000e+003  8.4545600e-001
  2.8432000e+003  8.1455700e-001
  2.8434000e+003  7.7760200e-001
  2.8436000e+003  7.5161400e-001
  2.8438000e+003  7.4677400e-001
  2.8440000e+003  7.6265300e-001
  2.8442000e+003  7.9064300e-001
  2.8444000e+003  8.1930100e-001
  2.8446000e+003  8.4123600e-001
  2.8448000e+003  8.5401500e-001
  2.8450000e+003  8.5880700e-001
  2.8452000e+003  8.5628000e-001
  2.8454000e+003  8.4412000e-001
  2.8456000e+003  8.1570100e-001
  2.8458000e+003  7.6451300e-001
  2.8460000e+003  6.8809900e-001
  2.8462000e+003  5.9220700e-001
  2.8464000e+003  4.9073600e-001
  2.8466000e+003  4.0457200e-001
  2.8468000e+003  3.5305000e-001
  2.8470000e+003  3.4623100e-001
  2.8472000e+003  3.7996700e-001
  2.8474000e+003  4.3652000e-001
  2.8476000e+003  4.9309700e-001
  2.8478000e+003  5.3050500e-001
  2.8480000e+003  5.4175800e-001
  2.8482000e+003  5.3191100e-001
  2.8484000e+003  5.1617600e-001
  2.8486000e+003  5.1062100e-001
  2.8488000e+003  5.2406700e-001
  2.8490000e+003  5.5246300e-001
  2.8492000e+003  5.8176500e-001
  2.8494000e+003  5.9623700e-001
  2.8496000e+003  5.8867900e-001
  2.8498000e+003  5.6552800e-001
  2.8500000e+003  5.4221100e-001
  2.8502000e+003  5.3510600e-001
  2.8504000e+003  5.5041300e-001
  2.8506000e+003  5.8376700e-001
  2.8508000e+003  6.2313000e-001
  2.8510000e+003  6.5693800e-001
  2.8512000e+003  6.7732300e-001
  2.8514000e+003  6.7899200e-001
  2.8516000e+003  6.5739100e-001
  2.8518000e+003  6.1109000e-001
  2.8520000e+003  5.4652600e-001
  2.8522000e+003  4.7855300e-001
  2.8524000e+003  4.2748400e-001
  2.8526000e+003  4.0924500e-001
  2.8528000e+003  4.2796100e-001
  2.8530000e+003  4.7461900e-001
  2.8532000e+003  5.3124400e-001
  2.8534000e+003  5.8059600e-001
  2.8536000e+003  6.1235400e-001
  2.8538000e+003  6.2615800e-001
  2.8540000e+003  6.2968700e-001
  2.8542000e+003  6.3469400e-001
  2.8544000e+003  6.5138300e-001
  2.8546000e+003  6.8392700e-001
  2.8548000e+003  7.2607900e-001
  2.8550000e+003  7.6208100e-001
  2.8552000e+003  7.7335800e-001
  2.8554000e+003  7.4679800e-001
  2.8556000e+003  6.8380800e-001
  2.8558000e+003  5.9993200e-001
  2.8560000e+003  5.2042000e-001
  2.8562000e+003  4.6746700e-001
  2.8564000e+003  4.5266100e-001
  2.8566000e+003  4.7535800e-001
  2.8568000e+003  5.2671400e-001
  2.8570000e+003  5.9578400e-001
  2.8572000e+003  6.7398500e-001
  2.8574000e+003  7.5454700e-001
  2.8576000e+003  8.3169900e-001
  2.8578000e+003  8.9919500e-001
  2.8580000e+003  9.4966800e-001
  2.8582000e+003  9.7556100e-001
  2.8584000e+003  9.7112600e-001
  2.8586000e+003  9.3548200e-001
  2.8588000e+003  8.7378000e-001
  2.8590000e+003  7.9836800e-001
  2.8592000e+003  7.2419600e-001
  2.8594000e+003  6.6354200e-001
  2.8596000e+003  6.1922000e-001
  2.8598000e+003  5.8352900e-001
  2.8600000e+003  5.4194900e-001
  2.8602000e+003  4.8339300e-001
  2.8604000e+003  4.0862500e-001
  2.8606000e+003  3.3154400e-001
  2.8608000e+003  2.7365600e-001
  2.8610000e+003  2.5248500e-001
  2.8612000e+003  2.7296500e-001
  2.8614000e+003  3.2360500e-001
  2.8616000e+003  3.8397300e-001
  2.8618000e+003  4.3256200e-001
  2.8620000e+003  4.5821600e-001
  2.8622000e+003  4.6160200e-001
  2.8624000e+003  4.5216000e-001
  2.8626000e+003  4.4097900e-001
  2.8628000e+003  4.3454100e-001
  2.8630000e+003  4.3292000e-001
  2.8632000e+003  4.3463700e-001
  2.8634000e+003  4.4143100e-001
  2.8636000e+003  4.6062400e-001
  2.8638000e+003  5.0075000e-001
  2.8640000e+003  5.6371600e-001
  2.8642000e+003  6.4017700e-001
  2.8644000e+003  7.1094000e-001
  2.8646000e+003  7.5623900e-001
  2.8648000e+003  7.6327300e-001
  2.8650000e+003  7.3180100e-001
  2.8652000e+003  6.7241100e-001
  2.8654000e+003  6.0262600e-001
  2.8656000e+003  5.3970800e-001
  2.8658000e+003  4.9803200e-001
  2.8660000e+003  4.8620700e-001
  2.8662000e+003  5.0327700e-001
  2.8664000e+003  5.3753800e-001
  2.8666000e+003  5.6893800e-001
  2.8668000e+003  5.7907100e-001
  2.8670000e+003  5.5947300e-001
  2.8672000e+003  5.1815500e-001
  2.8674000e+003  4.7476200e-001
  2.8676000e+003  4.5015800e-001
  2.8678000e+003  4.5497400e-001
  2.8680000e+003  4.8277300e-001
  2.8682000e+003  5.1386300e-001
  2.8684000e+003  5.2411500e-001
  2.8686000e+003  4.9936700e-001
  2.8688000e+003  4.4198000e-001
  2.8690000e+003  3.7186100e-001
  2.8692000e+003  3.1602300e-001
  2.8694000e+003  2.9804700e-001
  2.8696000e+003  3.2496400e-001
  2.8698000e+003  3.8444900e-001
  2.8700000e+003  4.5077800e-001
  2.8702000e+003  4.9841400e-001
  2.8704000e+003  5.1429200e-001
  2.8706000e+003  5.0108400e-001
  2.8708000e+003  4.7304600e-001
  2.8710000e+003  4.4593800e-001
  2.8712000e+003  4.3070300e-001
  2.8714000e+003  4.3008300e-001
  2.8716000e+003  4.4183700e-001
  2.8718000e+003  4.6195900e-001
  2.8720000e+003  4.8737500e-001
  2.8722000e+003  5.1555600e-001
  2.8724000e+003  5.4268800e-001
  2.8726000e+003  5.6450300e-001
  2.8728000e+003  5.7730600e-001
  2.8730000e+003  5.7873700e-001
  2.8732000e+003  5.7032100e-001
  2.8734000e+003  5.5837600e-001
  2.8736000e+003  5.5267800e-001
  2.8738000e+003  5.6164200e-001
  2.8740000e+003  5.8717700e-001
  2.8742000e+003  6.1891000e-001
  2.8744000e+003  6.3750700e-001
  2.8746000e+003  6.2351200e-001
  2.8748000e+003  5.6905700e-001
  2.8750000e+003  4.8508600e-001
  2.8752000e+003  3.9589400e-001
  2.8754000e+003  3.2694300e-001
  2.8756000e+003  2.8927300e-001
  2.8758000e+003  2.7813900e-001
  2.8760000e+003  2.8173900e-001
  2.8762000e+003  2.9416000e-001
  2.8764000e+003  3.2041000e-001
  2.8766000e+003  3.6957200e-001
  2.8768000e+003  4.4090700e-001
  2.8770000e+003  5.1784500e-001
  2.8772000e+003  5.7251400e-001
  2.8774000e+003  5.8357700e-001
  2.8776000e+003  5.4860100e-001
  2.8778000e+003  4.8713600e-001
  2.8780000e+003  4.2550500e-001
  2.8782000e+003  3.8354300e-001
  2.8784000e+003  3.6289600e-001
  2.8786000e+003  3.5257300e-001
  2.8788000e+003  3.3686100e-001
  2.8790000e+003  3.0605700e-001
  2.8792000e+003  2.6035300e-001
  2.8794000e+003  2.0759100e-001
  2.8796000e+003  1.5778500e-001
  2.8798000e+003  1.1842200e-001
  2.8800000e+003  9.2959000e-002
  2.8802000e+003  8.1586000e-002
  2.8804000e+003  8.3923000e-002
  2.8806000e+003  1.0015900e-001
  2.8808000e+003  1.3146400e-001
  2.8810000e+003  1.7819400e-001
  2.8812000e+003  2.3813200e-001
  2.8814000e+003  3.0512800e-001
  2.8816000e+003  3.7024000e-001
  2.8818000e+003  4.2426500e-001
  2.8820000e+003  4.6238800e-001
  2.8822000e+003  4.8286900e-001
  2.8824000e+003  4.8604000e-001
  2.8826000e+003  4.7230700e-001
  2.8828000e+003  4.4183700e-001
  2.8830000e+003  3.9722900e-001
  2.8832000e+003  3.4520600e-001
  2.8834000e+003  2.9692600e-001
  2.8836000e+003  2.6593200e-001
  2.8838000e+003  2.6166400e-001
  2.8840000e+003  2.8519600e-001
  2.8842000e+003  3.2703800e-001
  2.8844000e+003  3.7174200e-001
  2.8846000e+003  4.0581200e-001
  2.8848000e+003  4.2412200e-001
  2.8850000e+003  4.2998700e-001
  2.8852000e+003  4.3129900e-001
  2.8854000e+003  4.3361100e-001
  2.8856000e+003  4.3795100e-001
  2.8858000e+003  4.4262400e-001
  2.8860000e+003  4.4667700e-001
  2.8862000e+003  4.5154000e-001
  2.8864000e+003  4.5969400e-001
  2.8866000e+003  4.7068500e-001
  2.8868000e+003  4.8086600e-001
  2.8870000e+003  4.8515700e-001
  2.8872000e+003  4.8117600e-001
  2.8874000e+003  4.6920700e-001
  2.8876000e+003  4.4846500e-001
  2.8878000e+003  4.1534900e-001
  2.8880000e+003  3.6561400e-001
  2.8882000e+003  2.9952500e-001
  2.8884000e+003  2.2716500e-001
  2.8886000e+003  1.6686900e-001
  2.8888000e+003  1.3880700e-001
  2.8890000e+003  1.5511500e-001
  2.8892000e+003  2.1481500e-001
  2.8894000e+003  3.0314900e-001
  2.8896000e+003  3.9820600e-001
  2.8898000e+003  4.7848200e-001
  2.8900000e+003  5.2955100e-001
  2.8902000e+003  5.4845800e-001
  2.8904000e+003  5.4411800e-001
  2.8906000e+003  5.3501100e-001
  2.8908000e+003  5.3853900e-001
  2.8910000e+003  5.6276300e-001
  2.8912000e+003  6.0086200e-001
  2.8914000e+003  6.3405000e-001
  2.8916000e+003  6.4282400e-001
  2.8918000e+003  6.1724100e-001
  2.8920000e+003  5.6276300e-001
  2.8922000e+003  4.9633900e-001
  2.8924000e+003  4.3585300e-001
  2.8926000e+003  3.9086300e-001
  2.8928000e+003  3.6046500e-001
  2.8930000e+003  3.3574100e-001
  2.8932000e+003  3.0770300e-001
  2.8934000e+003  2.7189200e-001
  2.8936000e+003  2.2904800e-001
  2.8938000e+003  1.8548900e-001
  2.8940000e+003  1.5032200e-001
  2.8942000e+003  1.3349000e-001
  2.8944000e+003  1.4326500e-001
  2.8946000e+003  1.8362900e-001
  2.8948000e+003  2.5315200e-001
  2.8950000e+003  3.4506300e-001
  2.8952000e+003  4.4910900e-001
  2.8954000e+003  5.5444200e-001
  2.8956000e+003  6.5066800e-001
  2.8958000e+003  7.2705700e-001
  2.8960000e+003  7.7371500e-001
  2.8962000e+003  7.8251300e-001
  2.8964000e+003  7.5206700e-001
  2.8966000e+003  6.9139000e-001
  2.8968000e+003  6.1752700e-001
  2.8970000e+003  5.5196200e-001
  2.8972000e+003  5.0942800e-001
  2.8974000e+003  4.9269100e-001
  2.8976000e+003  4.9097500e-001
  2.8978000e+003  4.8727900e-001
  2.8980000e+003  4.6861100e-001
  2.8982000e+003  4.3363500e-001
  2.8984000e+003  3.9279400e-001
  2.8986000e+003  3.6168000e-001
  2.8988000e+003  3.5188100e-001
  2.8990000e+003  3.6363600e-001
  2.8992000e+003  3.8845500e-001
  2.8994000e+003  4.1334600e-001
  2.8996000e+003  4.3053600e-001
  2.8998000e+003  4.3945300e-001
  2.9000000e+003  4.4510300e-001
