2400	0.00E+00
2400.2	1.21E-01
2400.4	1.21E-01
2400.6	1.28E-01
2400.8	1.21E-01
2401	9.61E-02
2401.2	6.96E-02
2401.4	6.44E-02
2401.6	8.86E-02
2401.8	1.28E-01
2402	1.61E-01
2402.2	1.78E-01
2402.4	1.94E-01
2402.6	2.38E-01
2402.8	3.21E-01
2403	4.25E-01
2403.2	5.09E-01
2403.4	5.41E-01
2403.6	5.12E-01
2403.8	4.37E-01
2404	3.37E-01
2404.2	2.28E-01
2404.4	1.21E-01
2404.6	3.09E-02
2404.8	-2.09E-02
2405	-1.41E-02
2405.2	5.80E-02
2405.4	1.80E-01
2405.6	3.16E-01
2405.8	4.18E-01
2406	4.52E-01
2406.2	4.11E-01
2406.4	3.14E-01
2406.6	1.89E-01
2406.8	6.66E-02
2407	-3.19E-02
2407.2	-8.57E-02
2407.4	-7.76E-02
2407.6	-5.89E-03
2407.8	1.10E-01
2408	2.35E-01
2408.2	3.42E-01
2408.4	4.20E-01
2408.6	4.71E-01
2408.8	4.96E-01
2409	4.94E-01
2409.2	4.62E-01
2409.4	4.07E-01
2409.6	3.46E-01
2409.8	2.95E-01
2410	2.70E-01
2410.2	2.76E-01
2410.4	3.04E-01
2410.6	3.41E-01
2410.8	3.72E-01
2411	3.85E-01
2411.2	3.75E-01
2411.4	3.49E-01
2411.6	3.28E-01
2411.8	3.33E-01
2412	3.67E-01
2412.2	4.13E-01
2412.4	4.54E-01
2412.6	4.83E-01
2412.8	5.07E-01
2413	5.26E-01
2413.2	5.28E-01
2413.4	4.98E-01
2413.6	4.38E-01
2413.8	3.76E-01
2414	3.39E-01
2414.2	3.40E-01
2414.4	3.58E-01
2414.6	3.60E-01
2414.8	3.19E-01
2415	2.41E-01
2415.2	1.57E-01
2415.4	1.07E-01
2415.6	1.04E-01
2415.8	1.34E-01
2416	1.65E-01
2416.2	1.76E-01
2416.4	1.77E-01
2416.6	1.94E-01
2416.8	2.41E-01
2417	3.04E-01
2417.2	3.46E-01
2417.4	3.35E-01
2417.6	2.71E-01
2417.8	1.91E-01
2418	1.45E-01
2418.2	1.57E-01
2418.4	2.21E-01
2418.6	3.00E-01
2418.8	3.65E-01
2419	4.05E-01
2419.2	4.23E-01
2419.4	4.22E-01
2419.6	3.98E-01
2419.8	3.48E-01
2420	2.85E-01
2420.2	2.39E-01
2420.4	2.38E-01
2420.6	2.87E-01
2420.8	3.63E-01
2421	4.22E-01
2421.2	4.28E-01
2421.4	3.71E-01
2421.6	2.76E-01
2421.8	1.88E-01
2422	1.37E-01
2422.2	1.18E-01
2422.4	1.06E-01
2422.6	8.19E-02
2422.8	5.64E-02
2423	4.86E-02
2423.2	6.41E-02
2423.4	8.85E-02
2423.6	1.08E-01
2423.8	1.29E-01
2424	1.67E-01
2424.2	2.33E-01
2424.4	3.14E-01
2424.6	3.83E-01
2424.8	4.15E-01
2425	4.05E-01
2425.2	3.70E-01
2425.4	3.27E-01
2425.6	2.72E-01
2425.8	1.98E-01
2426	1.11E-01
2426.2	4.57E-02
2426.4	2.62E-02
2426.6	4.44E-02
2426.8	7.11E-02
2427	9.61E-02
2427.2	1.41E-01
2427.4	2.32E-01
2427.6	3.54E-01
2427.8	4.61E-01
2428	5.06E-01
2428.2	4.76E-01
2428.4	3.92E-01
2428.6	2.88E-01
2428.8	1.98E-01
2429	1.50E-01
2429.2	1.61E-01
2429.4	2.26E-01
2429.6	3.25E-01
2429.8	4.20E-01
2430	4.77E-01
2430.2	4.75E-01
2430.4	4.25E-01
2430.6	3.55E-01
2430.8	2.94E-01
2431	2.51E-01
2431.2	2.19E-01
2431.4	1.83E-01
2431.6	1.40E-01
2431.8	9.60E-02
2432	6.60E-02
2432.2	7.30E-02
2432.4	1.39E-01
2432.6	2.61E-01
2432.8	3.98E-01
2433	4.91E-01
2433.2	5.09E-01
2433.4	4.74E-01
2433.6	4.36E-01
2433.8	4.29E-01
2434	4.51E-01
2434.2	4.77E-01
2434.4	4.93E-01
2434.6	4.92E-01
2434.8	4.73E-01
2435	4.28E-01
2435.2	3.58E-01
2435.4	2.75E-01
2435.6	2.05E-01
2435.8	1.72E-01
2436	1.82E-01
2436.2	2.17E-01
2436.4	2.48E-01
2436.6	2.61E-01
2436.8	2.66E-01
2437	2.86E-01
2437.2	3.40E-01
2437.4	4.24E-01
2437.6	5.16E-01
2437.8	5.90E-01
2438	6.31E-01
2438.2	6.28E-01
2438.4	5.81E-01
2438.6	4.95E-01
2438.8	3.82E-01
2439	2.68E-01
2439.2	1.86E-01
2439.4	1.63E-01
2439.6	2.11E-01
2439.8	3.16E-01
2440	4.49E-01
2440.2	5.73E-01
2440.4	6.60E-01
2440.6	6.96E-01
2440.8	6.84E-01
2441	6.41E-01
2441.2	5.88E-01
2441.4	5.41E-01
2441.6	5.07E-01
2441.8	4.77E-01
2442	4.39E-01
2442.2	3.88E-01
2442.4	3.34E-01
2442.6	2.94E-01
2442.8	2.71E-01
2443	2.48E-01
2443.2	2.02E-01
2443.4	1.35E-01
2443.6	7.68E-02
2443.8	6.89E-02
2444	1.26E-01
2444.2	2.38E-01
2444.4	3.78E-01
2444.6	5.24E-01
2444.8	6.59E-01
2445	7.65E-01
2445.2	8.22E-01
2445.4	8.15E-01
2445.6	7.48E-01
2445.8	6.38E-01
2446	5.19E-01
2446.2	4.22E-01
2446.4	3.65E-01
2446.6	3.52E-01
2446.8	3.74E-01
2447	4.17E-01
2447.2	4.62E-01
2447.4	4.91E-01
2447.6	4.90E-01
2447.8	4.58E-01
2448	4.07E-01
2448.2	3.52E-01
2448.4	3.10E-01
2448.6	2.96E-01
2448.8	3.19E-01
2449	3.84E-01
2449.2	4.84E-01
2449.4	6.02E-01
2449.6	7.09E-01
2449.8	7.78E-01
2450	7.87E-01
2450.2	7.34E-01
2450.4	6.39E-01
2450.6	5.43E-01
2450.8	4.89E-01
2451	4.93E-01
2451.2	5.37E-01
2451.4	5.72E-01
2451.6	5.59E-01
2451.8	4.81E-01
2452	3.60E-01
2452.2	2.31E-01
2452.4	1.25E-01
2452.6	4.67E-02
2452.8	-6.70E-03
2453	-3.24E-02
2453.2	-1.28E-02
2453.4	6.74E-02
2453.6	2.02E-01
2453.8	3.61E-01
2454	5.05E-01
2454.2	6.08E-01
2454.4	6.58E-01
2454.6	6.53E-01
2454.8	5.99E-01
2455	5.12E-01
2455.2	4.12E-01
2455.4	3.28E-01
2455.6	2.74E-01
2455.8	2.47E-01
2456	2.30E-01
2456.2	2.11E-01
2456.4	1.97E-01
2456.6	2.18E-01
2456.8	2.91E-01
2457	4.05E-01
2457.2	5.26E-01
2457.4	6.30E-01
2457.6	7.11E-01
2457.8	7.72E-01
2458	8.01E-01
2458.2	7.71E-01
2458.4	6.64E-01
2458.6	4.95E-01
2458.8	3.11E-01
2459	1.75E-01
2459.2	1.21E-01
2459.4	1.44E-01
2459.6	2.07E-01
2459.8	2.73E-01
2460	3.23E-01
2460.2	3.57E-01
2460.4	3.80E-01
2460.6	3.96E-01
2460.8	4.16E-01
2461	4.52E-01
2461.2	5.10E-01
2461.4	5.76E-01
2461.6	6.24E-01
2461.8	6.32E-01
2462	6.01E-01
2462.2	5.56E-01
2462.4	5.34E-01
2462.6	5.50E-01
2462.8	5.96E-01
2463	6.42E-01
2463.2	6.62E-01
2463.4	6.54E-01
2463.6	6.36E-01
2463.8	6.27E-01
2464	6.36E-01
2464.2	6.54E-01
2464.4	6.64E-01
2464.6	6.54E-01
2464.8	6.26E-01
2465	5.89E-01
2465.2	5.51E-01
2465.4	5.16E-01
2465.6	4.86E-01
2465.8	4.70E-01
2466	4.75E-01
2466.2	5.03E-01
2466.4	5.42E-01
2466.6	5.65E-01
2466.8	5.47E-01
2467	4.84E-01
2467.2	3.98E-01
2467.4	3.20E-01
2467.6	2.75E-01
2467.8	2.69E-01
2468	3.01E-01
2468.2	3.67E-01
2468.4	4.62E-01
2468.6	5.73E-01
2468.8	6.83E-01
2469	7.77E-01
2469.2	8.45E-01
2469.4	8.83E-01
2469.6	8.86E-01
2469.8	8.47E-01
2470	7.67E-01
2470.2	6.62E-01
2470.4	5.68E-01
2470.6	5.24E-01
2470.8	5.42E-01
2471	6.01E-01
2471.2	6.57E-01
2471.4	6.83E-01
2471.6	6.76E-01
2471.8	6.58E-01
2472	6.43E-01
2472.2	6.34E-01
2472.4	6.28E-01
2472.6	6.28E-01
2472.8	6.46E-01
2473	6.97E-01
2473.2	7.78E-01
2473.4	8.67E-01
2473.6	9.25E-01
2473.8	9.20E-01
2474	8.49E-01
2474.2	7.40E-01
2474.4	6.35E-01
2474.6	5.67E-01
2474.8	5.42E-01
2475	5.45E-01
2475.2	5.61E-01
2475.4	5.86E-01
2475.6	6.21E-01
2475.8	6.69E-01
2476	7.17E-01
2476.2	7.51E-01
2476.4	7.65E-01
2476.6	7.64E-01
2476.8	7.62E-01
2477	7.61E-01
2477.2	7.49E-01
2477.4	7.16E-01
2477.6	6.74E-01
2477.8	6.61E-01
2478	7.12E-01
2478.2	8.30E-01
2478.4	9.70E-01
2478.6	1.07E+00
2478.8	1.10E+00
2479	1.08E+00
2479.2	1.04E+00
2479.4	1.02E+00
2479.6	1.03E+00
2479.8	1.04E+00
2480	9.96E-01
2480.2	9.02E-01
2480.4	7.91E-01
2480.6	7.13E-01
2480.8	6.86E-01
2481	6.87E-01
2481.2	6.64E-01
2481.4	5.89E-01
2481.6	4.80E-01
2481.8	3.89E-01
2482	3.57E-01
2482.2	3.89E-01
2482.4	4.57E-01
2482.6	5.33E-01
2482.8	6.08E-01
2483	6.93E-01
2483.2	8.00E-01
2483.4	9.29E-01
2483.6	1.06E+00
2483.8	1.17E+00
2484	1.23E+00
2484.2	1.21E+00
2484.4	1.13E+00
2484.6	9.89E-01
2484.8	8.41E-01
2485	7.40E-01
2485.2	7.23E-01
2485.4	7.76E-01
2485.6	8.53E-01
2485.8	9.08E-01
2486	9.39E-01
2486.2	9.68E-01
2486.4	1.01E+00
2486.6	1.06E+00
2486.8	1.08E+00
2487	1.07E+00
2487.2	1.04E+00
2487.4	9.82E-01
2487.6	9.34E-01
2487.8	9.06E-01
2488	9.05E-01
2488.2	9.34E-01
2488.4	9.83E-01
2488.6	1.04E+00
2488.8	1.07E+00
2489	1.07E+00
2489.2	1.04E+00
2489.4	1.00E+00
2489.6	9.91E-01
2489.8	9.91E-01
2490	9.90E-01
2490.2	9.90E-01
2490.4	1.01E+00
2490.6	1.06E+00
2490.8	1.13E+00
2491	1.16E+00
2491.2	1.12E+00
2491.4	9.92E-01
2491.6	8.28E-01
2491.8	6.85E-01
2492	6.07E-01
2492.2	6.09E-01
2492.4	6.80E-01
2492.6	7.97E-01
2492.8	9.31E-01
2493	1.05E+00
2493.2	1.12E+00
2493.4	1.13E+00
2493.6	1.07E+00
2493.8	1.01E+00
2494	9.97E-01
2494.2	1.04E+00
2494.4	1.13E+00
2494.6	1.19E+00
2494.8	1.21E+00
2495	1.17E+00
2495.2	1.11E+00
2495.4	1.10E+00
2495.6	1.13E+00
2495.8	1.19E+00
2496	1.24E+00
2496.2	1.24E+00
2496.4	1.18E+00
2496.6	1.07E+00
2496.8	9.48E-01
2497	8.25E-01
2497.2	7.29E-01
2497.4	6.90E-01
2497.6	7.36E-01
2497.8	8.66E-01
2498	1.04E+00
2498.2	1.19E+00
2498.4	1.26E+00
2498.6	1.21E+00
2498.8	1.08E+00
2499	9.13E-01
2499.2	7.82E-01
2499.4	7.27E-01
2499.6	7.57E-01
2499.8	8.60E-01
2500	1.01E+00
2500.2	1.17E+00
2500.4	1.30E+00
2500.6	1.37E+00
2500.8	1.37E+00
2501	1.33E+00
2501.2	1.27E+00
2501.4	1.21E+00
2501.6	1.13E+00
2501.8	1.06E+00
2502	1.01E+00
2502.2	1.00E+00
2502.4	1.04E+00
2502.6	1.08E+00
2502.8	1.10E+00
2503	1.10E+00
2503.2	1.10E+00
2503.4	1.13E+00
2503.6	1.20E+00
2503.8	1.28E+00
2504	1.35E+00
2504.2	1.36E+00
2504.4	1.33E+00
2504.6	1.27E+00
2504.8	1.21E+00
2505	1.15E+00
2505.2	1.12E+00
2505.4	1.12E+00
2505.6	1.18E+00
2505.8	1.26E+00
2506	1.35E+00
2506.2	1.43E+00
2506.4	1.49E+00
2506.6	1.52E+00
2506.8	1.52E+00
2507	1.51E+00
2507.2	1.50E+00
2507.4	1.52E+00
2507.6	1.56E+00
2507.8	1.58E+00
2508	1.57E+00
2508.2	1.54E+00
2508.4	1.52E+00
2508.6	1.51E+00
2508.8	1.51E+00
2509	1.52E+00
2509.2	1.54E+00
2509.4	1.59E+00
2509.6	1.66E+00
2509.8	1.74E+00
2510	1.80E+00
2510.2	1.81E+00
2510.4	1.78E+00
2510.6	1.74E+00
2510.8	1.71E+00
2511	1.70E+00
2511.2	1.67E+00
2511.4	1.61E+00
2511.6	1.51E+00
2511.8	1.40E+00
2512	1.30E+00
2512.2	1.26E+00
2512.4	1.30E+00
2512.6	1.41E+00
2512.8	1.57E+00
2513	1.70E+00
2513.2	1.78E+00
2513.4	1.78E+00
2513.6	1.71E+00
2513.8	1.61E+00
2514	1.53E+00
2514.2	1.50E+00
2514.4	1.57E+00
2514.6	1.72E+00
2514.8	1.89E+00
2515	2.00E+00
2515.2	1.98E+00
2515.4	1.87E+00
2515.6	1.76E+00
2515.8	1.71E+00
2516	1.75E+00
2516.2	1.81E+00
2516.4	1.86E+00
2516.6	1.88E+00
2516.8	1.87E+00
2517	1.87E+00
2517.2	1.89E+00
2517.4	1.95E+00
2517.6	2.02E+00
2517.8	2.07E+00
2518	2.08E+00
2518.2	2.05E+00
2518.4	2.01E+00
2518.6	1.98E+00
2518.8	1.98E+00
2519	2.00E+00
2519.2	2.00E+00
2519.4	1.94E+00
2519.6	1.82E+00
2519.8	1.69E+00
2520	1.61E+00
2520.2	1.59E+00
2520.4	1.64E+00
2520.6	1.71E+00
2520.8	1.81E+00
2521	1.90E+00
2521.2	1.96E+00
2521.4	1.99E+00
2521.6	1.99E+00
2521.8	2.01E+00
2522	2.06E+00
2522.2	2.13E+00
2522.4	2.19E+00
2522.6	2.21E+00
2522.8	2.19E+00
2523	2.13E+00
2523.2	2.09E+00
2523.4	2.07E+00
2523.6	2.09E+00
2523.8	2.14E+00
2524	2.22E+00
2524.2	2.31E+00
2524.4	2.42E+00
2524.6	2.48E+00
2524.8	2.49E+00
2525	2.44E+00
2525.2	2.36E+00
2525.4	2.30E+00
2525.6	2.28E+00
2525.8	2.29E+00
2526	2.33E+00
2526.2	2.38E+00
2526.4	2.44E+00
2526.6	2.50E+00
2526.8	2.55E+00
2527	2.58E+00
2527.2	2.60E+00
2527.4	2.61E+00
2527.6	2.62E+00
2527.8	2.66E+00
2528	2.76E+00
2528.2	2.90E+00
2528.4	3.04E+00
2528.6	3.12E+00
2528.8	3.09E+00
2529	2.95E+00
2529.2	2.75E+00
2529.4	2.57E+00
2529.6	2.44E+00
2529.8	2.38E+00
2530	2.35E+00
2530.2	2.31E+00
2530.4	2.29E+00
2530.6	2.30E+00
2530.8	2.36E+00
2531	2.45E+00
2531.2	2.56E+00
2531.4	2.69E+00
2531.6	2.83E+00
2531.8	2.95E+00
2532	3.01E+00
2532.2	3.00E+00
2532.4	2.92E+00
2532.6	2.82E+00
2532.8	2.71E+00
2533	2.61E+00
2533.2	2.54E+00
2533.4	2.51E+00
2533.6	2.52E+00
2533.8	2.59E+00
2534	2.67E+00
2534.2	2.74E+00
2534.4	2.79E+00
2534.6	2.83E+00
2534.8	2.89E+00
2535	3.00E+00
2535.2	3.14E+00
2535.4	3.27E+00
2535.6	3.33E+00
2535.8	3.32E+00
2536	3.26E+00
2536.2	3.18E+00
2536.4	3.12E+00
2536.6	3.12E+00
2536.8	3.19E+00
2537	3.28E+00
2537.2	3.34E+00
2537.4	3.33E+00
2537.6	3.26E+00
2537.8	3.17E+00
2538	3.08E+00
2538.2	3.02E+00
2538.4	2.99E+00
2538.6	2.99E+00
2538.8	3.03E+00
2539	3.10E+00
2539.2	3.18E+00
2539.4	3.27E+00
2539.6	3.35E+00
2539.8	3.42E+00
2540	3.50E+00
2540.2	3.58E+00
2540.4	3.64E+00
2540.6	3.69E+00
2540.8	3.72E+00
2541	3.77E+00
2541.2	3.84E+00
2541.4	3.96E+00
2541.6	4.09E+00
2541.8	4.18E+00
2542	4.18E+00
2542.2	4.07E+00
2542.4	3.90E+00
2542.6	3.74E+00
2542.8	3.64E+00
2543	3.60E+00
2543.2	3.60E+00
2543.4	3.63E+00
2543.6	3.67E+00
2543.8	3.75E+00
2544	3.87E+00
2544.2	4.01E+00
2544.4	4.13E+00
2544.6	4.19E+00
2544.8	4.18E+00
2545	4.11E+00
2545.2	4.03E+00
2545.4	3.96E+00
2545.6	3.92E+00
2545.8	3.92E+00
2546	3.95E+00
2546.2	4.00E+00
2546.4	4.06E+00
2546.6	4.12E+00
2546.8	4.20E+00
2547	4.31E+00
2547.2	4.40E+00
2547.4	4.46E+00
2547.6	4.43E+00
2547.8	4.34E+00
2548	4.22E+00
2548.2	4.13E+00
2548.4	4.11E+00
2548.6	4.16E+00
2548.8	4.27E+00
2549	4.38E+00
2549.2	4.49E+00
2549.4	4.59E+00
2549.6	4.68E+00
2549.8	4.76E+00
2550	4.82E+00
2550.2	4.84E+00
2550.4	4.82E+00
2550.6	4.78E+00
2550.8	4.75E+00
2551	4.77E+00
2551.2	4.83E+00
2551.4	4.92E+00
2551.6	5.00E+00
2551.8	5.05E+00
2552	5.04E+00
2552.2	4.98E+00
2552.4	4.90E+00
2552.6	4.86E+00
2552.8	4.91E+00
2553	5.04E+00
2553.2	5.22E+00
2553.4	5.38E+00
2553.6	5.47E+00
2553.8	5.49E+00
2554	5.47E+00
2554.2	5.42E+00
2554.4	5.38E+00
2554.6	5.34E+00
2554.8	5.34E+00
2555	5.40E+00
2555.2	5.50E+00
2555.4	5.63E+00
2555.6	5.73E+00
2555.8	5.77E+00
2556	5.75E+00
2556.2	5.74E+00
2556.4	5.76E+00
2556.6	5.83E+00
2556.8	5.96E+00
2557	6.10E+00
2557.2	6.22E+00
2557.4	6.27E+00
2557.6	6.24E+00
2557.8	6.14E+00
2558	6.04E+00
2558.2	5.99E+00
2558.4	6.04E+00
2558.6	6.16E+00
2558.8	6.31E+00
2559	6.46E+00
2559.2	6.55E+00
2559.4	6.57E+00
2559.6	6.51E+00
2559.8	6.38E+00
2560	6.19E+00
2560.2	6.02E+00
2560.4	5.91E+00
2560.6	5.91E+00
2560.8	6.01E+00
2561	6.18E+00
2561.2	6.36E+00
2561.4	6.50E+00
2561.6	6.59E+00
2561.8	6.64E+00
2562	6.68E+00
2562.2	6.73E+00
2562.4	6.81E+00
2562.6	6.93E+00
2562.8	7.07E+00
2563	7.19E+00
2563.2	7.25E+00
2563.4	7.26E+00
2563.6	7.24E+00
2563.8	7.24E+00
2564	7.32E+00
2564.2	7.46E+00
2564.4	7.63E+00
2564.6	7.77E+00
2564.8	7.86E+00
2565	7.89E+00
2565.2	7.89E+00
2565.4	7.90E+00
2565.6	7.95E+00
2565.8	8.03E+00
2566	8.13E+00
2566.2	8.20E+00
2566.4	8.23E+00
2566.6	8.21E+00
2566.8	8.19E+00
2567	8.17E+00
2567.2	8.20E+00
2567.4	8.27E+00
2567.6	8.35E+00
2567.8	8.45E+00
2568	8.53E+00
2568.2	8.61E+00
2568.4	8.67E+00
2568.6	8.74E+00
2568.8	8.81E+00
2569	8.89E+00
2569.2	8.99E+00
2569.4	9.08E+00
2569.6	9.12E+00
2569.8	9.10E+00
2570	9.04E+00
2570.2	8.98E+00
2570.4	8.96E+00
2570.6	9.01E+00
2570.8	9.11E+00
2571	9.23E+00
2571.2	9.32E+00
2571.4	9.37E+00
2571.6	9.40E+00
2571.8	9.44E+00
2572	9.51E+00
2572.2	9.63E+00
2572.4	9.76E+00
2572.6	9.89E+00
2572.8	9.99E+00
2573	1.01E+01
2573.2	1.01E+01
2573.4	1.02E+01
2573.6	1.03E+01
2573.8	1.05E+01
2574	1.06E+01
2574.2	1.08E+01
2574.4	1.10E+01
2574.6	1.12E+01
2574.8	1.13E+01
2575	1.14E+01
2575.2	1.15E+01
2575.4	1.16E+01
2575.6	1.16E+01
2575.8	1.17E+01
2576	1.17E+01
2576.2	1.18E+01
2576.4	1.17E+01
2576.6	1.17E+01
2576.8	1.18E+01
2577	1.18E+01
2577.2	1.19E+01
2577.4	1.21E+01
2577.6	1.22E+01
2577.8	1.23E+01
2578	1.24E+01
2578.2	1.26E+01
2578.4	1.28E+01
2578.6	1.30E+01
2578.8	1.32E+01
2579	1.32E+01
2579.2	1.32E+01
2579.4	1.31E+01
2579.6	1.30E+01
2579.8	1.31E+01
2580	1.32E+01
2580.2	1.33E+01
2580.4	1.35E+01
2580.6	1.36E+01
2580.8	1.38E+01
2581	1.39E+01
2581.2	1.41E+01
2581.4	1.43E+01
2581.6	1.44E+01
2581.8	1.45E+01
2582	1.45E+01
2582.2	1.45E+01
2582.4	1.45E+01
2582.6	1.45E+01
2582.8	1.46E+01
2583	1.47E+01
2583.2	1.49E+01
2583.4	1.51E+01
2583.6	1.54E+01
2583.8	1.56E+01
2584	1.58E+01
2584.2	1.59E+01
2584.4	1.60E+01
2584.6	1.60E+01
2584.8	1.60E+01
2585	1.61E+01
2585.2	1.63E+01
2585.4	1.65E+01
2585.6	1.67E+01
2585.8	1.68E+01
2586	1.70E+01
2586.2	1.73E+01
2586.4	1.75E+01
2586.6	1.77E+01
2586.8	1.78E+01
2587	1.78E+01
2587.2	1.78E+01
2587.4	1.79E+01
2587.6	1.81E+01
2587.8	1.84E+01
2588	1.86E+01
2588.2	1.88E+01
2588.4	1.89E+01
2588.6	1.90E+01
2588.8	1.92E+01
2589	1.93E+01
2589.2	1.95E+01
2589.4	1.96E+01
2589.6	1.98E+01
2589.8	1.99E+01
2590	2.00E+01
2590.2	2.02E+01
2590.4	2.03E+01
2590.6	2.05E+01
2590.8	2.07E+01
2591	2.10E+01
2591.2	2.13E+01
2591.4	2.15E+01
2591.6	2.17E+01
2591.8	2.18E+01
2592	2.18E+01
2592.2	2.19E+01
2592.4	2.21E+01
2592.6	2.24E+01
2592.8	2.27E+01
2593	2.30E+01
2593.2	2.33E+01
2593.4	2.34E+01
2593.6	2.35E+01
2593.8	2.35E+01
2594	2.35E+01
2594.2	2.35E+01
2594.4	2.37E+01
2594.6	2.39E+01
2594.8	2.42E+01
2595	2.46E+01
2595.2	2.50E+01
2595.4	2.53E+01
2595.6	2.55E+01
2595.8	2.57E+01
2596	2.59E+01
2596.2	2.61E+01
2596.4	2.63E+01
2596.6	2.65E+01
2596.8	2.67E+01
2597	2.69E+01
2597.2	2.71E+01
2597.4	2.73E+01
2597.6	2.76E+01
2597.8	2.79E+01
2598	2.82E+01
2598.2	2.84E+01
2598.4	2.87E+01
2598.6	2.89E+01
2598.8	2.91E+01
2599	2.94E+01
2599.2	2.97E+01
2599.4	3.00E+01
2599.6	3.03E+01
2599.8	3.06E+01
2600	3.10E+01
2600.2	3.13E+01
2600.4	3.16E+01
2600.6	3.19E+01
2600.8	3.22E+01
2601	3.25E+01
2601.2	3.27E+01
2601.4	3.29E+01
2601.6	3.30E+01
2601.8	3.31E+01
2602	3.33E+01
2602.2	3.36E+01
2602.4	3.39E+01
2602.6	3.43E+01
2602.8	3.47E+01
2603	3.50E+01
2603.2	3.52E+01
2603.4	3.55E+01
2603.6	3.58E+01
2603.8	3.61E+01
2604	3.65E+01
2604.2	3.68E+01
2604.4	3.72E+01
2604.6	3.75E+01
2604.8	3.79E+01
2605	3.82E+01
2605.2	3.86E+01
2605.4	3.90E+01
2605.6	3.93E+01
2605.8	3.96E+01
2606	3.98E+01
2606.2	4.00E+01
2606.4	4.02E+01
2606.6	4.04E+01
2606.8	4.07E+01
2607	4.11E+01
2607.2	4.15E+01
2607.4	4.19E+01
2607.6	4.23E+01
2607.8	4.27E+01
2608	4.31E+01
2608.2	4.35E+01
2608.4	4.38E+01
2608.6	4.41E+01
2608.8	4.44E+01
2609	4.48E+01
2609.2	4.51E+01
2609.4	4.54E+01
2609.6	4.56E+01
2609.8	4.59E+01
2610	4.62E+01
2610.2	4.67E+01
2610.4	4.71E+01
2610.6	4.76E+01
2610.8	4.81E+01
2611	4.85E+01
2611.2	4.89E+01
2611.4	4.93E+01
2611.6	4.97E+01
2611.8	5.01E+01
2612	5.05E+01
2612.2	5.09E+01
2612.4	5.12E+01
2612.6	5.15E+01
2612.8	5.19E+01
2613	5.23E+01
2613.2	5.27E+01
2613.4	5.31E+01
2613.6	5.35E+01
2613.8	5.39E+01
2614	5.43E+01
2614.2	5.47E+01
2614.4	5.51E+01
2614.6	5.56E+01
2614.8	5.60E+01
2615	5.64E+01
2615.2	5.67E+01
2615.4	5.70E+01
2615.6	5.73E+01
2615.8	5.75E+01
2616	5.78E+01
2616.2	5.81E+01
2616.4	5.85E+01
2616.6	5.89E+01
2616.8	5.94E+01
2617	5.98E+01
2617.2	6.02E+01
2617.4	6.07E+01
2617.6	6.12E+01
2617.8	6.16E+01
2618	6.21E+01
2618.2	6.26E+01
2618.4	6.31E+01
2618.6	6.36E+01
2618.8	6.40E+01
2619	6.45E+01
2619.2	6.49E+01
2619.4	6.53E+01
2619.6	6.57E+01
2619.8	6.61E+01
2620	6.65E+01
2620.2	6.69E+01
2620.4	6.72E+01
2620.6	6.76E+01
2620.8	6.79E+01
2621	6.82E+01
2621.2	6.86E+01
2621.4	6.89E+01
2621.6	6.94E+01
2621.8	6.99E+01
2622	7.04E+01
2622.2	7.09E+01
2622.4	7.14E+01
2622.6	7.18E+01
2622.8	7.23E+01
2623	7.27E+01
2623.2	7.31E+01
2623.4	7.35E+01
2623.6	7.39E+01
2623.8	7.43E+01
2624	7.46E+01
2624.2	7.49E+01
2624.4	7.53E+01
2624.6	7.56E+01
2624.8	7.59E+01
2625	7.61E+01
2625.2	7.64E+01
2625.4	7.67E+01
2625.6	7.71E+01
2625.8	7.74E+01
2626	7.78E+01
2626.2	7.82E+01
2626.4	7.87E+01
2626.6	7.91E+01
2626.8	7.96E+01
2627	8.01E+01
2627.2	8.06E+01
2627.4	8.10E+01
2627.6	8.12E+01
2627.8	8.14E+01
2628	8.16E+01
2628.2	8.18E+01
2628.4	8.21E+01
2628.6	8.24E+01
2628.8	8.28E+01
2629	8.32E+01
2629.2	8.35E+01
2629.4	8.39E+01
2629.6	8.42E+01
2629.8	8.45E+01
2630	8.47E+01
2630.2	8.49E+01
2630.4	8.51E+01
2630.6	8.54E+01
2630.8	8.56E+01
2631	8.59E+01
2631.2	8.62E+01
2631.4	8.65E+01
2631.6	8.68E+01
2631.8	8.72E+01
2632	8.76E+01
2632.2	8.81E+01
2632.4	8.85E+01
2632.6	8.89E+01
2632.8	8.94E+01
2633	8.97E+01
2633.2	9.00E+01
2633.4	9.03E+01
2633.6	9.04E+01
2633.8	9.04E+01
2634	9.04E+01
2634.2	9.04E+01
2634.4	9.05E+01
2634.6	9.07E+01
2634.8	9.11E+01
2635	9.15E+01
2635.2	9.19E+01
2635.4	9.21E+01
2635.6	9.23E+01
2635.8	9.24E+01
2636	9.26E+01
2636.2	9.27E+01
2636.4	9.29E+01
2636.6	9.30E+01
2636.8	9.32E+01
2637	9.34E+01
2637.2	9.36E+01
2637.4	9.38E+01
2637.6	9.39E+01
2637.8	9.39E+01
2638	9.40E+01
2638.2	9.42E+01
2638.4	9.44E+01
2638.6	9.47E+01
2638.8	9.49E+01
2639	9.52E+01
2639.2	9.54E+01
2639.4	9.56E+01
2639.6	9.57E+01
2639.8	9.57E+01
2640	9.57E+01
2640.2	9.56E+01
2640.4	9.57E+01
2640.6	9.57E+01
2640.8	9.59E+01
2641	9.61E+01
2641.2	9.64E+01
2641.4	9.66E+01
2641.6	9.69E+01
2641.8	9.71E+01
2642	9.72E+01
2642.2	9.72E+01
2642.4	9.72E+01
2642.6	9.73E+01
2642.8	9.73E+01
2643	9.74E+01
2643.2	9.75E+01
2643.4	9.75E+01
2643.6	9.73E+01
2643.8	9.72E+01
2644	9.71E+01
2644.2	9.71E+01
2644.4	9.71E+01
2644.6	9.71E+01
2644.8	9.71E+01
2645	9.71E+01
2645.2	9.72E+01
2645.4	9.74E+01
2645.6	9.75E+01
2645.8	9.75E+01
2646	9.75E+01
2646.2	9.75E+01
2646.4	9.75E+01
2646.6	9.76E+01
2646.8	9.77E+01
2647	9.77E+01
2647.2	9.78E+01
2647.4	9.79E+01
2647.6	9.79E+01
2647.8	9.79E+01
2648	9.78E+01
2648.2	9.77E+01
2648.4	9.76E+01
2648.6	9.76E+01
2648.8	9.76E+01
2649	9.76E+01
2649.2	9.77E+01
2649.4	9.77E+01
2649.6	9.78E+01
2649.8	9.78E+01
2650	9.77E+01
2650.2	9.77E+01
2650.4	9.76E+01
2650.6	9.76E+01
2650.8	9.76E+01
2651	9.76E+01
2651.2	9.75E+01
2651.4	9.75E+01
2651.6	9.75E+01
2651.8	9.75E+01
2652	9.74E+01
2652.2	9.74E+01
2652.4	9.73E+01
2652.6	9.73E+01
2652.8	9.72E+01
2653	9.72E+01
2653.2	9.71E+01
2653.4	9.71E+01
2653.6	9.71E+01
2653.8	9.71E+01
2654	9.72E+01
2654.2	9.72E+01
2654.4	9.72E+01
2654.6	9.73E+01
2654.8	9.73E+01
2655	9.72E+01
2655.2	9.70E+01
2655.4	9.68E+01
2655.6	9.68E+01
2655.8	9.68E+01
2656	9.70E+01
2656.2	9.71E+01
2656.4	9.72E+01
2656.6	9.72E+01
2656.8	9.72E+01
2657	9.70E+01
2657.2	9.69E+01
2657.4	9.68E+01
2657.6	9.67E+01
2657.8	9.66E+01
2658	9.66E+01
2658.2	9.67E+01
2658.4	9.67E+01
2658.6	9.68E+01
2658.8	9.67E+01
2659	9.65E+01
2659.2	9.63E+01
2659.4	9.61E+01
2659.6	9.59E+01
2659.8	9.59E+01
2660	9.58E+01
2660.2	9.59E+01
2660.4	9.59E+01
2660.6	9.59E+01
2660.8	9.59E+01
2661	9.60E+01
2661.2	9.61E+01
2661.4	9.62E+01
2661.6	9.62E+01
2661.8	9.61E+01
2662	9.58E+01
2662.2	9.57E+01
2662.4	9.56E+01
2662.6	9.56E+01
2662.8	9.56E+01
2663	9.56E+01
2663.2	9.55E+01
2663.4	9.55E+01
2663.6	9.54E+01
2663.8	9.54E+01
2664	9.54E+01
2664.2	9.54E+01
2664.4	9.54E+01
2664.6	9.53E+01
2664.8	9.52E+01
2665	9.50E+01
2665.2	9.49E+01
2665.4	9.49E+01
2665.6	9.48E+01
2665.8	9.47E+01
2666	9.46E+01
2666.2	9.46E+01
2666.4	9.47E+01
2666.6	9.49E+01
2666.8	9.50E+01
2667	9.51E+01
2667.2	9.51E+01
2667.4	9.51E+01
2667.6	9.50E+01
2667.8	9.50E+01
2668	9.49E+01
2668.2	9.49E+01
2668.4	9.49E+01
2668.6	9.49E+01
2668.8	9.49E+01
2669	9.49E+01
2669.2	9.48E+01
2669.4	9.47E+01
2669.6	9.46E+01
2669.8	9.46E+01
2670	9.44E+01
2670.2	9.42E+01
2670.4	9.41E+01
2670.6	9.40E+01
2670.8	9.40E+01
2671	9.41E+01
2671.2	9.42E+01
2671.4	9.41E+01
2671.6	9.39E+01
2671.8	9.37E+01
2672	9.35E+01
2672.2	9.34E+01
2672.4	9.34E+01
2672.6	9.34E+01
2672.8	9.34E+01
2673	9.34E+01
2673.2	9.34E+01
2673.4	9.35E+01
2673.6	9.37E+01
2673.8	9.40E+01
2674	9.42E+01
2674.2	9.42E+01
2674.4	9.41E+01
2674.6	9.39E+01
2674.8	9.38E+01
2675	9.37E+01
2675.2	9.38E+01
2675.4	9.39E+01
2675.6	9.41E+01
2675.8	9.43E+01
2676	9.43E+01
2676.2	9.42E+01
2676.4	9.41E+01
2676.6	9.39E+01
2676.8	9.38E+01
2677	9.39E+01
2677.2	9.40E+01
2677.4	9.41E+01
2677.6	9.43E+01
2677.8	9.45E+01
2678	9.45E+01
2678.2	9.44E+01
2678.4	9.42E+01
2678.6	9.40E+01
2678.8	9.37E+01
2679	9.35E+01
2679.2	9.34E+01
2679.4	9.34E+01
2679.6	9.36E+01
2679.8	9.38E+01
2680	9.39E+01
2680.2	9.40E+01
2680.4	9.40E+01
2680.6	9.40E+01
2680.8	9.39E+01
2681	9.39E+01
2681.2	9.39E+01
2681.4	9.39E+01
2681.6	9.39E+01
2681.8	9.40E+01
2682	9.40E+01
2682.2	9.39E+01
2682.4	9.37E+01
2682.6	9.36E+01
2682.8	9.36E+01
2683	9.37E+01
2683.2	9.39E+01
2683.4	9.41E+01
2683.6	9.42E+01
2683.8	9.42E+01
2684	9.41E+01
2684.2	9.40E+01
2684.4	9.38E+01
2684.6	9.37E+01
2684.8	9.36E+01
2685	9.36E+01
2685.2	9.37E+01
2685.4	9.39E+01
2685.6	9.40E+01
2685.8	9.40E+01
2686	9.39E+01
2686.2	9.38E+01
2686.4	9.37E+01
2686.6	9.37E+01
2686.8	9.37E+01
2687	9.38E+01
2687.2	9.38E+01
2687.4	9.36E+01
2687.6	9.35E+01
2687.8	9.35E+01
2688	9.35E+01
2688.2	9.36E+01
2688.4	9.36E+01
2688.6	9.34E+01
2688.8	9.32E+01
2689	9.29E+01
2689.2	9.26E+01
2689.4	9.25E+01
2689.6	9.25E+01
2689.8	9.27E+01
2690	9.30E+01
2690.2	9.33E+01
2690.4	9.35E+01
2690.6	9.37E+01
2690.8	9.37E+01
2691	9.36E+01
2691.2	9.35E+01
2691.4	9.33E+01
2691.6	9.31E+01
2691.8	9.29E+01
2692	9.27E+01
2692.2	9.24E+01
2692.4	9.22E+01
2692.6	9.20E+01
2692.8	9.20E+01
2693	9.20E+01
2693.2	9.21E+01
2693.4	9.21E+01
2693.6	9.22E+01
2693.8	9.21E+01
2694	9.20E+01
2694.2	9.18E+01
2694.4	9.16E+01
2694.6	9.15E+01
2694.8	9.15E+01
2695	9.15E+01
2695.2	9.16E+01
2695.4	9.17E+01
2695.6	9.16E+01
2695.8	9.14E+01
2696	9.11E+01
2696.2	9.07E+01
2696.4	9.03E+01
2696.6	8.99E+01
2696.8	8.97E+01
2697	8.95E+01
2697.2	8.95E+01
2697.4	8.94E+01
2697.6	8.93E+01
2697.8	8.92E+01
2698	8.93E+01
2698.2	8.94E+01
2698.4	8.94E+01
2698.6	8.93E+01
2698.8	8.90E+01
2699	8.87E+01
2699.2	8.85E+01
2699.4	8.83E+01
2699.6	8.82E+01
2699.8	8.81E+01
2700	8.79E+01
2700.2	8.78E+01
2700.4	8.77E+01
2700.6	8.77E+01
2700.8	8.76E+01
2701	8.74E+01
2701.2	8.71E+01
2701.4	8.67E+01
2701.6	8.65E+01
2701.8	8.64E+01
2702	8.63E+01
2702.2	8.62E+01
2702.4	8.60E+01
2702.6	8.56E+01
2702.8	8.50E+01
2703	8.45E+01
2703.2	8.42E+01
2703.4	8.39E+01
2703.6	8.38E+01
2703.8	8.36E+01
2704	8.35E+01
2704.2	8.33E+01
2704.4	8.31E+01
2704.6	8.30E+01
2704.8	8.28E+01
2705	8.27E+01
2705.2	8.26E+01
2705.4	8.25E+01
2705.6	8.23E+01
2705.8	8.20E+01
2706	8.17E+01
2706.2	8.12E+01
2706.4	8.07E+01
2706.6	8.03E+01
2706.8	8.00E+01
2707	7.99E+01
2707.2	7.98E+01
2707.4	7.97E+01
2707.6	7.95E+01
2707.8	7.91E+01
2708	7.86E+01
2708.2	7.79E+01
2708.4	7.73E+01
2708.6	7.69E+01
2708.8	7.66E+01
2709	7.65E+01
2709.2	7.65E+01
2709.4	7.64E+01
2709.6	7.62E+01
2709.8	7.60E+01
2710	7.57E+01
2710.2	7.55E+01
2710.4	7.52E+01
2710.6	7.48E+01
2710.8	7.44E+01
2711	7.40E+01
2711.2	7.37E+01
2711.4	7.33E+01
2711.6	7.30E+01
2711.8	7.26E+01
2712	7.21E+01
2712.2	7.17E+01
2712.4	7.13E+01
2712.6	7.10E+01
2712.8	7.06E+01
2713	7.03E+01
2713.2	6.98E+01
2713.4	6.93E+01
2713.6	6.88E+01
2713.8	6.84E+01
2714	6.81E+01
2714.2	6.79E+01
2714.4	6.77E+01
2714.6	6.76E+01
2714.8	6.74E+01
2715	6.71E+01
2715.2	6.67E+01
2715.4	6.63E+01
2715.6	6.59E+01
2715.8	6.54E+01
2716	6.50E+01
2716.2	6.46E+01
2716.4	6.43E+01
2716.6	6.40E+01
2716.8	6.39E+01
2717	6.38E+01
2717.2	6.35E+01
2717.4	6.31E+01
2717.6	6.25E+01
2717.8	6.18E+01
2718	6.12E+01
2718.2	6.07E+01
2718.4	6.04E+01
2718.6	6.02E+01
2718.8	5.99E+01
2719	5.95E+01
2719.2	5.90E+01
2719.4	5.85E+01
2719.6	5.80E+01
2719.8	5.76E+01
2720	5.72E+01
2720.2	5.70E+01
2720.4	5.67E+01
2720.6	5.64E+01
2720.8	5.61E+01
2721	5.59E+01
2721.2	5.57E+01
2721.4	5.56E+01
2721.6	5.54E+01
2721.8	5.50E+01
2722	5.46E+01
2722.2	5.41E+01
2722.4	5.36E+01
2722.6	5.32E+01
2722.8	5.29E+01
2723	5.25E+01
2723.2	5.21E+01
2723.4	5.16E+01
2723.6	5.11E+01
2723.8	5.05E+01
2724	5.01E+01
2724.2	4.99E+01
2724.4	4.98E+01
2724.6	4.97E+01
2724.8	4.95E+01
2725	4.92E+01
2725.2	4.88E+01
2725.4	4.84E+01
2725.6	4.80E+01
2725.8	4.77E+01
2726	4.74E+01
2726.2	4.70E+01
2726.4	4.66E+01
2726.6	4.61E+01
2726.8	4.56E+01
2727	4.51E+01
2727.2	4.48E+01
2727.4	4.44E+01
2727.6	4.42E+01
2727.8	4.40E+01
2728	4.38E+01
2728.2	4.36E+01
2728.4	4.34E+01
2728.6	4.30E+01
2728.8	4.26E+01
2729	4.23E+01
2729.2	4.19E+01
2729.4	4.16E+01
2729.6	4.14E+01
2729.8	4.10E+01
2730	4.06E+01
2730.2	4.00E+01
2730.4	3.95E+01
2730.6	3.89E+01
2730.8	3.85E+01
2731	3.83E+01
2731.2	3.81E+01
2731.4	3.80E+01
2731.6	3.78E+01
2731.8	3.76E+01
2732	3.74E+01
2732.2	3.72E+01
2732.4	3.70E+01
2732.6	3.67E+01
2732.8	3.65E+01
2733	3.61E+01
2733.2	3.58E+01
2733.4	3.55E+01
2733.6	3.52E+01
2733.8	3.50E+01
2734	3.48E+01
2734.2	3.47E+01
2734.4	3.47E+01
2734.6	3.46E+01
2734.8	3.44E+01
2735	3.40E+01
2735.2	3.35E+01
2735.4	3.30E+01
2735.6	3.26E+01
2735.8	3.22E+01
2736	3.20E+01
2736.2	3.18E+01
2736.4	3.16E+01
2736.6	3.13E+01
2736.8	3.11E+01
2737	3.09E+01
2737.2	3.07E+01
2737.4	3.04E+01
2737.6	3.02E+01
2737.8	3.00E+01
2738	2.98E+01
2738.2	2.96E+01
2738.4	2.94E+01
2738.6	2.92E+01
2738.8	2.90E+01
2739	2.87E+01
2739.2	2.84E+01
2739.4	2.82E+01
2739.6	2.79E+01
2739.8	2.77E+01
2740	2.75E+01
2740.2	2.74E+01
2740.4	2.72E+01
2740.6	2.71E+01
2740.8	2.69E+01
2741	2.67E+01
2741.2	2.64E+01
2741.4	2.60E+01
2741.6	2.58E+01
2741.8	2.56E+01
2742	2.55E+01
2742.2	2.54E+01
2742.4	2.53E+01
2742.6	2.50E+01
2742.8	2.46E+01
2743	2.43E+01
2743.2	2.40E+01
2743.4	2.38E+01
2743.6	2.37E+01
2743.8	2.36E+01
2744	2.34E+01
2744.2	2.33E+01
2744.4	2.31E+01
2744.6	2.28E+01
2744.8	2.27E+01
2745	2.25E+01
2745.2	2.24E+01
2745.4	2.23E+01
2745.6	2.21E+01
2745.8	2.19E+01
2746	2.16E+01
2746.2	2.13E+01
2746.4	2.10E+01
2746.6	2.08E+01
2746.8	2.07E+01
2747	2.05E+01
2747.2	2.03E+01
2747.4	2.02E+01
2747.6	2.00E+01
2747.8	1.99E+01
2748	1.98E+01
2748.2	1.98E+01
2748.4	1.97E+01
2748.6	1.96E+01
2748.8	1.94E+01
2749	1.92E+01
2749.2	1.90E+01
2749.4	1.87E+01
2749.6	1.85E+01
2749.8	1.83E+01
2750	1.81E+01
2750.2	1.79E+01
2750.4	1.77E+01
2750.6	1.76E+01
2750.8	1.74E+01
2751	1.73E+01
2751.2	1.72E+01
2751.4	1.72E+01
2751.6	1.71E+01
2751.8	1.70E+01
2752	1.70E+01
2752.2	1.69E+01
2752.4	1.68E+01
2752.6	1.67E+01
2752.8	1.65E+01
2753	1.63E+01
2753.2	1.61E+01
2753.4	1.59E+01
2753.6	1.58E+01
2753.8	1.56E+01
2754	1.56E+01
2754.2	1.55E+01
2754.4	1.54E+01
2754.6	1.51E+01
2754.8	1.49E+01
2755	1.46E+01
2755.2	1.44E+01
2755.4	1.43E+01
2755.6	1.43E+01
2755.8	1.45E+01
2756	1.46E+01
2756.2	1.48E+01
2756.4	1.49E+01
2756.6	1.48E+01
2756.8	1.47E+01
2757	1.44E+01
2757.2	1.41E+01
2757.4	1.39E+01
2757.6	1.38E+01
2757.8	1.37E+01
2758	1.36E+01
2758.2	1.34E+01
2758.4	1.32E+01
2758.6	1.30E+01
2758.8	1.28E+01
2759	1.27E+01
2759.2	1.26E+01
2759.4	1.25E+01
2759.6	1.24E+01
2759.8	1.23E+01
2760	1.22E+01
2760.2	1.22E+01
2760.4	1.23E+01
2760.6	1.24E+01
2760.8	1.24E+01
2761	1.23E+01
2761.2	1.23E+01
2761.4	1.22E+01
2761.6	1.22E+01
2761.8	1.20E+01
2762	1.19E+01
2762.2	1.17E+01
2762.4	1.15E+01
2762.6	1.14E+01
2762.8	1.13E+01
2763	1.11E+01
2763.2	1.10E+01
2763.4	1.09E+01
2763.6	1.08E+01
2763.8	1.08E+01
2764	1.07E+01
2764.2	1.07E+01
2764.4	1.05E+01
2764.6	1.04E+01
2764.8	1.03E+01
2765	1.03E+01
2765.2	1.04E+01
2765.4	1.05E+01
2765.6	1.06E+01
2765.8	1.06E+01
2766	1.06E+01
2766.2	1.04E+01
2766.4	1.03E+01
2766.6	1.01E+01
2766.8	9.99E+00
2767	9.83E+00
2767.2	9.62E+00
2767.4	9.41E+00
2767.6	9.22E+00
2767.8	9.10E+00
2768	9.04E+00
2768.2	9.02E+00
2768.4	9.00E+00
2768.6	8.99E+00
2768.8	9.00E+00
2769	9.02E+00
2769.2	9.05E+00
2769.4	9.05E+00
2769.6	9.01E+00
2769.8	8.94E+00
2770	8.84E+00
2770.2	8.75E+00
2770.4	8.66E+00
2770.6	8.63E+00
2770.8	8.63E+00
2771	8.66E+00
2771.2	8.63E+00
2771.4	8.53E+00
2771.6	8.35E+00
2771.8	8.14E+00
2772	7.94E+00
2772.2	7.82E+00
2772.4	7.78E+00
2772.6	7.85E+00
2772.8	7.96E+00
2773	8.07E+00
2773.2	8.11E+00
2773.4	8.04E+00
2773.6	7.87E+00
2773.8	7.64E+00
2774	7.40E+00
2774.2	7.18E+00
2774.4	7.02E+00
2774.6	6.94E+00
2774.8	6.94E+00
2775	6.97E+00
2775.2	7.02E+00
2775.4	7.04E+00
2775.6	7.04E+00
2775.8	7.02E+00
2776	7.02E+00
2776.2	7.02E+00
2776.4	7.00E+00
2776.6	6.98E+00
2776.8	6.95E+00
2777	6.95E+00
2777.2	6.97E+00
2777.4	6.95E+00
2777.6	6.87E+00
2777.8	6.74E+00
2778	6.65E+00
2778.2	6.64E+00
2778.4	6.70E+00
2778.6	6.78E+00
2778.8	6.83E+00
2779	6.81E+00
2779.2	6.73E+00
2779.4	6.61E+00
2779.6	6.49E+00
2779.8	6.40E+00
2780	6.33E+00
2780.2	6.27E+00
2780.4	6.21E+00
2780.6	6.13E+00
2780.8	6.03E+00
2781	5.93E+00
2781.2	5.82E+00
2781.4	5.70E+00
2781.6	5.56E+00
2781.8	5.39E+00
2782	5.22E+00
2782.2	5.10E+00
2782.4	5.09E+00
2782.6	5.20E+00
2782.8	5.37E+00
2783	5.50E+00
2783.2	5.54E+00
2783.4	5.48E+00
2783.6	5.38E+00
2783.8	5.30E+00
2784	5.30E+00
2784.2	5.34E+00
2784.4	5.36E+00
2784.6	5.33E+00
2784.8	5.22E+00
2785	5.10E+00
2785.2	5.00E+00
2785.4	4.98E+00
2785.6	5.04E+00
2785.8	5.15E+00
2786	5.28E+00
2786.2	5.41E+00
2786.4	5.51E+00
2786.6	5.53E+00
2786.8	5.45E+00
2787	5.27E+00
2787.2	5.04E+00
2787.4	4.81E+00
2787.6	4.66E+00
2787.8	4.61E+00
2788	4.63E+00
2788.2	4.69E+00
2788.4	4.73E+00
2788.6	4.73E+00
2788.8	4.67E+00
2789	4.54E+00
2789.2	4.39E+00
2789.4	4.25E+00
2789.6	4.18E+00
2789.8	4.23E+00
2790	4.37E+00
2790.2	4.53E+00
2790.4	4.62E+00
2790.6	4.58E+00
2790.8	4.42E+00
2791	4.24E+00
2791.2	4.10E+00
2791.4	4.05E+00
2791.6	4.08E+00
2791.8	4.16E+00
2792	4.27E+00
2792.2	4.39E+00
2792.4	4.50E+00
2792.6	4.57E+00
2792.8	4.59E+00
2793	4.52E+00
2793.2	4.38E+00
2793.4	4.18E+00
2793.6	3.97E+00
2793.8	3.84E+00
2794	3.85E+00
2794.2	4.00E+00
2794.4	4.21E+00
2794.6	4.38E+00
2794.8	4.43E+00
2795	4.32E+00
2795.2	4.09E+00
2795.4	3.82E+00
2795.6	3.58E+00
2795.8	3.44E+00
2796	3.41E+00
2796.2	3.48E+00
2796.4	3.58E+00
2796.6	3.62E+00
2796.8	3.55E+00
2797	3.40E+00
2797.2	3.26E+00
2797.4	3.21E+00
2797.6	3.23E+00
2797.8	3.23E+00
2798	3.16E+00
2798.2	3.02E+00
2798.4	2.89E+00
2798.6	2.86E+00
2798.8	2.96E+00
2799	3.17E+00
2799.2	3.41E+00
2799.4	3.61E+00
2799.6	3.73E+00
2799.8	3.74E+00
2800	3.69E+00
2800.2	3.60E+00
2800.4	3.51E+00
2800.6	3.47E+00
2800.8	3.46E+00
2801	3.44E+00
2801.2	3.35E+00
2801.4	3.20E+00
2801.6	3.04E+00
2801.8	2.95E+00
2802	2.99E+00
2802.2	3.11E+00
2802.4	3.23E+00
2802.6	3.28E+00
2802.8	3.21E+00
2803	3.03E+00
2803.2	2.82E+00
2803.4	2.63E+00
2803.6	2.51E+00
2803.8	2.46E+00
2804	2.48E+00
2804.2	2.54E+00
2804.4	2.65E+00
2804.6	2.81E+00
2804.8	2.98E+00
2805	3.13E+00
2805.2	3.26E+00
2805.4	3.35E+00
2805.6	3.40E+00
2805.8	3.38E+00
2806	3.27E+00
2806.2	3.12E+00
2806.4	2.96E+00
2806.6	2.85E+00
2806.8	2.81E+00
2807	2.83E+00
2807.2	2.87E+00
2807.4	2.87E+00
2807.6	2.85E+00
2807.8	2.82E+00
2808	2.79E+00
2808.2	2.76E+00
2808.4	2.72E+00
2808.6	2.67E+00
2808.8	2.63E+00
2809	2.61E+00
2809.2	2.60E+00
2809.4	2.57E+00
2809.6	2.52E+00
2809.8	2.46E+00
2810	2.43E+00
2810.2	2.43E+00
2810.4	2.47E+00
2810.6	2.53E+00
2810.8	2.62E+00
2811	2.72E+00
2811.2	2.81E+00
2811.4	2.85E+00
2811.6	2.86E+00
2811.8	2.84E+00
2812	2.80E+00
2812.2	2.74E+00
2812.4	2.68E+00
2812.6	2.64E+00
2812.8	2.66E+00
2813	2.73E+00
2813.2	2.81E+00
2813.4	2.83E+00
2813.6	2.74E+00
2813.8	2.54E+00
2814	2.30E+00
2814.2	2.11E+00
2814.4	2.01E+00
2814.6	2.00E+00
2814.8	2.02E+00
2815	2.04E+00
2815.2	2.06E+00
2815.4	2.08E+00
2815.6	2.11E+00
2815.8	2.13E+00
2816	2.12E+00
2816.2	2.11E+00
2816.4	2.12E+00
2816.6	2.16E+00
2816.8	2.25E+00
2817	2.36E+00
2817.2	2.44E+00
2817.4	2.49E+00
2817.6	2.49E+00
2817.8	2.47E+00
2818	2.44E+00
2818.2	2.43E+00
2818.4	2.44E+00
2818.6	2.46E+00
2818.8	2.47E+00
2819	2.45E+00
2819.2	2.35E+00
2819.4	2.18E+00
2819.6	2.00E+00
2819.8	1.88E+00
2820	1.87E+00
2820.2	1.95E+00
2820.4	2.05E+00
2820.6	2.07E+00
2820.8	1.99E+00
2821	1.84E+00
2821.2	1.71E+00
2821.4	1.65E+00
2821.6	1.68E+00
2821.8	1.76E+00
2822	1.85E+00
2822.2	1.93E+00
2822.4	2.01E+00
2822.6	2.10E+00
2822.8	2.16E+00
2823	2.18E+00
2823.2	2.15E+00
2823.4	2.09E+00
2823.6	2.02E+00
2823.8	1.95E+00
2824	1.86E+00
2824.2	1.75E+00
2824.4	1.62E+00
2824.6	1.51E+00
2824.8	1.46E+00
2825	1.46E+00
2825.2	1.49E+00
2825.4	1.50E+00
2825.6	1.48E+00
2825.8	1.43E+00
2826	1.36E+00
2826.2	1.29E+00
2826.4	1.22E+00
2826.6	1.21E+00
2826.8	1.27E+00
2827	1.39E+00
2827.2	1.54E+00
2827.4	1.65E+00
2827.6	1.70E+00
2827.8	1.67E+00
2828	1.58E+00
2828.2	1.45E+00
2828.4	1.32E+00
2828.6	1.22E+00
2828.8	1.19E+00
2829	1.27E+00
2829.2	1.43E+00
2829.4	1.61E+00
2829.6	1.73E+00
2829.8	1.75E+00
2830	1.68E+00
2830.2	1.57E+00
2830.4	1.48E+00
2830.6	1.41E+00
2830.8	1.37E+00
2831	1.37E+00
2831.2	1.40E+00
2831.4	1.43E+00
2831.6	1.44E+00
2831.8	1.42E+00
2832	1.40E+00
2832.2	1.38E+00
2832.4	1.39E+00
2832.6	1.41E+00
2832.8	1.42E+00
2833	1.41E+00
2833.2	1.38E+00
2833.4	1.37E+00
2833.6	1.42E+00
2833.8	1.56E+00
2834	1.75E+00
2834.2	1.92E+00
2834.4	1.99E+00
2834.6	1.95E+00
2834.8	1.82E+00
2835	1.68E+00
2835.2	1.59E+00
2835.4	1.54E+00
2835.6	1.51E+00
2835.8	1.47E+00
2836	1.41E+00
2836.2	1.38E+00
2836.4	1.39E+00
2836.6	1.43E+00
2836.8	1.44E+00
2837	1.38E+00
2837.2	1.24E+00
2837.4	1.09E+00
2837.6	9.91E-01
2837.8	9.89E-01
2838	1.06E+00
2838.2	1.15E+00
2838.4	1.23E+00
2838.6	1.26E+00
2838.8	1.28E+00
2839	1.27E+00
2839.2	1.23E+00
2839.4	1.15E+00
2839.6	1.03E+00
2839.8	9.19E-01
2840	9.00E-01
2840.2	9.99E-01
2840.4	1.17E+00
2840.6	1.31E+00
2840.8	1.34E+00
2841	1.25E+00
2841.2	1.12E+00
2841.4	1.04E+00
2841.6	1.07E+00
2841.8	1.19E+00
2842	1.37E+00
2842.2	1.53E+00
2842.4	1.65E+00
2842.6	1.70E+00
2842.8	1.70E+00
2843	1.67E+00
2843.2	1.63E+00
2843.4	1.61E+00
2843.6	1.60E+00
2843.8	1.56E+00
2844	1.48E+00
2844.2	1.36E+00
2844.4	1.24E+00
2844.6	1.18E+00
2844.8	1.19E+00
2845	1.27E+00
2845.2	1.37E+00
2845.4	1.47E+00
2845.6	1.53E+00
2845.8	1.48E+00
2846	1.32E+00
2846.2	1.08E+00
2846.4	8.56E-01
2846.6	7.17E-01
2846.8	6.75E-01
2847	6.89E-01
2847.2	7.08E-01
2847.4	7.21E-01
2847.6	7.45E-01
2847.8	7.99E-01
2848	8.69E-01
2848.2	9.08E-01
2848.4	8.74E-01
2848.6	7.64E-01
2848.8	6.10E-01
2849	4.43E-01
2849.2	2.71E-01
2849.4	1.10E-01
2849.6	2.02E-02
2849.8	6.53E-02
2850	2.56E-01
2850.2	5.09E-01
2850.4	7.06E-01
2850.6	7.85E-01
2850.8	7.76E-01
2851	7.64E-01
2851.2	8.17E-01
2851.4	9.57E-01
2851.6	1.16E+00
2851.8	1.36E+00
2852	1.51E+00
2852.2	1.58E+00
2852.4	1.57E+00
2852.6	1.50E+00
2852.8	1.40E+00
2853	1.29E+00
2853.2	1.18E+00
2853.4	1.10E+00
2853.6	1.05E+00
2853.8	1.03E+00
2854	1.01E+00
2854.2	9.68E-01
2854.4	8.94E-01
2854.6	8.07E-01
2854.8	7.43E-01
2855	7.20E-01
2855.2	7.29E-01
2855.4	7.33E-01
2855.6	7.03E-01
2855.8	6.34E-01
2856	5.52E-01
2856.2	4.83E-01
2856.4	4.39E-01
2856.6	4.27E-01
2856.8	4.58E-01
2857	5.38E-01
2857.2	6.28E-01
2857.4	6.49E-01
2857.6	5.46E-01
2857.8	3.48E-01
2858	1.67E-01
2858.2	1.23E-01
2858.4	2.52E-01
2858.6	4.88E-01
2858.8	7.09E-01
2859	8.17E-01
2859.2	7.93E-01
2859.4	6.94E-01
2859.6	6.07E-01
2859.8	5.91E-01
2860	6.41E-01
2860.2	6.97E-01
2860.4	6.97E-01
2860.6	6.23E-01
2860.8	5.18E-01
2861	4.46E-01
2861.2	4.51E-01
2861.4	5.27E-01
2861.6	6.28E-01
2861.8	6.97E-01
2862	6.85E-01
2862.2	5.72E-01
2862.4	3.84E-01
2862.6	1.89E-01
2862.8	5.87E-02
2863	3.40E-02
2863.2	9.32E-02
2863.4	1.83E-01
2863.6	2.54E-01
2863.8	2.87E-01
2864	2.83E-01
2864.2	2.37E-01
2864.4	1.43E-01
2864.6	6.44E-03
2864.8	-1.22E-01
2865	-1.60E-01
2865.2	-3.50E-02
2865.4	2.38E-01
2865.6	5.43E-01
2865.8	7.30E-01
2866	7.08E-01
2866.2	5.11E-01
2866.4	2.57E-01
2866.6	7.70E-02
2866.8	3.68E-02
2867	1.23E-01
2867.2	2.57E-01
2867.4	3.59E-01
2867.6	3.86E-01
2867.8	3.70E-01
2868	3.80E-01
2868.2	4.73E-01
2868.4	6.36E-01
2868.6	7.98E-01
2868.8	8.84E-01
2869	8.70E-01
2869.2	8.01E-01
2869.4	7.46E-01
2869.6	7.52E-01
2869.8	8.06E-01
2870	8.51E-01
2870.2	8.32E-01
2870.4	7.42E-01
2870.6	6.23E-01
2870.8	5.32E-01
2871	4.99E-01
2871.2	5.08E-01
2871.4	5.12E-01
2871.6	4.73E-01
2871.8	3.89E-01
2872	3.04E-01
2872.2	2.78E-01
2872.4	3.40E-01
2872.6	4.54E-01
2872.8	5.43E-01
2873	5.35E-01
2873.2	4.30E-01
2873.4	2.91E-01
2873.6	2.11E-01
2873.8	2.31E-01
2874	3.18E-01
2874.2	3.85E-01
2874.4	3.77E-01
2874.6	3.14E-01
2874.8	2.81E-01
2875	3.36E-01
2875.2	4.58E-01
2875.4	5.51E-01
2875.6	5.34E-01
2875.8	4.06E-01
2876	2.48E-01
2876.2	1.50E-01
2876.4	1.51E-01
2876.6	2.19E-01
2876.8	2.91E-01
2877	3.32E-01
2877.2	3.60E-01
2877.4	4.14E-01
2877.6	5.15E-01
2877.8	6.36E-01
2878	7.30E-01
2878.2	7.69E-01
2878.4	7.63E-01
2878.6	7.52E-01
2878.8	7.59E-01
2879	7.70E-01
2879.2	7.42E-01
2879.4	6.45E-01
2879.6	4.93E-01
2879.8	3.37E-01
2880	2.42E-01
2880.2	2.43E-01
2880.4	3.41E-01
2880.6	5.00E-01
2880.8	6.60E-01
2881	7.61E-01
2881.2	7.63E-01
2881.4	6.78E-01
2881.6	5.62E-01
2881.8	4.95E-01
2882	5.33E-01
2882.2	6.79E-01
2882.4	8.69E-01
2882.6	1.01E+00
2882.8	1.04E+00
2883	9.33E-01
2883.2	7.45E-01
2883.4	5.36E-01
2883.6	3.61E-01
2883.8	2.52E-01
2884	2.14E-01
2884.2	2.21E-01
2884.4	2.32E-01
2884.6	2.13E-01
2884.8	1.65E-01
2885	1.16E-01
2885.2	9.69E-02
2885.4	1.13E-01
2885.6	1.48E-01
2885.8	1.83E-01
2886	2.11E-01
2886.2	2.38E-01
2886.4	2.76E-01
2886.6	3.42E-01
2886.8	4.47E-01
2887	5.81E-01
2887.2	7.08E-01
2887.4	7.81E-01
2887.6	7.71E-01
2887.8	6.87E-01
2888	5.49E-01
2888.2	3.72E-01
2888.4	1.69E-01
2888.6	-3.17E-02
2888.8	-1.76E-01
2889	-2.24E-01
2889.2	-1.76E-01
2889.4	-7.01E-02
2889.6	4.90E-02
2889.8	1.53E-01
2890	2.25E-01
2890.2	2.48E-01
2890.4	2.03E-01
2890.6	9.13E-02
2890.8	-4.43E-02
2891	-1.32E-01
2891.2	-1.06E-01
2891.4	3.44E-02
2891.6	2.22E-01
2891.8	3.62E-01
2892	4.08E-01
2892.2	3.90E-01
2892.4	3.72E-01
2892.6	3.92E-01
2892.8	4.33E-01
2893	4.51E-01
2893.2	4.18E-01
2893.4	3.35E-01
2893.6	2.25E-01
2893.8	1.16E-01
2894	2.32E-02
2894.2	-5.55E-02
2894.4	-1.32E-01
2894.6	-2.11E-01
2894.8	-2.67E-01
2895	-2.67E-01
2895.2	-1.99E-01
2895.4	-1.06E-01
2895.6	-5.62E-02
2895.8	-9.03E-02
2896	-1.74E-01
2896.2	-2.26E-01
2896.4	-1.67E-01
2896.6	1.93E-02
2896.8	2.86E-01
2897	5.49E-01
2897.2	7.28E-01
2897.4	7.78E-01
2897.6	6.98E-01
2897.8	5.32E-01
2898	3.39E-01
2898.2	1.65E-01
2898.4	2.65E-02
2898.6	-7.81E-02
2898.8	-1.52E-01
2899	-1.88E-01
2899.2	-1.73E-01
2899.4	-1.08E-01
2899.6	-9.16E-03
2899.8	9.39E-02
2900	1.73E-01
