2200	0.00E+00
2200.2	1.62E-01
2200.4	2.23E-01
2200.6	2.60E-01
2200.8	2.56E-01
2201	2.15E-01
2201.2	1.48E-01
2201.4	6.38E-02
2201.6	-3.03E-02
2201.8	-1.18E-01
2202	-1.79E-01
2202.2	-1.98E-01
2202.4	-1.76E-01
2202.6	-1.20E-01
2202.8	-4.08E-02
2203	4.46E-02
2203.2	1.07E-01
2203.4	1.16E-01
2203.6	7.21E-02
2203.8	1.08E-02
2204	-2.25E-02
2204.2	-6.70E-03
2204.4	4.15E-02
2204.6	8.91E-02
2204.8	1.14E-01
2205	1.17E-01
2205.2	1.07E-01
2205.4	9.42E-02
2205.6	7.58E-02
2205.8	5.33E-02
2206	4.07E-02
2206.2	5.87E-02
2206.4	1.11E-01
2206.6	1.65E-01
2206.8	1.69E-01
2207	9.30E-02
2207.2	-4.07E-02
2207.4	-1.81E-01
2207.6	-2.83E-01
2207.8	-3.34E-01
2208	-3.40E-01
2208.2	-3.07E-01
2208.4	-2.44E-01
2208.6	-1.66E-01
2208.8	-8.59E-02
2209	-8.96E-03
2209.2	6.40E-02
2209.4	1.23E-01
2209.6	1.47E-01
2209.8	1.20E-01
2210	5.31E-02
2210.2	-1.59E-02
2210.4	-5.10E-02
2210.6	-4.25E-02
2210.8	-1.54E-02
2211	-5.63E-03
2211.2	-3.26E-02
2211.4	-8.11E-02
2211.6	-1.11E-01
2211.8	-8.63E-02
2212	-1.50E-03
2212.2	1.07E-01
2212.4	1.78E-01
2212.6	1.74E-01
2212.8	1.01E-01
2213	1.40E-02
2213.2	-3.64E-02
2213.4	-3.14E-02
2213.6	1.33E-02
2213.8	7.72E-02
2214	1.54E-01
2214.2	2.43E-01
2214.4	3.36E-01
2214.6	4.09E-01
2214.8	4.41E-01
2215	4.32E-01
2215.2	3.97E-01
2215.4	3.57E-01
2215.6	3.18E-01
2215.8	2.68E-01
2216	2.03E-01
2216.2	1.36E-01
2216.4	9.50E-02
2216.6	9.50E-02
2216.8	1.16E-01
2217	1.17E-01
2217.2	7.35E-02
2217.4	-7.08E-03
2217.6	-9.63E-02
2217.8	-1.75E-01
2218	-2.38E-01
2218.2	-2.84E-01
2218.4	-3.00E-01
2218.6	-2.62E-01
2218.8	-1.59E-01
2219	2.14E-04
2219.2	1.80E-01
2219.4	3.28E-01
2219.6	4.01E-01
2219.8	3.88E-01
2220	3.24E-01
2220.2	2.62E-01
2220.4	2.31E-01
2220.6	2.18E-01
2220.8	1.85E-01
2221	1.19E-01
2221.2	5.10E-02
2221.4	2.36E-02
2221.6	5.05E-02
2221.8	1.01E-01
2222	1.29E-01
2222.2	1.10E-01
2222.4	5.53E-02
2222.6	-1.05E-02
2222.8	-6.97E-02
2223	-1.23E-01
2223.2	-1.79E-01
2223.4	-2.31E-01
2223.6	-2.56E-01
2223.8	-2.29E-01
2224	-1.45E-01
2224.2	-3.23E-02
2224.4	6.94E-02
2224.6	1.30E-01
2224.8	1.44E-01
2225	1.27E-01
2225.2	9.42E-02
2225.4	5.97E-02
2225.6	2.68E-02
2225.8	-8.46E-03
2226	-4.96E-02
2226.2	-9.19E-02
2226.4	-1.23E-01
2226.6	-1.37E-01
2226.8	-1.37E-01
2227	-1.34E-01
2227.2	-1.25E-01
2227.4	-9.56E-02
2227.6	-3.63E-02
2227.8	3.19E-02
2228	6.46E-02
2228.2	2.32E-02
2228.4	-8.44E-02
2228.6	-2.02E-01
2228.8	-2.55E-01
2229	-2.12E-01
2229.2	-1.06E-01
2229.4	-1.64E-02
2229.6	-4.84E-03
2229.8	-7.24E-02
2230	-1.60E-01
2230.2	-2.04E-01
2230.4	-1.78E-01
2230.6	-1.01E-01
2230.8	-1.06E-02
2231	7.06E-02
2231.2	1.40E-01
2231.4	2.02E-01
2231.6	2.49E-01
2231.8	2.61E-01
2232	2.22E-01
2232.2	1.39E-01
2232.4	3.83E-02
2232.6	-5.32E-02
2232.8	-1.24E-01
2233	-1.74E-01
2233.2	-2.00E-01
2233.4	-1.87E-01
2233.6	-1.21E-01
2233.8	-4.76E-04
2234	1.52E-01
2234.2	2.97E-01
2234.4	3.92E-01
2234.6	4.04E-01
2234.8	3.31E-01
2235	2.02E-01
2235.2	6.77E-02
2235.4	-2.85E-02
2235.6	-6.64E-02
2235.8	-5.52E-02
2236	-1.99E-02
2236.2	1.62E-02
2236.4	4.12E-02
2236.6	5.69E-02
2236.8	7.36E-02
2237	1.04E-01
2237.2	1.51E-01
2237.4	2.10E-01
2237.6	2.62E-01
2237.8	2.92E-01
2238	2.92E-01
2238.2	2.62E-01
2238.4	2.11E-01
2238.6	1.47E-01
2238.8	8.39E-02
2239	3.96E-02
2239.2	2.70E-02
2239.4	4.88E-02
2239.6	9.61E-02
2239.8	1.52E-01
2240	2.02E-01
2240.2	2.36E-01
2240.4	2.50E-01
2240.6	2.49E-01
2240.8	2.43E-01
2241	2.45E-01
2241.2	2.61E-01
2241.4	2.82E-01
2241.6	2.83E-01
2241.8	2.38E-01
2242	1.36E-01
2242.2	-7.15E-04
2242.4	-1.25E-01
2242.6	-1.91E-01
2242.8	-1.76E-01
2243	-9.49E-02
2243.2	1.58E-02
2243.4	1.19E-01
2243.6	1.97E-01
2243.8	2.46E-01
2244	2.74E-01
2244.2	2.89E-01
2244.4	2.92E-01
2244.6	2.77E-01
2244.8	2.37E-01
2245	1.71E-01
2245.2	8.96E-02
2245.4	9.92E-03
2245.6	-5.09E-02
2245.8	-8.21E-02
2246	-7.77E-02
2246.2	-3.78E-02
2246.4	2.44E-02
2246.6	8.18E-02
2246.8	1.02E-01
2247	7.05E-02
2247.2	4.96E-03
2247.4	-5.34E-02
2247.6	-6.67E-02
2247.8	-2.65E-02
2248	4.54E-02
2248.2	1.11E-01
2248.4	1.43E-01
2248.6	1.35E-01
2248.8	1.05E-01
2249	7.28E-02
2249.2	5.13E-02
2249.4	2.66E-02
2249.6	-2.45E-02
2249.8	-1.11E-01
2250	-2.05E-01
2250.2	-2.60E-01
2250.4	-2.36E-01
2250.6	-1.36E-01
2250.8	4.63E-03
2251	1.32E-01
2251.2	2.03E-01
2251.4	1.97E-01
2251.6	1.20E-01
2251.8	1.03E-02
2252	-7.31E-02
2252.2	-7.78E-02
2252.4	7.15E-03
2252.6	1.45E-01
2252.8	2.69E-01
2253	3.26E-01
2253.2	3.04E-01
2253.4	2.39E-01
2253.6	1.71E-01
2253.8	1.20E-01
2254	7.21E-02
2254.2	1.60E-02
2254.4	-3.27E-02
2254.6	-4.14E-02
2254.8	-8.10E-04
2255	5.70E-02
2255.2	8.27E-02
2255.4	5.37E-02
2255.6	-1.44E-02
2255.8	-8.28E-02
2256	-1.21E-01
2256.2	-1.22E-01
2256.4	-9.39E-02
2256.6	-4.63E-02
2256.8	1.60E-02
2257	9.02E-02
2257.2	1.67E-01
2257.4	2.25E-01
2257.6	2.37E-01
2257.8	1.91E-01
2258	9.40E-02
2258.2	-2.69E-02
2258.4	-1.38E-01
2258.6	-2.13E-01
2258.8	-2.38E-01
2259	-2.08E-01
2259.2	-1.29E-01
2259.4	-2.26E-02
2259.6	7.44E-02
2259.8	1.18E-01
2260	9.32E-02
2260.2	2.36E-02
2260.4	-4.02E-02
2260.6	-6.16E-02
2260.8	-3.70E-02
2261	1.15E-02
2261.2	6.49E-02
2261.4	1.21E-01
2261.6	1.89E-01
2261.8	2.75E-01
2262	3.67E-01
2262.2	4.43E-01
2262.4	4.79E-01
2262.6	4.68E-01
2262.8	4.16E-01
2263	3.43E-01
2263.2	2.66E-01
2263.4	1.93E-01
2263.6	1.29E-01
2263.8	7.51E-02
2264	3.74E-02
2264.2	2.44E-02
2264.4	4.63E-02
2264.6	1.06E-01
2264.8	1.88E-01
2265	2.58E-01
2265.2	2.84E-01
2265.4	2.62E-01
2265.6	2.14E-01
2265.8	1.70E-01
2266	1.40E-01
2266.2	1.15E-01
2266.4	8.76E-02
2266.6	6.63E-02
2266.8	6.91E-02
2267	1.06E-01
2267.2	1.74E-01
2267.4	2.55E-01
2267.6	3.22E-01
2267.8	3.48E-01
2268	3.18E-01
2268.2	2.50E-01
2268.4	1.90E-01
2268.6	1.83E-01
2268.8	2.29E-01
2269	2.90E-01
2269.2	3.08E-01
2269.4	2.52E-01
2269.6	1.37E-01
2269.8	1.25E-02
2270	-7.98E-02
2270.2	-1.27E-01
2270.4	-1.45E-01
2270.6	-1.54E-01
2270.8	-1.57E-01
2271	-1.46E-01
2271.2	-1.32E-01
2271.4	-1.41E-01
2271.6	-1.93E-01
2271.8	-2.75E-01
2272	-3.44E-01
2272.2	-3.62E-01
2272.4	-3.19E-01
2272.6	-2.31E-01
2272.8	-1.22E-01
2273	-1.02E-02
2273.2	9.21E-02
2273.4	1.76E-01
2273.6	2.35E-01
2273.8	2.65E-01
2274	2.66E-01
2274.2	2.45E-01
2274.4	2.13E-01
2274.6	1.78E-01
2274.8	1.43E-01
2275	9.94E-02
2275.2	4.04E-02
2275.4	-3.89E-02
2275.6	-1.35E-01
2275.8	-2.32E-01
2276	-3.09E-01
2276.2	-3.42E-01
2276.4	-3.31E-01
2276.6	-2.94E-01
2276.8	-2.57E-01
2277	-2.25E-01
2277.2	-1.89E-01
2277.4	-1.38E-01
2277.6	-7.86E-02
2277.8	-2.73E-02
2278	3.53E-03
2278.2	2.03E-02
2278.4	4.14E-02
2278.6	8.08E-02
2278.8	1.34E-01
2279	1.84E-01
2279.2	2.12E-01
2279.4	2.15E-01
2279.6	2.06E-01
2279.8	1.97E-01
2280	1.91E-01
2280.2	1.87E-01
2280.4	1.90E-01
2280.6	2.11E-01
2280.8	2.51E-01
2281	2.92E-01
2281.2	3.08E-01
2281.4	2.84E-01
2281.6	2.27E-01
2281.8	1.53E-01
2282	7.52E-02
2282.2	-1.84E-03
2282.4	-7.44E-02
2282.6	-1.36E-01
2282.8	-1.76E-01
2283	-1.90E-01
2283.2	-1.77E-01
2283.4	-1.46E-01
2283.6	-9.71E-02
2283.8	-2.21E-02
2284	8.68E-02
2284.2	2.22E-01
2284.4	3.52E-01
2284.6	4.39E-01
2284.8	4.65E-01
2285	4.38E-01
2285.2	3.85E-01
2285.4	3.33E-01
2285.6	2.97E-01
2285.8	2.75E-01
2286	2.54E-01
2286.2	2.17E-01
2286.4	1.57E-01
2286.6	8.04E-02
2286.8	7.32E-03
2287	-4.09E-02
2287.2	-4.85E-02
2287.4	-1.08E-02
2287.6	6.43E-02
2287.8	1.56E-01
2288	2.30E-01
2288.2	2.54E-01
2288.4	2.14E-01
2288.6	1.31E-01
2288.8	4.44E-02
2289	-1.18E-02
2289.2	-3.38E-02
2289.4	-4.54E-02
2289.6	-7.43E-02
2289.8	-1.25E-01
2290	-1.73E-01
2290.2	-1.85E-01
2290.4	-1.49E-01
2290.6	-8.24E-02
2290.8	-1.83E-02
2291	2.41E-02
2291.2	5.14E-02
2291.4	8.42E-02
2291.6	1.31E-01
2291.8	1.85E-01
2292	2.30E-01
2292.2	2.58E-01
2292.4	2.72E-01
2292.6	2.80E-01
2292.8	2.87E-01
2293	2.91E-01
2293.2	2.79E-01
2293.4	2.34E-01
2293.6	1.54E-01
2293.8	6.13E-02
2294	-1.91E-03
2294.2	-4.05E-03
2294.4	5.20E-02
2294.6	1.32E-01
2294.8	1.99E-01
2295	2.37E-01
2295.2	2.59E-01
2295.4	2.78E-01
2295.6	2.96E-01
2295.8	2.94E-01
2296	2.59E-01
2296.2	1.95E-01
2296.4	1.33E-01
2296.6	1.00E-01
2296.8	1.02E-01
2297	1.11E-01
2297.2	8.98E-02
2297.4	2.31E-02
2297.6	-6.09E-02
2297.8	-1.03E-01
2298	-5.12E-02
2298.2	1.03E-01
2298.4	3.18E-01
2298.6	5.29E-01
2298.8	6.80E-01
2299	7.44E-01
2299.2	7.28E-01
2299.4	6.60E-01
2299.6	5.75E-01
2299.8	5.12E-01
2300	4.95E-01
2300.2	5.24E-01
2300.4	5.78E-01
2300.6	6.20E-01
2300.8	6.18E-01
2301	5.66E-01
2301.2	4.80E-01
2301.4	3.89E-01
2301.6	3.07E-01
2301.8	2.33E-01
2302	1.69E-01
2302.2	1.24E-01
2302.4	1.08E-01
2302.6	1.08E-01
2302.8	1.08E-01
2303	1.13E-01
2303.2	1.57E-01
2303.4	2.57E-01
2303.6	3.80E-01
2303.8	4.61E-01
2304	4.51E-01
2304.2	3.60E-01
2304.4	2.41E-01
2304.6	1.38E-01
2304.8	6.84E-02
2305	2.37E-02
2305.2	-3.84E-03
2305.4	-9.47E-03
2305.6	2.14E-02
2305.8	1.00E-01
2306	2.19E-01
2306.2	3.38E-01
2306.4	4.07E-01
2306.6	3.89E-01
2306.8	3.03E-01
2307	2.10E-01
2307.2	1.80E-01
2307.4	2.39E-01
2307.6	3.57E-01
2307.8	4.62E-01
2308	4.94E-01
2308.2	4.44E-01
2308.4	3.53E-01
2308.6	2.70E-01
2308.8	2.06E-01
2309	1.31E-01
2309.2	2.71E-02
2309.4	-8.10E-02
2309.6	-1.41E-01
2309.8	-1.30E-01
2310	-7.04E-02
2310.2	-4.70E-03
2310.4	5.55E-02
2310.6	1.17E-01
2310.8	1.74E-01
2311	1.95E-01
2311.2	1.49E-01
2311.4	4.35E-02
2311.6	-8.41E-02
2311.8	-1.89E-01
2312	-2.38E-01
2312.2	-2.23E-01
2312.4	-1.50E-01
2312.6	-5.34E-02
2312.8	2.88E-02
2313	7.15E-02
2313.2	8.13E-02
2313.4	8.46E-02
2313.6	1.05E-01
2313.8	1.43E-01
2314	1.87E-01
2314.2	2.25E-01
2314.4	2.67E-01
2314.6	3.33E-01
2314.8	4.32E-01
2315	5.34E-01
2315.2	5.83E-01
2315.4	5.45E-01
2315.6	4.45E-01
2315.8	3.48E-01
2316	3.09E-01
2316.2	3.18E-01
2316.4	3.28E-01
2316.6	3.04E-01
2316.8	2.64E-01
2317	2.55E-01
2317.2	3.18E-01
2317.4	4.53E-01
2317.6	6.30E-01
2317.8	7.88E-01
2318	8.65E-01
2318.2	8.22E-01
2318.4	6.66E-01
2318.6	4.54E-01
2318.8	2.64E-01
2319	1.55E-01
2319.2	1.46E-01
2319.4	2.22E-01
2319.6	3.52E-01
2319.8	5.03E-01
2320	6.43E-01
2320.2	7.44E-01
2320.4	7.85E-01
2320.6	7.60E-01
2320.8	6.85E-01
2321	6.01E-01
2321.2	5.62E-01
2321.4	6.08E-01
2321.6	7.36E-01
2321.8	8.79E-01
2322	9.43E-01
2322.2	8.69E-01
2322.4	6.86E-01
2322.6	4.92E-01
2322.8	3.85E-01
2323	4.03E-01
2323.2	5.07E-01
2323.4	6.26E-01
2323.6	7.04E-01
2323.8	7.26E-01
2324	7.10E-01
2324.2	6.75E-01
2324.4	6.20E-01
2324.6	5.37E-01
2324.8	4.32E-01
2325	3.29E-01
2325.2	2.54E-01
2325.4	2.16E-01
2325.6	2.03E-01
2325.8	2.03E-01
2326	2.10E-01
2326.2	2.29E-01
2326.4	2.80E-01
2326.6	3.93E-01
2326.8	5.96E-01
2327	8.64E-01
2327.2	1.10E+00
2327.4	1.17E+00
2327.6	1.02E+00
2327.8	6.83E-01
2328	2.81E-01
2328.2	-5.90E-02
2328.4	-2.61E-01
2328.6	-3.15E-01
2328.8	-2.47E-01
2329	-1.06E-01
2329.2	6.48E-02
2329.4	2.24E-01
2329.6	3.41E-01
2329.8	3.96E-01
2330	3.78E-01
2330.2	2.96E-01
2330.4	1.76E-01
2330.6	6.11E-02
2330.8	-5.15E-03
2331	5.98E-03
2331.2	9.58E-02
2331.4	2.32E-01
2331.6	3.72E-01
2331.8	4.92E-01
2332	6.17E-01
2332.2	7.90E-01
2332.4	1.02E+00
2332.6	1.25E+00
2332.8	1.40E+00
2333	1.43E+00
2333.2	1.35E+00
2333.4	1.20E+00
2333.6	1.01E+00
2333.8	8.28E-01
2334	6.75E-01
2334.2	5.83E-01
2334.4	5.49E-01
2334.6	5.52E-01
2334.8	5.84E-01
2335	6.64E-01
2335.2	8.12E-01
2335.4	1.01E+00
2335.6	1.19E+00
2335.8	1.24E+00
2336	1.13E+00
2336.2	8.61E-01
2336.4	5.17E-01
2336.6	1.98E-01
2336.8	-2.33E-02
2337	-1.11E-01
2337.2	-5.36E-02
2337.4	1.52E-01
2337.6	4.89E-01
2337.8	8.89E-01
2338	1.24E+00
2338.2	1.41E+00
2338.4	1.36E+00
2338.6	1.10E+00
2338.8	7.75E-01
2339	5.13E-01
2339.2	4.05E-01
2339.4	4.48E-01
2339.6	5.38E-01
2339.8	5.46E-01
2340	4.15E-01
2340.2	2.19E-01
2340.4	9.77E-02
2340.6	1.37E-01
2340.8	2.93E-01
2341	4.70E-01
2341.2	6.19E-01
2341.4	7.63E-01
2341.6	9.33E-01
2341.8	1.09E+00
2342	1.17E+00
2342.2	1.14E+00
2342.4	1.01E+00
2342.6	8.35E-01
2342.8	6.34E-01
2343	4.36E-01
2343.2	2.91E-01
2343.4	2.50E-01
2343.6	3.35E-01
2343.8	5.16E-01
2344	7.28E-01
2344.2	9.00E-01
2344.4	9.98E-01
2344.6	1.03E+00
2344.8	1.02E+00
2345	1.01E+00
2345.2	1.01E+00
2345.4	1.01E+00
2345.6	9.94E-01
2345.8	9.48E-01
2346	8.63E-01
2346.2	7.48E-01
2346.4	6.61E-01
2346.6	6.87E-01
2346.8	8.76E-01
2347	1.19E+00
2347.2	1.53E+00
2347.4	1.79E+00
2347.6	1.92E+00
2347.8	1.94E+00
2348	1.88E+00
2348.2	1.77E+00
2348.4	1.63E+00
2348.6	1.49E+00
2348.8	1.38E+00
2349	1.37E+00
2349.2	1.47E+00
2349.4	1.64E+00
2349.6	1.80E+00
2349.8	1.89E+00
2350	1.92E+00
2350.2	1.90E+00
2350.4	1.89E+00
2350.6	1.90E+00
2350.8	1.91E+00
2351	1.91E+00
2351.2	1.89E+00
2351.4	1.88E+00
2351.6	1.90E+00
2351.8	1.94E+00
2352	2.01E+00
2352.2	2.14E+00
2352.4	2.35E+00
2352.6	2.63E+00
2352.8	2.88E+00
2353	2.97E+00
2353.2	2.88E+00
2353.4	2.69E+00
2353.6	2.56E+00
2353.8	2.55E+00
2354	2.63E+00
2354.2	2.72E+00
2354.4	2.81E+00
2354.6	2.89E+00
2354.8	3.01E+00
2355	3.15E+00
2355.2	3.32E+00
2355.4	3.45E+00
2355.6	3.50E+00
2355.8	3.44E+00
2356	3.34E+00
2356.2	3.32E+00
2356.4	3.45E+00
2356.6	3.72E+00
2356.8	4.01E+00
2357	4.21E+00
2357.2	4.33E+00
2357.4	4.44E+00
2357.6	4.60E+00
2357.8	4.77E+00
2358	4.83E+00
2358.2	4.71E+00
2358.4	4.45E+00
2358.6	4.17E+00
2358.8	4.02E+00
2359	4.05E+00
2359.2	4.19E+00
2359.4	4.33E+00
2359.6	4.41E+00
2359.8	4.48E+00
2360	4.66E+00
2360.2	5.03E+00
2360.4	5.54E+00
2360.6	6.05E+00
2360.8	6.45E+00
2361	6.68E+00
2361.2	6.78E+00
2361.4	6.84E+00
2361.6	6.91E+00
2361.8	7.05E+00
2362	7.30E+00
2362.2	7.69E+00
2362.4	8.18E+00
2362.6	8.67E+00
2362.8	9.04E+00
2363	9.28E+00
2363.2	9.45E+00
2363.4	9.68E+00
2363.6	1.00E+01
2363.8	1.05E+01
2364	1.08E+01
2364.2	1.11E+01
2364.4	1.12E+01
2364.6	1.14E+01
2364.8	1.16E+01
2365	1.17E+01
2365.2	1.19E+01
2365.4	1.21E+01
2365.6	1.25E+01
2365.8	1.29E+01
2366	1.34E+01
2366.2	1.38E+01
2366.4	1.42E+01
2366.6	1.46E+01
2366.8	1.52E+01
2367	1.57E+01
2367.2	1.61E+01
2367.4	1.64E+01
2367.6	1.69E+01
2367.8	1.75E+01
2368	1.83E+01
2368.2	1.92E+01
2368.4	2.01E+01
2368.6	2.10E+01
2368.8	2.17E+01
2369	2.22E+01
2369.2	2.25E+01
2369.4	2.28E+01
2369.6	2.31E+01
2369.8	2.38E+01
2370	2.46E+01
2370.2	2.56E+01
2370.4	2.65E+01
2370.6	2.73E+01
2370.8	2.83E+01
2371	2.94E+01
2371.2	3.05E+01
2371.4	3.15E+01
2371.6	3.24E+01
2371.8	3.34E+01
2372	3.44E+01
2372.2	3.54E+01
2372.4	3.64E+01
2372.6	3.72E+01
2372.8	3.80E+01
2373	3.90E+01
2373.2	4.03E+01
2373.4	4.17E+01
2373.6	4.31E+01
2373.8	4.44E+01
2374	4.53E+01
2374.2	4.61E+01
2374.4	4.69E+01
2374.6	4.78E+01
2374.8	4.89E+01
2375	5.01E+01
2375.2	5.14E+01
2375.4	5.26E+01
2375.6	5.37E+01
2375.8	5.48E+01
2376	5.60E+01
2376.2	5.73E+01
2376.4	5.87E+01
2376.6	6.00E+01
2376.8	6.12E+01
2377	6.22E+01
2377.2	6.31E+01
2377.4	6.40E+01
2377.6	6.50E+01
2377.8	6.60E+01
2378	6.71E+01
2378.2	6.82E+01
2378.4	6.92E+01
2378.6	7.02E+01
2378.8	7.12E+01
2379	7.21E+01
2379.2	7.30E+01
2379.4	7.38E+01
2379.6	7.45E+01
2379.8	7.51E+01
2380	7.58E+01
2380.2	7.64E+01
2380.4	7.71E+01
2380.6	7.77E+01
2380.8	7.82E+01
2381	7.87E+01
2381.2	7.92E+01
2381.4	7.96E+01
2381.6	8.01E+01
2381.8	8.06E+01
2382	8.11E+01
2382.2	8.15E+01
2382.4	8.19E+01
2382.6	8.22E+01
2382.8	8.25E+01
2383	8.29E+01
2383.2	8.33E+01
2383.4	8.37E+01
2383.6	8.42E+01
2383.8	8.45E+01
2384	8.48E+01
2384.2	8.49E+01
2384.4	8.50E+01
2384.6	8.51E+01
2384.8	8.53E+01
2385	8.55E+01
2385.2	8.57E+01
2385.4	8.59E+01
2385.6	8.62E+01
2385.8	8.64E+01
2386	8.65E+01
2386.2	8.67E+01
2386.4	8.69E+01
2386.6	8.71E+01
2386.8	8.73E+01
2387	8.75E+01
2387.2	8.77E+01
2387.4	8.78E+01
2387.6	8.80E+01
2387.8	8.80E+01
2388	8.80E+01
2388.2	8.80E+01
2388.4	8.79E+01
2388.6	8.79E+01
2388.8	8.80E+01
2389	8.81E+01
2389.2	8.82E+01
2389.4	8.83E+01
2389.6	8.84E+01
2389.8	8.85E+01
2390	8.86E+01
2390.2	8.88E+01
2390.4	8.88E+01
2390.6	8.88E+01
2390.8	8.87E+01
2391	8.85E+01
2391.2	8.83E+01
2391.4	8.81E+01
2391.6	8.79E+01
2391.8	8.78E+01
2392	8.76E+01
2392.2	8.74E+01
2392.4	8.71E+01
2392.6	8.67E+01
2392.8	8.62E+01
2393	8.57E+01
2393.2	8.52E+01
2393.4	8.47E+01
2393.6	8.42E+01
2393.8	8.37E+01
2394	8.32E+01
2394.2	8.27E+01
2394.4	8.22E+01
2394.6	8.16E+01
2394.8	8.10E+01
2395	8.02E+01
2395.2	7.93E+01
2395.4	7.84E+01
2395.6	7.74E+01
2395.8	7.64E+01
2396	7.53E+01
2396.2	7.42E+01
2396.4	7.31E+01
2396.6	7.19E+01
2396.8	7.06E+01
2397	6.93E+01
2397.2	6.81E+01
2397.4	6.69E+01
2397.6	6.58E+01
2397.8	6.47E+01
2398	6.35E+01
2398.2	6.23E+01
2398.4	6.09E+01
2398.6	5.95E+01
2398.8	5.81E+01
2399	5.68E+01
2399.2	5.55E+01
2399.4	5.42E+01
2399.6	5.30E+01
2399.8	5.16E+01
2400	5.02E+01
2400.2	4.88E+01
2400.4	4.74E+01
2400.6	4.62E+01
2400.8	4.49E+01
2401	4.37E+01
2401.2	4.26E+01
2401.4	4.14E+01
2401.6	4.02E+01
2401.8	3.90E+01
2402	3.79E+01
2402.2	3.68E+01
2402.4	3.57E+01
2402.6	3.47E+01
2402.8	3.37E+01
2403	3.27E+01
2403.2	3.17E+01
2403.4	3.06E+01
2403.6	2.96E+01
2403.8	2.87E+01
2404	2.79E+01
2404.2	2.71E+01
2404.4	2.63E+01
2404.6	2.55E+01
2404.8	2.47E+01
2405	2.39E+01
2405.2	2.32E+01
2405.4	2.24E+01
2405.6	2.18E+01
2405.8	2.12E+01
2406	2.07E+01
2406.2	2.02E+01
2406.4	1.97E+01
2406.6	1.91E+01
2406.8	1.84E+01
2407	1.77E+01
2407.2	1.70E+01
2407.4	1.64E+01
2407.6	1.58E+01
2407.8	1.54E+01
2408	1.50E+01
2408.2	1.46E+01
2408.4	1.42E+01
2408.6	1.38E+01
2408.8	1.33E+01
2409	1.29E+01
2409.2	1.25E+01
2409.4	1.22E+01
2409.6	1.18E+01
2409.8	1.15E+01
2410	1.12E+01
2410.2	1.08E+01
2410.4	1.05E+01
2410.6	1.02E+01
2410.8	9.98E+00
2411	9.73E+00
2411.2	9.46E+00
2411.4	9.18E+00
2411.6	8.88E+00
2411.8	8.55E+00
2412	8.22E+00
2412.2	7.91E+00
2412.4	7.64E+00
2412.6	7.42E+00
2412.8	7.23E+00
2413	7.04E+00
2413.2	6.84E+00
2413.4	6.63E+00
2413.6	6.42E+00
2413.8	6.25E+00
2414	6.10E+00
2414.2	5.98E+00
2414.4	5.84E+00
2414.6	5.69E+00
2414.8	5.55E+00
2415	5.44E+00
2415.2	5.37E+00
2415.4	5.34E+00
2415.6	5.32E+00
2415.8	5.26E+00
2416	5.15E+00
2416.2	4.98E+00
2416.4	4.77E+00
2416.6	4.56E+00
2416.8	4.39E+00
2417	4.25E+00
2417.2	4.12E+00
2417.4	4.00E+00
2417.6	3.87E+00
2417.8	3.74E+00
2418	3.63E+00
2418.2	3.54E+00
2418.4	3.49E+00
2418.6	3.47E+00
2418.8	3.45E+00
2419	3.43E+00
2419.2	3.38E+00
2419.4	3.32E+00
2419.6	3.28E+00
2419.8	3.26E+00
2420	3.25E+00
2420.2	3.22E+00
2420.4	3.13E+00
2420.6	2.98E+00
2420.8	2.80E+00
2421	2.64E+00
2421.2	2.52E+00
2421.4	2.44E+00
2421.6	2.40E+00
2421.8	2.37E+00
2422	2.32E+00
2422.2	2.25E+00
2422.4	2.17E+00
2422.6	2.11E+00
2422.8	2.08E+00
2423	2.07E+00
2423.2	2.04E+00
2423.4	1.96E+00
2423.6	1.84E+00
2423.8	1.73E+00
2424	1.70E+00
2424.2	1.73E+00
2424.4	1.79E+00
2424.6	1.82E+00
2424.8	1.80E+00
2425	1.76E+00
2425.2	1.72E+00
2425.4	1.70E+00
2425.6	1.68E+00
2425.8	1.66E+00
2426	1.61E+00
2426.2	1.53E+00
2426.4	1.45E+00
2426.6	1.39E+00
2426.8	1.35E+00
2427	1.36E+00
2427.2	1.39E+00
2427.4	1.42E+00
2427.6	1.43E+00
2427.8	1.41E+00
2428	1.35E+00
2428.2	1.27E+00
2428.4	1.21E+00
2428.6	1.16E+00
2428.8	1.13E+00
2429	1.09E+00
2429.2	1.03E+00
2429.4	9.56E-01
2429.6	8.92E-01
2429.8	8.68E-01
2430	9.06E-01
2430.2	9.96E-01
2430.4	1.10E+00
2430.6	1.17E+00
2430.8	1.18E+00
2431	1.15E+00
2431.2	1.11E+00
2431.4	1.08E+00
2431.6	1.07E+00
2431.8	1.05E+00
2432	1.00E+00
2432.2	9.35E-01
2432.4	8.61E-01
2432.6	8.10E-01
2432.8	7.91E-01
2433	7.88E-01
2433.2	7.78E-01
2433.4	7.48E-01
2433.6	7.05E-01
2433.8	6.69E-01
2434	6.59E-01
2434.2	6.83E-01
2434.4	7.37E-01
2434.6	8.06E-01
2434.8	8.74E-01
2435	9.18E-01
2435.2	9.21E-01
2435.4	8.78E-01
2435.6	8.13E-01
2435.8	7.68E-01
2436	7.72E-01
2436.2	8.09E-01
2436.4	8.32E-01
2436.6	8.00E-01
2436.8	7.15E-01
2437	6.09E-01
2437.2	5.15E-01
2437.4	4.47E-01
2437.6	4.07E-01
2437.8	3.98E-01
2438	4.13E-01
2438.2	4.29E-01
2438.4	4.22E-01
2438.6	3.83E-01
2438.8	3.29E-01
2439	2.86E-01
2439.2	2.71E-01
2439.4	2.92E-01
2439.6	3.48E-01
2439.8	4.36E-01
2440	5.44E-01
2440.2	6.51E-01
2440.4	7.25E-01
2440.6	7.40E-01
2440.8	6.90E-01
2441	5.96E-01
2441.2	4.97E-01
2441.4	4.21E-01
2441.6	3.73E-01
2441.8	3.45E-01
2442	3.41E-01
2442.2	3.68E-01
2442.4	4.26E-01
2442.6	4.90E-01
2442.8	5.34E-01
2443	5.47E-01
2443.2	5.41E-01
2443.4	5.26E-01
2443.6	5.02E-01
2443.8	4.61E-01
2444	4.05E-01
2444.2	3.51E-01
2444.4	3.22E-01
2444.6	3.31E-01
2444.8	3.74E-01
2445	4.34E-01
2445.2	4.89E-01
2445.4	5.28E-01
2445.6	5.50E-01
2445.8	5.56E-01
2446	5.44E-01
2446.2	5.13E-01
2446.4	4.64E-01
2446.6	4.09E-01
2446.8	3.56E-01
2447	3.08E-01
2447.2	2.60E-01
2447.4	2.04E-01
2447.6	1.43E-01
2447.8	9.20E-02
2448	7.18E-02
2448.2	9.18E-02
2448.4	1.41E-01
2448.6	1.91E-01
2448.8	2.17E-01
2449	2.05E-01
2449.2	1.66E-01
2449.4	1.25E-01
2449.6	1.12E-01
2449.8	1.44E-01
2450	2.12E-01
2450.2	2.82E-01
2450.4	3.21E-01
2450.6	3.24E-01
2450.8	3.23E-01
2451	3.55E-01
2451.2	4.33E-01
2451.4	5.28E-01
2451.6	5.95E-01
2451.8	6.03E-01
2452	5.52E-01
2452.2	4.73E-01
2452.4	4.08E-01
2452.6	3.91E-01
2452.8	4.29E-01
2453	5.04E-01
2453.2	5.86E-01
2453.4	6.44E-01
2453.6	6.58E-01
2453.8	6.22E-01
2454	5.37E-01
2454.2	4.16E-01
2454.4	2.82E-01
2454.6	1.67E-01
2454.8	9.98E-02
2455	9.14E-02
2455.2	1.34E-01
2455.4	2.05E-01
2455.6	2.81E-01
2455.8	3.50E-01
2456	4.09E-01
2456.2	4.53E-01
2456.4	4.70E-01
2456.6	4.46E-01
2456.8	3.84E-01
2457	3.13E-01
2457.2	2.75E-01
2457.4	2.97E-01
2457.6	3.72E-01
2457.8	4.69E-01
2458	5.50E-01
2458.2	5.91E-01
2458.4	5.82E-01
2458.6	5.29E-01
2458.8	4.50E-01
2459	3.66E-01
2459.2	2.88E-01
2459.4	2.16E-01
2459.6	1.49E-01
2459.8	9.43E-02
2460	6.85E-02
2460.2	7.86E-02
2460.4	1.10E-01
2460.6	1.35E-01
2460.8	1.32E-01
2461	1.03E-01
2461.2	6.89E-02
2461.4	5.42E-02
2461.6	7.14E-02
2461.8	1.15E-01
2462	1.66E-01
2462.2	2.05E-01
2462.4	2.27E-01
2462.6	2.44E-01
2462.8	2.77E-01
2463	3.37E-01
2463.2	4.12E-01
2463.4	4.75E-01
2463.6	4.97E-01
2463.8	4.75E-01
2464	4.23E-01
2464.2	3.65E-01
2464.4	3.11E-01
2464.6	2.55E-01
2464.8	1.78E-01
2465	7.67E-02
2465.2	-3.04E-02
2465.4	-1.10E-01
2465.6	-1.41E-01
2465.8	-1.27E-01
2466	-9.58E-02
2466.2	-7.79E-02
2466.4	-8.73E-02
2466.6	-1.17E-01
2466.8	-1.48E-01
2467	-1.68E-01
2467.2	-1.73E-01
2467.4	-1.65E-01
2467.6	-1.49E-01
2467.8	-1.23E-01
2468	-8.28E-02
2468.2	-2.83E-02
2468.4	3.23E-02
2468.6	8.64E-02
2468.8	1.21E-01
2469	1.26E-01
2469.2	9.55E-02
2469.4	2.15E-02
2469.6	-8.89E-02
2469.8	-2.04E-01
2470	-2.68E-01
2470.2	-2.37E-01
2470.4	-1.17E-01
2470.6	2.58E-02
2470.8	1.04E-01
2471	6.98E-02
2471.2	-5.62E-02
2471.4	-1.97E-01
2471.6	-2.75E-01
2471.8	-2.60E-01
2472	-1.83E-01
2472.2	-1.02E-01
2472.4	-6.16E-02
2472.6	-5.81E-02
2472.8	-5.52E-02
2473	-1.83E-02
2473.2	5.58E-02
2473.4	1.41E-01
2473.6	2.00E-01
2473.8	2.17E-01
2474	2.03E-01
2474.2	1.86E-01
2474.4	1.86E-01
2474.6	1.95E-01
2474.8	1.79E-01
2475	1.16E-01
2475.2	1.41E-02
2475.4	-8.19E-02
2475.6	-1.33E-01
2475.8	-1.33E-01
2476	-1.17E-01
2476.2	-1.22E-01
2476.4	-1.67E-01
2476.6	-2.38E-01
2476.8	-3.13E-01
2477	-3.71E-01
2477.2	-4.03E-01
2477.4	-4.06E-01
2477.6	-3.73E-01
2477.8	-2.97E-01
2478	-1.79E-01
2478.2	-3.33E-02
2478.4	1.14E-01
2478.6	2.41E-01
2478.8	3.34E-01
2479	3.74E-01
2479.2	3.40E-01
2479.4	2.25E-01
2479.6	6.73E-02
2479.8	-6.60E-02
2480	-1.10E-01
2480.2	-5.04E-02
2480.4	8.18E-02
2480.6	2.32E-01
2480.8	3.60E-01
2481	4.46E-01
2481.2	4.92E-01
2481.4	5.07E-01
2481.6	4.98E-01
2481.8	4.64E-01
2482	3.95E-01
2482.2	2.86E-01
2482.4	1.40E-01
2482.6	-1.70E-02
2482.8	-1.46E-01
2483	-2.03E-01
2483.2	-1.68E-01
2483.4	-5.60E-02
2483.6	8.26E-02
2483.8	1.91E-01
2484	2.31E-01
2484.2	2.04E-01
2484.4	1.41E-01
2484.6	7.72E-02
2484.8	3.19E-02
2485	2.57E-03
2485.2	-2.64E-02
2485.4	-6.79E-02
2485.6	-1.24E-01
2485.8	-1.88E-01
2486	-2.50E-01
2486.2	-3.01E-01
2486.4	-3.25E-01
2486.6	-3.09E-01
2486.8	-2.50E-01
2487	-1.62E-01
2487.2	-8.16E-02
2487.4	-4.41E-02
2487.6	-6.87E-02
2487.8	-1.41E-01
2488	-2.25E-01
2488.2	-2.76E-01
2488.4	-2.73E-01
2488.6	-2.19E-01
2488.8	-1.35E-01
2489	-4.53E-02
2489.2	3.43E-02
2489.4	9.73E-02
2489.6	1.51E-01
2489.8	2.12E-01
2490	0.00E+00
