3.16	0
3.17	0.0002536
3.18	0.0006585
3.19	0.001214
3.2		0.00177
3.21	0.002422
3.22	0.003074
3.23	0.004022
3.24	0.005266
3.25	0.006511
3.26	0.006982
3.27	0.007453
3.28	0.008159
3.29	0.009101
3.3		0.01004
3.31	0.0124
3.32	0.01475
3.33	0.01858
3.34	0.02389
3.35	0.02919
3.36	0.03765
3.37	0.0461
3.38	0.05865
3.39	0.07529
3.4		0.09193
3.41	0.117
3.42	0.1421
3.43	0.1728
3.44	0.2092
3.45	0.2455
3.46	0.2996
3.47	0.3537
3.48	0.4028
3.49	0.4467
3.5		0.4907
3.51	0.5326
3.52	0.5744
3.53	0.6103
3.54	0.6402
3.55	0.6702
3.56	0.7072
3.57	0.7443
3.58	0.7717
3.59	0.7892
3.6		0.8068
3.61	0.8086
3.62	0.8104
3.63	0.8195
3.64	0.8359
3.65	0.8524
3.66	0.8566
3.67	0.8608
3.68	0.8796
3.69	0.9128
3.7		0.9461
3.71	0.9454
3.72	0.9446
3.73	0.9554
3.74	0.9777
3.75	1
3.76	0.9858
3.77	0.9717
3.78	0.9612
3.79	0.9544
3.8		0.9476
3.81	0.9522
3.82	0.9569
3.83	0.9636
3.84	0.9725
3.85	0.9814
3.86	0.9596
3.87	0.9378
3.88	0.8921
3.89	0.8225
3.9		0.7529
3.91	0.6778
3.92	0.6028
3.93	0.5277
3.94	0.4526
3.95	0.3775
3.96	0.3058
3.97	0.234
3.98	0.1761
3.99	0.1321
4			0.08819
4.01	0.07062
4.02	0.05304
4.03	0.04099
4.04	0.03445
4.05	0.02792
4.06	0.02478
4.07	0.02164
4.08	0.01826
4.09	0.01465
4.1		0.01104
4.11	0.01068
4.12	0.01031
4.13	0.01015
4.14	0.01017
4.15	0.01019
4.16	0.009796
4.17	0.009397
4.18	0.008721
4.19	0.007767
4.2		0.006813
4.21	0.005026
4.22	0.003238
4.23	0.002023
4.24	0.001383
4.25	0.000743
4.26	0.001335
4.27	0.001927
4.28	0.002259
4.29	0.002331
4.3	  0.002403
4.31	0.002114
4.32	0.001824
4.33	0.001804
4.34	0.001851
4.35	0.001998
4.36	0.00195
4.37	0.001901
4.38	0.00198
4.39	0.002185
4.4	  0.00239
4.41	0.002246
4.42	0.002101
4.43	0.001581
4.44	0.0006934
4.45	0.0004171
4.46	0.0007409
4.47	0.0004029
4.48	0.0004029
